   0.000000000000000E+00,   0.000000000000000E+00,   0.000000000000000E+00,
   0.000000000000000E+00,   0.000000000000000E+00,   0.000000000000000E+00,
   0.000000000000000E+00,   0.000000000000000E+00,   0.000000000000000E+00,
   0.000000000000000E+00,   0.000000000000000E+00,   0.000000000000000E+00,
   0.000000000000000E+00,   0.000000000000000E+00,   0.000000000000000E+00,
   0.000000000000000E+00,   0.000000000000000E+00,   0.000000000000000E+00,
   0.000000000000000E+00,   0.000000000000000E+00,   0.000000000000000E+00,
   0.000000000000000E+00,   0.000000000000000E+00,   0.000000000000000E+00,
   0.000000000000000E+00,   0.000000000000000E+00,   0.000000000000000E+00,
   0.101105985420569E-03,  -0.273705928783619E-03,   0.491583764604897E-03,
   0.128886443799880E-03,  -0.125173806440892E-03,  -0.647706965812844E-04,
   0.154689646369804E-03,  -0.405994432736459E-03,  -0.554674879968020E-03,
   0.607842862049290E-04,  -0.409424372941669E-03,   0.205549914036540E-03,
   0.426578616279649E-04,  -0.203388864118775E-03,   0.455050136562440E-04,
   0.192092422464304E-04,  -0.183861506706649E-03,  -0.512656626174141E-04,
   0.128140099535424E-03,  -0.694300898144373E-03,   0.934056028362301E-04,
   0.974041786198331E-04,  -0.405644482110154E-03,  -0.586402540602299E-04,
   0.641528939135216E-04,  -0.550502859307178E-04,  -0.224782122325744E-03,
   0.837297808873316E-04,  -0.683145657259125E-03,   0.371961598219839E-03,
   0.868184502309521E-04,  -0.339715032065160E-03,  -0.201475703435205E-04,
   0.965571640206414E-04,   0.142737302835233E-03,  -0.489475762112446E-03,
  -0.972516203619211E-04,  -0.578627943440872E-03,   0.118947895498839E-02,
   0.717161659494134E-04,  -0.108895362593776E-03,   0.226965310362814E-03,
   0.282705663400605E-03,   0.517838854590825E-03,  -0.902468130390501E-03,
  -0.248149194098034E-03,  -0.107783630396616E-02,   0.213825425646740E-02,
   0.169570643393887E-03,  -0.566074685236853E-03,   0.658203021982606E-03,
   0.679134030844117E-03,   0.107312061413086E-03,  -0.106989290770660E-02,
  -0.519192395987278E-03,  -0.956070975363710E-03,   0.228052316007110E-02,
   0.167035490538380E-03,  -0.492290537989909E-03,   0.491600819973903E-03,
   0.996610560370503E-03,   0.130989264119599E-03,  -0.160300525016606E-02,
  -0.123775573721619E-02,  -0.162229144152259E-03,   0.229329387282862E-02,
   0.149146178738519E-03,   0.922593343766071E-04,   0.616575348287296E-04,
   0.181165031781385E-02,   0.493288161782988E-03,  -0.257430642705398E-02,
  -0.242918361647852E-02,  -0.195240637955783E-03,   0.360019845864232E-02,
  -0.301365347924660E-03,  -0.225878090459002E-03,   0.121937407759537E-02,
   0.224091669019902E-02,  -0.137114696604141E-03,  -0.161349317783989E-02,
  -0.282564243795064E-02,  -0.667788271219161E-05,   0.337509265264502E-02,
  -0.203974846648282E-03,  -0.269596092889790E-03,   0.114904456616208E-02,
   0.294036119650931E-02,  -0.442486655430438E-03,  -0.151822355294436E-02,
  -0.320376857801781E-02,   0.797902128040817E-03,   0.167536095574033E-02,
   0.338477662958758E-03,   0.134711211897856E-03,   0.236176862962845E-03,
   0.462950648597751E-02,  -0.491890147525660E-03,  -0.153929731763154E-02,
  -0.510965328790740E-02,   0.121277634944807E-02,   0.133586243112029E-02,
  -0.813176078884723E-03,   0.281962454248979E-03,   0.106729234988070E-02,
   0.442755712722927E-02,  -0.643815999148080E-03,   0.635490027674257E-03,
  -0.584092082811033E-02,   0.128870570065187E-02,   0.157217413156774E-03,
  -0.940617829890314E-03,   0.273876495455405E-03,   0.699366503087703E-03,
   0.490614208543908E-02,  -0.742946905943814E-03,   0.122994325222029E-02,
  -0.477954629558772E-02,   0.122532055600216E-02,  -0.220623105443632E-02,
   0.380282252105298E-03,   0.305510787347418E-03,   0.201418034191610E-03,
   0.662503880919920E-02,  -0.586750648599948E-03,   0.295870457813249E-02,
  -0.638950944466976E-02,   0.840384576786344E-03,  -0.499410448930628E-02,
  -0.127549833582687E-02,   0.356871446144888E-03,  -0.547457695860860E-03,
   0.501310414300669E-02,  -0.968945724291737E-05,   0.464345979268769E-02,
  -0.603262164272538E-02,   0.425517173406387E-03,  -0.602003892278658E-02,
  -0.115530393516606E-02,   0.393306353450446E-03,  -0.323573596200121E-03,
   0.487004851703703E-02,   0.561066000672544E-03,   0.633371217898138E-02,
  -0.344850196274264E-02,  -0.557120180334741E-03,  -0.697593361672055E-02,
   0.732085105974225E-03,   0.523772592163144E-03,   0.612837161418878E-03,
   0.588951243438523E-02,   0.200010710690316E-02,   0.944510426569694E-02,
  -0.410076125927961E-02,  -0.273709277313000E-02,  -0.106676583395467E-01,
  -0.804130142284362E-03,  -0.286314172556339E-03,  -0.190168827216246E-02,
   0.326496036255045E-02,   0.279914951303482E-02,   0.826468435626496E-02,
  -0.353885093890885E-02,  -0.348385799594950E-02,  -0.107582238791218E-01,
  -0.895581418237756E-03,  -0.138471744105487E-03,  -0.175466005186105E-02,
   0.242546815257434E-02,   0.401367559297237E-02,   0.872786464617602E-02,
  -0.693749479219578E-03,  -0.405081706466205E-02,  -0.789048486693381E-02,
   0.537346823374998E-03,   0.948656462434761E-03,   0.726586345182739E-03,
   0.231521372068949E-02,   0.709931357660284E-02,   0.109326043065706E-01,
   0.394698923052417E-03,  -0.770211104198401E-02,  -0.887642713770471E-02,
   0.117590800190096E-03,  -0.115126235875602E-02,  -0.154451433010518E-02,
   0.236529318191049E-03,   0.687825547679490E-02,   0.733344696927499E-02,
   0.113462106699976E-02,  -0.841703348739780E-02,  -0.795810641753587E-02,
   0.542862750514579E-04,  -0.109534737947450E-02,  -0.171705915012602E-02,
  -0.797633215964614E-03,   0.783575586472889E-02,   0.574124609672873E-02,
   0.179613057707734E-02,  -0.733042783163757E-02,  -0.375552326191004E-02,
   0.348758805326262E-03,   0.965006269044001E-03,   0.147447982559443E-03,
  -0.112730200517082E-02,   0.109718219953554E-01,   0.421208503999308E-02,
   0.615104868609564E-03,  -0.102109788460872E-01,  -0.147464631034054E-02,
   0.118386569777357E-03,  -0.138670864609639E-02,  -0.144318648551463E-04,
  -0.417460784661423E-03,   0.917649105762435E-02,   0.542170280316637E-03,
   0.000000000000000E+00,   0.000000000000000E+00,   0.000000000000000E+00,
   0.000000000000000E+00,   0.000000000000000E+00,   0.000000000000000E+00,
   0.000000000000000E+00,   0.000000000000000E+00,   0.000000000000000E+00,
   0.000000000000000E+00,   0.000000000000000E+00,   0.000000000000000E+00,
   0.000000000000000E+00,   0.000000000000000E+00,   0.000000000000000E+00,
   0.000000000000000E+00,   0.000000000000000E+00,   0.000000000000000E+00,
   0.000000000000000E+00,   0.000000000000000E+00,   0.000000000000000E+00,
   0.000000000000000E+00,   0.000000000000000E+00,   0.000000000000000E+00,
   0.000000000000000E+00,   0.000000000000000E+00,   0.000000000000000E+00,
   0.203301312384274E-03,  -0.547656885090897E-03,   0.981361077663417E-03,
   0.260112323000578E-03,  -0.256513391513814E-03,  -0.127662165131229E-03,
   0.312849490048422E-03,  -0.809496641347184E-03,  -0.110140192392532E-02,
   0.120269193510089E-03,  -0.814470076480681E-03,   0.418804118446733E-03,
   0.827690867645781E-04,  -0.405637398745806E-03,   0.878943912988872E-04,
   0.344248048434869E-04,  -0.369664469865668E-03,  -0.115416247327626E-03,
   0.255487089857270E-03,  -0.138286306642946E-02,   0.183294616731606E-03,
   0.193243293335038E-03,  -0.801670834516776E-03,  -0.123586811152526E-03,
   0.126257733392208E-03,  -0.110724660395448E-03,  -0.454622231976481E-03,
   0.168121710380192E-03,  -0.136879313313915E-02,   0.729086267621692E-03,
   0.174660593590559E-03,  -0.671964984585629E-03,  -0.426849196630899E-04,
   0.194968494140820E-03,   0.290467866068666E-03,  -0.964355299046241E-03,
  -0.191764505145721E-03,  -0.117469096427413E-02,   0.237012908018017E-02,
   0.146766015844124E-03,  -0.226715794684282E-03,   0.466060317281341E-03,
   0.569328174978510E-03,   0.104080431656638E-02,  -0.177545300785273E-02,
  -0.492261994176357E-03,  -0.216490836702975E-02,   0.430085450236910E-02,
   0.342377765989857E-03,  -0.115655187045367E-02,   0.134231763046855E-02,
   0.135989210010769E-02,   0.195046704482359E-03,  -0.212962410295325E-02,
  -0.104289683533878E-02,  -0.188908348828492E-02,   0.460128838739990E-02,
   0.331980289051299E-03,  -0.992981684247017E-03,   0.995015227994799E-03,
   0.199485312753899E-02,   0.237106014335759E-03,  -0.324026646598300E-02,
  -0.250431820552229E-02,  -0.279647866992448E-03,   0.459746722652941E-02,
   0.292089186994600E-03,   0.214352173061119E-03,   0.751758875875974E-04,
   0.365058901771173E-02,   0.993561895424592E-03,  -0.525084983463740E-02,
  -0.491030134595607E-02,  -0.434882525270630E-03,   0.716128066585865E-02,
  -0.607072572208468E-03,  -0.439155174981537E-03,   0.235426799124926E-02,
   0.454675321696742E-02,  -0.225133943639332E-03,  -0.332087076602858E-02,
  -0.556749331786295E-02,  -0.185384286288767E-03,   0.668357652256735E-02,
  -0.389475558636000E-03,  -0.595046769740664E-03,   0.226235845947027E-02,
   0.582064141394812E-02,  -0.844449643831024E-03,  -0.297938737055594E-02,
  -0.590100793602336E-02,   0.122052724313039E-02,   0.288336559960086E-02,
   0.683169527182415E-03,   0.106038188572798E-03,   0.107639729951261E-03,
   0.861743977684592E-02,  -0.946490024449675E-03,  -0.325275389512711E-02,
  -0.918401968070438E-02,   0.196285095459355E-02,   0.128614464655767E-02,
  -0.150004531726206E-02,   0.406055433524295E-03,   0.688846775397197E-03,
   0.779582033671423E-02,  -0.114313158282411E-02,  -0.162534572887777E-03,
  -0.897531866438843E-02,   0.204810016642597E-02,  -0.877372204071199E-03,
  -0.143751203489611E-02,   0.433324013406393E-03,  -0.229516791202370E-03,
   0.766340718901338E-02,  -0.117853818714483E-02,   0.553663934478236E-03,
  -0.661082654213868E-02,   0.168165299666088E-02,  -0.319697402947969E-02,
   0.583298846729767E-03,   0.373901390131662E-03,  -0.971971302200954E-05,
   0.930589962239169E-02,  -0.880461368909726E-03,   0.374889083480395E-02,
  -0.773600495429946E-02,   0.745185004817854E-03,  -0.691412796069558E-02,
  -0.128222242623640E-02,   0.124100261555092E-03,  -0.133827990429894E-02,
   0.659903990324588E-02,  -0.327942935852517E-03,   0.522002879739293E-02,
  -0.712028472789978E-02,   0.239764816665634E-03,  -0.799261651601833E-02,
  -0.124425441246730E-02,   0.184125106542710E-03,  -0.119809478759901E-02,
   0.595217640254792E-02,   0.391585403931368E-03,   0.677525732714765E-02,
  -0.395570618476423E-02,  -0.607839176473148E-03,  -0.786949867482477E-02,
   0.762416084378729E-03,   0.529252549523071E-03,   0.488503524635818E-03,
   0.654735372386741E-02,   0.212566792032333E-02,   0.102465381215178E-01,
  -0.400834577016937E-02,  -0.313141398041525E-02,  -0.111011419739698E-01,
  -0.583918909959508E-03,  -0.621209172222855E-03,  -0.203640418510659E-02,
   0.362924322882070E-02,   0.257469776128974E-02,   0.849957596169312E-02,
  -0.332022721815752E-02,  -0.388760920929860E-02,  -0.110582138152110E-01,
  -0.673083261078328E-03,  -0.543761650449076E-03,  -0.202223325586988E-02,
   0.264027995604495E-02,   0.363648963165846E-02,   0.850701165024822E-02,
  -0.695462882614098E-03,  -0.401235929216854E-02,  -0.782496058382506E-02,
   0.513696495203814E-03,   0.759127978272578E-03,   0.482669608713030E-03,
   0.223428258064985E-02,   0.664838091561796E-02,   0.103033374926323E-01,
   0.426485390310675E-03,  -0.729481434362822E-02,  -0.813713966248697E-02,
   0.180983015274022E-03,  -0.126203277662013E-02,  -0.135480456899918E-02,
   0.286627303242442E-03,   0.614207079854575E-02,   0.682536608016584E-02,
   0.113045083949493E-02,  -0.791824774621862E-02,  -0.716461418535292E-02,
   0.158741466990241E-03,  -0.127167482282237E-02,  -0.149037254984918E-02,
  -0.614276653057198E-03,   0.684256802726879E-02,   0.526609104218480E-02,
   0.164296171163281E-02,  -0.674828506160183E-02,  -0.343486099383084E-02,
   0.358906745278165E-03,   0.659386845700440E-03,   0.784855731876658E-04,
  -0.951316690258026E-03,   0.959863255641997E-02,   0.373384465556982E-02,
   0.551924354610457E-03,  -0.915936525394833E-02,  -0.128605710278699E-02,
   0.112922247203096E-03,  -0.139254028296642E-02,   0.240116932006900E-04,
  -0.360634991778786E-03,   0.790287526006641E-02,   0.535810242679977E-03,
   0.000000000000000E+00,   0.000000000000000E+00,   0.000000000000000E+00,
   0.000000000000000E+00,   0.000000000000000E+00,   0.000000000000000E+00,
   0.000000000000000E+00,   0.000000000000000E+00,   0.000000000000000E+00,
   0.000000000000000E+00,   0.000000000000000E+00,   0.000000000000000E+00,
   0.000000000000000E+00,   0.000000000000000E+00,   0.000000000000000E+00,
   0.000000000000000E+00,   0.000000000000000E+00,   0.000000000000000E+00,
   0.000000000000000E+00,   0.000000000000000E+00,   0.000000000000000E+00,
   0.000000000000000E+00,   0.000000000000000E+00,   0.000000000000000E+00,
   0.000000000000000E+00,   0.000000000000000E+00,   0.000000000000000E+00,
   0.305496639348313E-03,  -0.821607841398106E-03,   0.147113839072202E-02,
   0.391338202201275E-03,  -0.387852976586684E-03,  -0.190553633680757E-03,
   0.471009333726798E-03,  -0.121299884995768E-02,  -0.164812896788221E-02,
   0.179754100815319E-03,  -0.121951578001966E-02,   0.632058322857024E-03,
   0.122880311901226E-03,  -0.607885933372810E-03,   0.130283768941725E-03,
   0.496403674405763E-04,  -0.555467433024583E-03,  -0.179566832037776E-03,
   0.382834080179107E-03,  -0.207142523471455E-02,   0.273183630626964E-03,
   0.289082408050288E-03,  -0.119769718692339E-02,  -0.188533368244869E-03,
   0.188362572871017E-03,  -0.166399034860187E-03,  -0.684462341627203E-03,
   0.252513639873067E-03,  -0.205444060901919E-02,   0.108621093702344E-02,
   0.262502736950228E-03,  -0.100421493710608E-02,  -0.652222689827286E-04,
   0.293379824261114E-03,   0.438198429302102E-03,  -0.143923483597998E-02,
  -0.286277389929562E-03,  -0.177075398510743E-02,   0.355077920537192E-02,
   0.221815865738849E-03,  -0.344536226774735E-03,   0.705155324199867E-03,
   0.855950686556453E-03,   0.156376977854205E-02,  -0.264843788531488E-02,
  -0.736374794254731E-03,  -0.325198043009338E-02,   0.646345474827080E-02,
   0.515184888585811E-03,  -0.174702905567045E-02,   0.202643223895454E-02,
   0.204065016937126E-02,   0.282781347551798E-03,  -0.318935529819980E-02,
  -0.156660127469028E-02,  -0.282209600120617E-02,   0.692205361472881E-02,
   0.496925087564208E-03,  -0.149367283050408E-02,   0.149842963601577E-02,
   0.299309569470748E-02,   0.343222764552081E-03,  -0.487752768179986E-02,
  -0.377088067382839E-02,  -0.397066589832694E-03,   0.690164058023028E-02,
   0.435032195250683E-03,   0.336445011745666E-03,   0.886942403465398E-04,
   0.548952771760962E-02,   0.149383562906634E-02,  -0.792739324222075E-02,
  -0.739141907543362E-02,  -0.674524412585592E-03,   0.107223628730750E-01,
  -0.912779796492288E-03,  -0.652432259504071E-03,   0.348916190490318E-02,
   0.685258974373581E-02,  -0.313153190674393E-03,  -0.502824835421724E-02,
  -0.830934419777526E-02,  -0.364090689865492E-03,   0.999206039248972E-02,
  -0.574976270623725E-03,  -0.920497446591569E-03,   0.337567235277849E-02,
   0.870092163138693E-02,  -0.124641263223151E-02,  -0.444055118816751E-02,
  -0.859824729402889E-02,   0.164315235821981E-02,   0.409137024346139E-02,
   0.102786139140609E-02,   0.773651652476760E-04,  -0.208974030603028E-04,
   0.126053730677144E-01,  -0.140108990137366E-02,  -0.496621047262268E-02,
  -0.132583860735013E-01,   0.271292555973899E-02,   0.123642686199505E-02,
  -0.218691455563936E-02,   0.530148412799560E-03,   0.310401200913710E-03,
   0.111640835461992E-01,  -0.164244716650020E-02,  -0.960559173449835E-03,
  -0.121097165006666E-01,   0.280749463220005E-02,  -0.191196182129914E-02,
  -0.193440623990195E-02,   0.592771531357349E-03,  -0.115840008549245E-02,
   0.104206722925877E-01,  -0.161412946834591E-02,  -0.122615383263804E-03,
  -0.844210678868966E-02,   0.213798543731956E-02,  -0.418771700452308E-02,
   0.786315441354226E-03,   0.442291992915880E-03,  -0.220857460235634E-03,
   0.119867604355842E-01,  -0.117417208921952E-02,   0.453907709147541E-02,
  -0.908250046392915E-02,   0.649985432849343E-03,  -0.883415143208492E-02,
  -0.128894651664593E-02,  -0.108670923034708E-03,  -0.212910211273704E-02,
   0.818497566348511E-02,  -0.646196414462103E-03,   0.579659780209815E-02,
  -0.820794781307418E-02,   0.540124599248803E-04,  -0.996519410925014E-02,
  -0.133320488976852E-02,  -0.250561403650137E-04,  -0.207261597899792E-02,
   0.703430428805883E-02,   0.222104807190217E-03,   0.721680247531391E-02,
  -0.446291040678581E-02,  -0.658558172611539E-03,  -0.876306373292902E-02,
   0.792747062783248E-03,   0.534732506883021E-03,   0.364169887852726E-03,
   0.720519501334961E-02,   0.225122873374352E-02,   0.110479719773386E-01,
  -0.391593028105911E-02,  -0.352573518770049E-02,  -0.115346256083929E-01,
  -0.363707677634640E-03,  -0.956104171889361E-03,  -0.217112009805075E-02,
   0.399352609509097E-02,   0.235024600954467E-02,   0.873446756712126E-02,
  -0.310160349740616E-02,  -0.429136042264771E-02,  -0.113582037513003E-01,
  -0.450585103918892E-03,  -0.949051556792666E-03,  -0.228980645987871E-02,
   0.285509175951558E-02,   0.325930367034455E-02,   0.828615865432040E-02,
  -0.697176286008602E-03,  -0.397390151967505E-02,  -0.775943630071630E-02,
   0.490046167032632E-03,   0.569599494110389E-03,   0.238752872243335E-03,
   0.215335144061020E-02,   0.619744825463309E-02,   0.967407067869405E-02,
   0.458271857568946E-03,  -0.688751764527244E-02,  -0.739785218726921E-02,
   0.244375230357950E-03,  -0.137280319448425E-02,  -0.116509480789316E-02,
   0.336725288293821E-03,   0.540588612029661E-02,   0.631728519105668E-02,
   0.112628061199010E-02,  -0.741946200503944E-02,  -0.637112195316997E-02,
   0.263196658929026E-03,  -0.144800226617024E-02,  -0.126368594957233E-02,
  -0.430920090149787E-03,   0.584938018980869E-02,   0.479093598764086E-02,
   0.148979284618829E-02,  -0.616614229156609E-02,  -0.311419872575165E-02,
   0.369054685230073E-03,   0.353767422356880E-03,   0.952316381588741E-05,
  -0.775331375345227E-03,   0.822544311748454E-02,   0.325560427114655E-02,
   0.488743840611349E-03,  -0.810775166180946E-02,  -0.109746789523343E-02,
   0.107457924628837E-03,  -0.139837191983646E-02,   0.624552512565285E-04,
  -0.303809198896146E-03,   0.662925946250846E-02,   0.529450205043324E-03,
   0.000000000000000E+00,   0.000000000000000E+00,   0.000000000000000E+00,
   0.000000000000000E+00,   0.000000000000000E+00,   0.000000000000000E+00,
   0.000000000000000E+00,   0.000000000000000E+00,   0.000000000000000E+00,
   0.000000000000000E+00,   0.000000000000000E+00,   0.000000000000000E+00,
   0.000000000000000E+00,   0.000000000000000E+00,   0.000000000000000E+00,
   0.000000000000000E+00,   0.000000000000000E+00,   0.000000000000000E+00,
   0.000000000000000E+00,   0.000000000000000E+00,   0.000000000000000E+00,
   0.000000000000000E+00,   0.000000000000000E+00,   0.000000000000000E+00,
   0.000000000000000E+00,   0.000000000000000E+00,   0.000000000000000E+00,
   0.407691966312074E-03,  -0.109555879770531E-02,   0.196091570378057E-02,
   0.522564081401916E-03,  -0.519192561659533E-03,  -0.253445102230368E-03,
   0.629169177405277E-03,  -0.161650105856820E-02,  -0.219485601183905E-02,
   0.239239008120506E-03,  -0.162456148355866E-02,   0.845312527267258E-03,
   0.162991537037832E-03,  -0.810134467999813E-03,   0.172673146584527E-03,
   0.648559300376259E-04,  -0.741270396183482E-03,  -0.243717416747882E-03,
   0.510181070500980E-03,  -0.275998740299964E-02,   0.363072644522255E-03,
   0.384921522765559E-03,  -0.159372353933002E-02,  -0.253479925337194E-03,
   0.250467412349822E-03,  -0.222073409324915E-03,  -0.914302451277928E-03,
   0.336905569365983E-03,  -0.274008808489924E-02,   0.144333560642515E-02,
   0.350344880309897E-03,  -0.133646488962655E-02,  -0.877596183023049E-04,
   0.391791154381383E-03,   0.585928992535561E-03,  -0.191411437291370E-02,
  -0.380790274713362E-03,  -0.236681700594071E-02,   0.473142933056364E-02,
   0.296865715633581E-03,  -0.462356658865205E-03,   0.944250331118394E-03,
   0.114257319813437E-02,   0.208673524051772E-02,  -0.352142276277707E-02,
  -0.980487594333080E-03,  -0.433905249315701E-02,   0.862605499417246E-02,
   0.687992011181778E-03,  -0.233750624088722E-02,   0.271054684744052E-02,
   0.272140823863483E-02,   0.370515990621229E-03,  -0.424908649344633E-02,
  -0.209030571404178E-02,  -0.375510851412740E-02,   0.924281884205762E-02,
   0.661869886077120E-03,  -0.199436397676113E-02,   0.200184404403670E-02,
   0.399133826187596E-02,   0.449339514768413E-03,  -0.651478889761667E-02,
  -0.503744314213448E-02,  -0.514485312672944E-03,   0.920581393393113E-02,
   0.577975203506769E-03,   0.458537850430232E-03,   0.102212593105474E-03,
   0.732846641750748E-02,   0.199410936270811E-02,  -0.106039366498041E-01,
  -0.987253680491116E-02,  -0.914166299900547E-03,   0.142834450802914E-01,
  -0.121848702077610E-02,  -0.865709344026595E-03,   0.462405581855712E-02,
   0.915842627050420E-02,  -0.401172437709433E-03,  -0.673562594240590E-02,
  -0.110511950776876E-01,  -0.542797093442217E-03,   0.133005442624121E-01,
  -0.760476982611446E-03,  -0.124594812344247E-02,   0.448898624608672E-02,
   0.115812018488257E-01,  -0.164837562063199E-02,  -0.590171500577911E-02,
  -0.112954866520344E-01,   0.206577747330924E-02,   0.529937488732192E-02,
   0.137255325562977E-02,   0.486921419225565E-04,  -0.149434536071865E-03,
   0.165933063585828E-01,  -0.185568977829765E-02,  -0.667966705011825E-02,
  -0.173327524662982E-01,   0.346300016488441E-02,   0.118670907743244E-02,
  -0.287378379401665E-02,   0.654241392074827E-03,  -0.680443735697768E-04,
   0.145323467556842E-01,  -0.214176275017629E-02,  -0.175858377401188E-02,
  -0.152441143369447E-01,   0.356688909797413E-02,  -0.294655143852710E-02,
  -0.243130044490779E-02,   0.752219049308304E-03,  -0.208728337978253E-02,
   0.131779373961619E-01,  -0.204972074954699E-02,  -0.798894701005843E-03,
  -0.102733870352406E-01,   0.259431787797826E-02,  -0.517845997956647E-02,
   0.989332035978690E-03,   0.510682595700104E-03,  -0.431995207449264E-03,
   0.146676212487767E-01,  -0.146788280952931E-02,   0.532926334814689E-02,
  -0.104289959735589E-01,   0.554785860880841E-03,  -0.107541749034743E-01,
  -0.129567060705545E-02,  -0.341442107624503E-03,  -0.291992432117514E-02,
   0.977091142372434E-02,  -0.964449893071688E-03,   0.637316680680338E-02,
  -0.929561089824859E-02,  -0.131739896815863E-03,  -0.119377717024819E-01,
  -0.142215536706973E-02,  -0.234237387272730E-03,  -0.294713717039683E-02,
   0.811643217356976E-02,   0.526242104490716E-04,   0.765834762348017E-02,
  -0.497011462880740E-02,  -0.709277168749929E-03,  -0.965662879103329E-02,
   0.823078041187773E-03,   0.540212464242977E-03,   0.239836251069639E-03,
   0.786303630283182E-02,   0.237678954716372E-02,   0.118494058331595E-01,
  -0.382351479194885E-02,  -0.392005639498574E-02,  -0.119681092428160E-01,
  -0.143496445309770E-03,  -0.129099917155586E-02,  -0.230583601099490E-02,
   0.435780896136125E-02,   0.212579425779961E-02,   0.896935917254941E-02,
  -0.288297977665481E-02,  -0.469511163599682E-02,  -0.116581936873895E-01,
  -0.228086946759453E-03,  -0.135434146313626E-02,  -0.255737966388755E-02,
   0.306990356298621E-02,   0.288211770903064E-02,   0.806530565839259E-02,
  -0.698889689403107E-03,  -0.393544374718155E-02,  -0.769391201760753E-02,
   0.466395838861449E-03,   0.380071009948202E-03,  -0.516386422635994E-05,
   0.207242030057055E-02,   0.574651559364821E-02,   0.904480386475576E-02,
   0.490058324827218E-03,  -0.648022094691666E-02,  -0.665856471205144E-02,
   0.307767445441881E-03,  -0.148357361234836E-02,  -0.975385046787142E-03,
   0.386823273345202E-03,   0.466970144204746E-02,   0.580920430194753E-02,
   0.112211038448529E-02,  -0.692067626386025E-02,  -0.557762972098700E-02,
   0.367651850867813E-03,  -0.162432970951810E-02,  -0.103699934929547E-02,
  -0.247563527242372E-03,   0.485619235234858E-02,   0.431578093309693E-02,
   0.133662398074377E-02,  -0.558399952153034E-02,  -0.279353645767245E-02,
   0.379202625181981E-03,   0.481479990133193E-04,  -0.594392455558876E-04,
  -0.599346060432426E-03,   0.685225367854910E-02,   0.277736388672329E-02,
   0.425563326612240E-03,  -0.705613806967057E-02,  -0.908878687679864E-03,
   0.101993602054578E-03,  -0.140420355670649E-02,   0.100898809312379E-03,
  -0.246983406013505E-03,   0.535564366495050E-02,   0.523090167406683E-03,
   0.000000000000000E+00,   0.000000000000000E+00,   0.000000000000000E+00,
   0.000000000000000E+00,   0.000000000000000E+00,   0.000000000000000E+00,
   0.000000000000000E+00,   0.000000000000000E+00,   0.000000000000000E+00,
   0.000000000000000E+00,   0.000000000000000E+00,   0.000000000000000E+00,
   0.000000000000000E+00,   0.000000000000000E+00,   0.000000000000000E+00,
   0.000000000000000E+00,   0.000000000000000E+00,   0.000000000000000E+00,
   0.000000000000000E+00,   0.000000000000000E+00,   0.000000000000000E+00,
   0.000000000000000E+00,   0.000000000000000E+00,   0.000000000000000E+00,
   0.000000000000000E+00,   0.000000000000000E+00,   0.000000000000000E+00,
   0.509887293276001E-03,  -0.136950975401257E-02,   0.245069301683917E-02,
   0.653789960602530E-03,  -0.650532146732396E-03,  -0.316336570779924E-03,
   0.787329021083659E-03,  -0.202000326717868E-02,  -0.274158305579587E-02,
   0.298723915425708E-03,  -0.202960718709767E-02,   0.105856673167751E-02,
   0.203102762174473E-03,  -0.101238300262682E-02,   0.215062524227323E-03,
   0.800714926346736E-04,  -0.927073359342388E-03,  -0.307868001458007E-03,
   0.637528060822852E-03,  -0.344854957128475E-02,   0.452961658417560E-03,
   0.480760637480801E-03,  -0.198974989173664E-02,  -0.318426482429555E-03,
   0.312572251828526E-03,  -0.277747783789658E-03,  -0.114414256092867E-02,
   0.421297498858858E-03,  -0.342573556077928E-02,   0.180046027582687E-02,
   0.438187023669524E-03,  -0.166871484214701E-02,  -0.110296967621937E-03,
   0.490202484501620E-03,   0.733659555769008E-03,  -0.238899390984742E-02,
  -0.475303159497176E-03,  -0.296288002677402E-02,   0.591207945575534E-02,
   0.371915565528309E-03,  -0.580177090955673E-03,   0.118334533803695E-02,
   0.142919570971228E-02,   0.260970070249338E-02,  -0.439440764023917E-02,
  -0.122460039441144E-02,  -0.542612455622067E-02,   0.107886552400742E-01,
   0.860799133777728E-03,  -0.292798342610400E-02,   0.339466145592651E-02,
   0.340216630789840E-02,   0.458250633690663E-03,  -0.530881768869283E-02,
  -0.261401015339329E-02,  -0.468812102704867E-02,   0.115635840693865E-01,
   0.826814684590022E-03,  -0.249505512301820E-02,   0.250525845205769E-02,
   0.498958082904443E-02,   0.555456264984733E-03,  -0.815205011343350E-02,
  -0.630400561044057E-02,  -0.631904035513203E-03,   0.115099872876320E-01,
   0.720918211762847E-03,   0.580630689114793E-03,   0.115730945864425E-03,
   0.916740511740536E-02,   0.249438309634987E-02,  -0.132804800573874E-01,
  -0.123536545343887E-01,  -0.115380818721552E-02,   0.178445272875078E-01,
  -0.152419424505992E-02,  -0.107898642854913E-02,   0.575894973221105E-02,
   0.114642627972726E-01,  -0.489191684744498E-03,  -0.844300353059456E-02,
  -0.137930459575999E-01,  -0.721503497018945E-03,   0.166090281323345E-01,
  -0.945977694599167E-03,  -0.157139880029337E-02,   0.560230013939495E-02,
   0.144614820662645E-01,  -0.205033860903247E-02,  -0.736287882339068E-02,
  -0.139927260100399E-01,   0.248840258839867E-02,   0.650737953118245E-02,
   0.171724511985344E-02,   0.200191185974344E-04,  -0.277971669083431E-03,
   0.205812396494512E-01,  -0.231028965522164E-02,  -0.839312362761382E-02,
  -0.214071188590952E-01,   0.421307477002985E-02,   0.113699129286979E-02,
  -0.356065303239395E-02,   0.778334371350091E-03,  -0.446489948053277E-03,
   0.179006099651692E-01,  -0.264107833385238E-02,  -0.255660837457393E-02,
  -0.183785121732228E-01,   0.432628356374822E-02,  -0.398114105575506E-02,
  -0.292819464991362E-02,   0.911666567259259E-03,  -0.301616667407259E-02,
   0.159352024997362E-01,  -0.248531203074808E-02,  -0.147517401874788E-02,
  -0.121046672817916E-01,   0.305065031863695E-02,  -0.616920295460988E-02,
   0.119234863060315E-02,   0.579073198484319E-03,  -0.643132954662893E-03,
   0.173484820619692E-01,  -0.176159352983912E-02,   0.611944960481836E-02,
  -0.117754914831886E-01,   0.459586288912332E-03,  -0.126741983748636E-01,
  -0.130239469746497E-02,  -0.574213292214307E-03,  -0.371074652961325E-02,
   0.113568471839636E-01,  -0.128270337168128E-02,   0.694973581150862E-02,
  -0.103832739834230E-01,  -0.317492253556617E-03,  -0.139103492957138E-01,
  -0.151110584437095E-02,  -0.443418634180453E-03,  -0.382165836179575E-02,
   0.919856005908067E-02,  -0.116856386292081E-03,   0.809989277164642E-02,
  -0.547731885082898E-02,  -0.759996164888322E-03,  -0.105501938491375E-01,
   0.853409019592288E-03,   0.545692421602927E-03,   0.115502614286546E-03,
   0.852087759231402E-02,   0.250235036058392E-02,   0.126508396889803E-01,
  -0.373109930283860E-02,  -0.431437760227098E-02,  -0.124015928772391E-01,
   0.767147870150956E-04,  -0.162589417122237E-02,  -0.244055192393906E-02,
   0.472209182763152E-02,   0.190134250605454E-02,   0.920425077797754E-02,
  -0.266435605590346E-02,  -0.509886284934592E-02,  -0.119581836234787E-01,
  -0.558878960001379E-05,  -0.175963136947985E-02,  -0.282495286789639E-02,
   0.328471536645683E-02,   0.250493174771673E-02,   0.784445266246476E-02,
  -0.700603092797609E-03,  -0.389698597468806E-02,  -0.762838773449877E-02,
   0.442745510690267E-03,   0.190542525786011E-03,  -0.249080600696060E-03,
   0.199148916053089E-02,   0.529558293266333E-02,   0.841553705081747E-02,
   0.521844792085487E-03,  -0.607292424856088E-02,  -0.591927723683368E-02,
   0.371159660525807E-03,  -0.159434403021248E-02,  -0.785675285681132E-03,
   0.436921258396580E-03,   0.393351676379832E-02,   0.530112341283836E-02,
   0.111794015698046E-02,  -0.642189052268107E-02,  -0.478413748880405E-02,
   0.472107042806597E-03,  -0.180065715286597E-02,  -0.810312749018624E-03,
  -0.642069643349613E-04,   0.386300451488848E-02,   0.384062587855299E-02,
   0.118345511529924E-02,  -0.500185675149460E-02,  -0.247287418959325E-02,
   0.389350565133889E-03,  -0.257471424330241E-03,  -0.128401654927667E-03,
  -0.423360745519626E-03,   0.547906423961367E-02,   0.229912350230002E-02,
   0.362382812613133E-03,  -0.600452447753170E-02,  -0.720289480126315E-03,
   0.965292794803187E-04,  -0.141003519357653E-02,   0.139342367368213E-03,
  -0.190157613130865E-03,   0.408202786739255E-02,   0.516730129770028E-03,
   0.000000000000000E+00,   0.000000000000000E+00,   0.000000000000000E+00,
   0.000000000000000E+00,   0.000000000000000E+00,   0.000000000000000E+00,
   0.000000000000000E+00,   0.000000000000000E+00,   0.000000000000000E+00,
   0.000000000000000E+00,   0.000000000000000E+00,   0.000000000000000E+00,
   0.000000000000000E+00,   0.000000000000000E+00,   0.000000000000000E+00,
   0.000000000000000E+00,   0.000000000000000E+00,   0.000000000000000E+00,
   0.000000000000000E+00,   0.000000000000000E+00,   0.000000000000000E+00,
   0.000000000000000E+00,   0.000000000000000E+00,   0.000000000000000E+00,
   0.000000000000000E+00,   0.000000000000000E+00,   0.000000000000000E+00,
   0.612082620239873E-03,  -0.164346071031979E-02,   0.294047032989775E-02,
   0.785015839803144E-03,  -0.781871731805262E-03,  -0.379228039329521E-03,
   0.945488864762020E-03,  -0.242350547578920E-02,  -0.328831009975275E-02,
   0.358208822730938E-03,  -0.243465289063664E-02,   0.127182093608783E-02,
   0.243213987311079E-03,  -0.121463153725382E-02,   0.257451901870140E-03,
   0.952870552317665E-04,  -0.111287632250131E-02,  -0.372018586168144E-03,
   0.764875051144720E-03,  -0.413711173956984E-02,   0.542850672312857E-03,
   0.576599752196045E-03,  -0.238577624414326E-02,  -0.383373039521892E-03,
   0.374677091307292E-03,  -0.333422158254397E-03,  -0.137398267057944E-02,
   0.505689428351719E-03,  -0.411138303665932E-02,   0.215758494522862E-02,
   0.526029167029172E-03,  -0.200096479466747E-02,  -0.132834316941527E-03,
   0.588613814621903E-03,   0.881390119002443E-03,  -0.286387344678114E-02,
  -0.569816044281010E-03,  -0.355894304760731E-02,   0.709272958094707E-02,
   0.446965415423037E-03,  -0.697997523046136E-03,   0.142244034495547E-02,
   0.171581822129023E-02,   0.313266616446904E-02,  -0.526739251770129E-02,
  -0.146871319448980E-02,  -0.651319661928430E-02,   0.129512554859758E-01,
   0.103360625637369E-02,  -0.351846061132077E-02,   0.407877606441248E-02,
   0.408292437716199E-02,   0.545985276760110E-03,  -0.636854888393934E-02,
  -0.313771459274480E-02,  -0.562113353996992E-02,   0.138843492967153E-01,
   0.991759483102941E-03,  -0.299574626927524E-02,   0.300867286007862E-02,
   0.598782339621293E-02,   0.661573015201075E-03,  -0.978931132925027E-02,
  -0.757056807874667E-02,  -0.749322758353441E-03,   0.138141606413328E-01,
   0.863861220018928E-03,   0.702723527799356E-03,   0.129249298623358E-03,
   0.110063438173032E-01,   0.299465682999164E-02,  -0.159570234649707E-01,
  -0.148347722638663E-01,  -0.139345007453049E-02,   0.214056094947242E-01,
  -0.182990146934374E-02,  -0.129226351307166E-02,   0.689384364586499E-02,
   0.137700993240410E-01,  -0.577210931779538E-03,  -0.101503811187832E-01,
  -0.165348968375122E-01,  -0.900209900595680E-03,   0.199175120022569E-01,
  -0.113147840658689E-02,  -0.189684947714427E-02,   0.671561403270317E-02,
   0.173417622837033E-01,  -0.245230159743295E-02,  -0.882404264100223E-02,
  -0.166899653680455E-01,   0.291102770348809E-02,   0.771538417504298E-02,
   0.206193698407712E-02,  -0.865390472768422E-05,  -0.406508802094993E-03,
   0.245691729403196E-01,  -0.276488953214562E-02,  -0.101065802051094E-01,
  -0.254814852518921E-01,   0.496314937517528E-02,   0.108727350830716E-02,
  -0.424752227077125E-02,   0.902427350625357E-03,  -0.824935522536752E-03,
   0.212688731746542E-01,  -0.314039391752847E-02,  -0.335463297513598E-02,
  -0.215129100095010E-01,   0.508567802952231E-02,  -0.501573067298302E-02,
  -0.342508885491946E-02,   0.107111408521021E-02,  -0.394504996836267E-02,
   0.186924676033105E-01,  -0.292090331194916E-02,  -0.215145333648992E-02,
  -0.139359475283426E-01,   0.350698275929564E-02,  -0.715994592965327E-02,
   0.139536522522761E-02,   0.647463801268540E-03,  -0.854270701876520E-03,
   0.200293428751617E-01,  -0.205530425014891E-02,   0.690963586148982E-02,
  -0.131219869928182E-01,   0.364386716943828E-03,  -0.145942218462529E-01,
  -0.130911878787450E-02,  -0.806984476804102E-03,  -0.450156873805135E-02,
   0.129427829442028E-01,  -0.160095685029086E-02,   0.752630481621383E-02,
  -0.114709370685974E-01,  -0.503244610297365E-03,  -0.158829268889455E-01,
  -0.160005632167217E-02,  -0.652599881088172E-03,  -0.469617955319466E-02,
   0.102806879445916E-01,  -0.286336983033230E-03,   0.854143791981266E-02,
  -0.598452307285056E-02,  -0.810715161026713E-03,  -0.114437589072418E-01,
   0.883739997996808E-03,   0.551172378962881E-03,  -0.883102249655420E-05,
   0.917871888179620E-02,   0.262791117400411E-02,   0.134522735448011E-01,
  -0.363868381372833E-02,  -0.470869880955621E-02,  -0.128350765116622E-01,
   0.296926019339963E-03,  -0.196078917088887E-02,  -0.257526783688321E-02,
   0.508637469390177E-02,   0.167689075430947E-02,   0.943914238340568E-02,
  -0.244573233515210E-02,  -0.550261406269502E-02,  -0.122581735595679E-01,
   0.216909367559423E-03,  -0.216492127582344E-02,  -0.309252607190523E-02,
   0.349952716992745E-02,   0.212774578640281E-02,   0.762359966653693E-02,
  -0.702316496192114E-03,  -0.385852820219456E-02,  -0.756286345139000E-02,
   0.419095182519083E-03,   0.101404162382085E-05,  -0.492997337165758E-03,
   0.191055802049124E-02,   0.484465027167845E-02,   0.778627023687918E-02,
   0.553631259343755E-03,  -0.566562755020510E-02,  -0.517998976161593E-02,
   0.434551875609732E-03,  -0.170511444807659E-02,  -0.595965524575126E-03,
   0.487019243447956E-03,   0.319733208554918E-02,   0.479304252372920E-02,
   0.111376992947564E-02,  -0.592310478150190E-02,  -0.399064525662111E-02,
   0.576562234745379E-03,  -0.197698459621383E-02,  -0.583626148741782E-03,
   0.119149598572447E-03,   0.286981667742839E-02,   0.336547082400905E-02,
   0.103028624985472E-02,  -0.441971398145886E-02,  -0.215221192151407E-02,
   0.399498505085797E-03,  -0.563090847673802E-03,  -0.197364064299448E-03,
  -0.247375430606829E-03,   0.410587480067826E-02,   0.182088311787676E-02,
   0.299202298614027E-03,  -0.495291088539286E-02,  -0.531700272572775E-03,
   0.910649569060603E-04,  -0.141586683044657E-02,   0.177785925424041E-03,
  -0.133331820248226E-03,   0.280841206983462E-02,   0.510370092133368E-03,
   0.000000000000000E+00,   0.000000000000000E+00,   0.000000000000000E+00,
   0.000000000000000E+00,   0.000000000000000E+00,   0.000000000000000E+00,
   0.000000000000000E+00,   0.000000000000000E+00,   0.000000000000000E+00,
   0.000000000000000E+00,   0.000000000000000E+00,   0.000000000000000E+00,
   0.000000000000000E+00,   0.000000000000000E+00,   0.000000000000000E+00,
   0.000000000000000E+00,   0.000000000000000E+00,   0.000000000000000E+00,
   0.000000000000000E+00,   0.000000000000000E+00,   0.000000000000000E+00,
   0.000000000000000E+00,   0.000000000000000E+00,   0.000000000000000E+00,
   0.000000000000000E+00,   0.000000000000000E+00,   0.000000000000000E+00,
   0.714277947203634E-03,  -0.191741166662701E-02,   0.343024764295630E-02,
   0.916241719003757E-03,  -0.913211316878118E-03,  -0.442119507879118E-03,
   0.110364870844056E-02,  -0.282700768439974E-02,  -0.383503714370958E-02,
   0.417693730036098E-03,  -0.283969859417565E-02,   0.148507514049800E-02,
   0.283325212447706E-03,  -0.141688007188082E-02,   0.299841279512943E-03,
   0.110502617828844E-03,  -0.129867928566021E-02,  -0.436169170878195E-03,
   0.892222041466531E-03,  -0.482567390785495E-02,   0.632739686208154E-03,
   0.672438866911270E-03,  -0.278180259654989E-02,  -0.448319596614271E-03,
   0.436781930786044E-03,  -0.389096532719134E-03,  -0.160382278023013E-02,
   0.590081357844594E-03,  -0.479703051253934E-02,   0.251470961463035E-02,
   0.613871310388807E-03,  -0.233321474718793E-02,  -0.155371666261117E-03,
   0.687025144742153E-03,   0.102912068223589E-02,  -0.333875298371484E-02,
  -0.664328929064824E-03,  -0.415500606844059E-02,   0.827337970613884E-02,
   0.522015265317761E-03,  -0.815817955136608E-03,   0.166153535187401E-02,
   0.200244073286816E-02,   0.365563162644469E-02,  -0.614037739516345E-02,
  -0.171282599456814E-02,  -0.760026868234793E-02,   0.151138557318775E-01,
   0.120641337896966E-02,  -0.410893779653755E-02,   0.476289067289847E-02,
   0.476368244642555E-02,   0.633719919829541E-03,  -0.742828007918589E-02,
  -0.366141903209629E-02,  -0.655414605289117E-02,   0.162051145240442E-01,
   0.115670428161585E-02,  -0.349643741553231E-02,   0.351208726809955E-02,
   0.698606596338140E-02,   0.767689765417385E-03,  -0.114265725450671E-01,
  -0.883713054705275E-02,  -0.866741481193691E-03,   0.161183339950337E-01,
   0.100680422827502E-02,   0.824816366483903E-03,   0.142767651382289E-03,
   0.128452825172011E-01,   0.349493056363339E-02,  -0.186335668725541E-01,
  -0.173158899933438E-01,  -0.163309196184545E-02,   0.249666917019406E-01,
  -0.213560869362755E-02,  -0.150554059759419E-02,   0.802873755951891E-02,
   0.160759358508094E-01,  -0.665230178814590E-03,  -0.118577587069719E-01,
  -0.192767477174245E-01,  -0.107891630417240E-02,   0.232259958721792E-01,
  -0.131697911857461E-02,  -0.222230015399517E-02,   0.782892792601139E-02,
   0.202220425011422E-01,  -0.285426458583343E-02,  -0.102852064586138E-01,
  -0.193872047260510E-01,   0.333365281857752E-02,   0.892338881890352E-02,
   0.240662884830079E-02,  -0.373269280528029E-04,  -0.535045935106546E-03,
   0.285571062311880E-01,  -0.321948940906961E-02,  -0.118200367826049E-01,
  -0.295558516446890E-01,   0.571322398032071E-02,   0.103755572374454E-02,
  -0.493439150914855E-02,   0.102652032990062E-02,  -0.120338109702023E-02,
   0.246371363841391E-01,  -0.363970950120455E-02,  -0.415265757569802E-02,
  -0.246473078457791E-01,   0.584507249529639E-02,  -0.605032029021096E-02,
  -0.392198305992529E-02,   0.123056160316116E-02,  -0.487393326265274E-02,
   0.214497327068847E-01,  -0.335649459315024E-02,  -0.282773265423195E-02,
  -0.157672277748936E-01,   0.396331519995433E-02,  -0.815068890469665E-02,
   0.159838181985207E-02,   0.715854404052760E-03,  -0.106540844909014E-02,
   0.227102036883542E-01,  -0.234901497045870E-02,   0.769982211816129E-02,
  -0.144684825024479E-01,   0.269187144975320E-03,  -0.165142453176423E-01,
  -0.131584287828402E-02,  -0.103975566139390E-02,  -0.529239094648944E-02,
   0.145287187044420E-01,  -0.191921032890045E-02,   0.810287382091907E-02,
  -0.125586001537718E-01,  -0.688996967038117E-03,  -0.178555044821773E-01,
  -0.168900679897339E-02,  -0.861781127995890E-03,  -0.557070074459357E-02,
   0.113628158301025E-01,  -0.455817579774380E-03,   0.898298306797894E-02,
  -0.649172729487215E-02,  -0.861434157165103E-03,  -0.123373239653460E-01,
   0.914070976401332E-03,   0.556652336322835E-03,  -0.133164659279644E-03,
   0.983656017127842E-02,   0.275347198742430E-02,   0.142537074006220E-01,
  -0.354626832461808E-02,  -0.510302001684146E-02,  -0.132685601460853E-01,
   0.517137251664836E-03,  -0.229568417055538E-02,  -0.270998374982737E-02,
   0.545065756017205E-02,   0.145243900256441E-02,   0.967403398883383E-02,
  -0.222710861440076E-02,  -0.590636527604413E-02,  -0.125581634956571E-01,
   0.439407524718863E-03,  -0.257021118216703E-02,  -0.336009927591407E-02,
   0.371433897339808E-02,   0.175055982508891E-02,   0.740274667060912E-02,
  -0.704029899586623E-03,  -0.382007042970107E-02,  -0.749733916828124E-02,
   0.395444854347901E-03,  -0.188514442538365E-03,  -0.736914073635452E-03,
   0.182962688045159E-02,   0.439371761069358E-02,   0.715700342294090E-02,
   0.585417726602026E-03,  -0.525833085184932E-02,  -0.444070228639816E-02,
   0.497944090693662E-03,  -0.181588486594071E-02,  -0.406255763469100E-03,
   0.537117228499339E-03,   0.246114740730003E-02,   0.428496163462006E-02,
   0.110959970197082E-02,  -0.542431904032271E-02,  -0.319715302443814E-02,
   0.681017426684166E-03,  -0.215331203956170E-02,  -0.356939548464923E-03,
   0.302506161479864E-03,   0.187662883996829E-02,   0.289031576946511E-02,
   0.877117384410198E-03,  -0.383757121142311E-02,  -0.183154965343486E-02,
   0.409646445037704E-03,  -0.868710271017361E-03,  -0.266326473671223E-03,
  -0.713901156940283E-04,   0.273268536174282E-02,   0.134264273345350E-02,
   0.236021784614918E-03,  -0.390129729325396E-02,  -0.343111065019202E-03,
   0.856006343318005E-04,  -0.142169846731660E-02,   0.216229483479896E-03,
  -0.765060273655855E-04,   0.153479627227665E-02,   0.504010054496730E-03,
   0.000000000000000E+00,   0.000000000000000E+00,   0.000000000000000E+00,
   0.000000000000000E+00,   0.000000000000000E+00,   0.000000000000000E+00,
   0.000000000000000E+00,   0.000000000000000E+00,   0.000000000000000E+00,
   0.000000000000000E+00,   0.000000000000000E+00,   0.000000000000000E+00,
   0.000000000000000E+00,   0.000000000000000E+00,   0.000000000000000E+00,
   0.000000000000000E+00,   0.000000000000000E+00,   0.000000000000000E+00,
   0.000000000000000E+00,   0.000000000000000E+00,   0.000000000000000E+00,
   0.000000000000000E+00,   0.000000000000000E+00,   0.000000000000000E+00,
   0.000000000000000E+00,   0.000000000000000E+00,   0.000000000000000E+00,
   0.816473274167562E-03,  -0.219136262293423E-02,   0.392002495601490E-02,
   0.104746759820443E-02,  -0.104455090195097E-02,  -0.505010976428688E-03,
   0.126180855211894E-02,  -0.323050989301024E-02,  -0.438176418766643E-02,
   0.477178637341286E-03,  -0.324474429771463E-02,   0.169832934490829E-02,
   0.323436437584347E-03,  -0.161912860650782E-02,   0.342230657155787E-03,
   0.125718180425878E-03,  -0.148448224881912E-02,  -0.500319755588324E-03,
   0.101956903178839E-02,  -0.551423607614005E-02,   0.722628700103446E-03,
   0.768277981626533E-03,  -0.317782894895651E-02,  -0.513266153706662E-03,
   0.498886770264808E-03,  -0.444770907183874E-03,  -0.183366288988088E-02,
   0.674473287337496E-03,  -0.548267798841938E-02,   0.287183428403211E-02,
   0.701713453748448E-03,  -0.266546469970839E-02,  -0.177909015580707E-03,
   0.785436474862445E-03,   0.117685124546935E-02,  -0.381363252064864E-02,
  -0.758841813848658E-03,  -0.475106908927388E-02,   0.945402983133058E-02,
   0.597065115212497E-03,  -0.933638387227072E-03,   0.190063035879254E-02,
   0.228906324444610E-02,   0.417859708842035E-02,  -0.701336227262556E-02,
  -0.195693879464650E-02,  -0.868734074541159E-02,   0.172764559777792E-01,
   0.137922050156562E-02,  -0.469941498175433E-02,   0.544700528138447E-02,
   0.544444051568913E-02,   0.721454562898980E-03,  -0.848801127443238E-02,
  -0.418512347144780E-02,  -0.748715856581242E-02,   0.185258797513731E-01,
   0.132164908012876E-02,  -0.399712856178935E-02,   0.401550167612053E-02,
   0.798430853054987E-02,   0.873806515633737E-03,  -0.130638337608839E-01,
  -0.101036930153589E-01,  -0.984160204033939E-03,   0.184225073487346E-01,
   0.114974723653110E-02,   0.946909205168474E-03,   0.156286004141241E-03,
   0.146842212170990E-01,   0.399520429727517E-02,  -0.213101102801374E-01,
  -0.197970077228214E-01,  -0.187273384916041E-02,   0.285277739091570E-01,
  -0.244131591791137E-02,  -0.171881768211671E-02,   0.916363147317285E-02,
   0.183817723775778E-01,  -0.753249425849632E-03,  -0.135651362951605E-01,
  -0.220185985973368E-01,  -0.125762270774913E-02,   0.265344797421016E-01,
  -0.150247983056233E-02,  -0.254775083084607E-02,   0.894224181931962E-02,
   0.231023227185810E-01,  -0.325622757423392E-02,  -0.117463702762254E-01,
  -0.220844440840565E-01,   0.375627793366695E-02,   0.101313934627641E-01,
   0.275132071252447E-02,  -0.659999513779241E-04,  -0.663583068118105E-03,
   0.325450395220565E-01,  -0.367408928599360E-02,  -0.135334933601005E-01,
  -0.336302180374859E-01,   0.646329858546615E-02,   0.987837939181909E-03,
  -0.562126074752584E-02,   0.115061330917589E-02,  -0.158182667150373E-02,
   0.280053995936241E-01,  -0.413902508488064E-02,  -0.495068217626008E-02,
  -0.277817056820572E-01,   0.660446696107048E-02,  -0.708490990743892E-02,
  -0.441887726493113E-02,   0.139000912111212E-02,  -0.580281655694282E-02,
   0.242069978104590E-01,  -0.379208587435132E-02,  -0.350401197197399E-02,
  -0.175985080214446E-01,   0.441964764061302E-02,  -0.914143187974006E-02,
   0.180139841447653E-02,   0.784245006836982E-03,  -0.127654619630377E-02,
   0.253910645015466E-01,  -0.264272569076849E-02,   0.849000837483276E-02,
  -0.158149780120776E-01,   0.173987573006811E-03,  -0.184342687890316E-01,
  -0.132256696869354E-02,  -0.127252684598370E-02,  -0.608321315492755E-02,
   0.161146544646812E-01,  -0.223746380751003E-02,   0.867944282562430E-02,
  -0.136462632389462E-01,  -0.874749323778866E-03,  -0.198280820754092E-01,
  -0.177795727627460E-02,  -0.107096237490361E-02,  -0.644522193599249E-02,
   0.124449437156134E-01,  -0.625298176515529E-03,   0.942452821614518E-02,
  -0.699893151689373E-02,  -0.912153153303491E-03,  -0.132308890234503E-01,
   0.944401954805848E-03,   0.562132293682785E-03,  -0.257498296062735E-03,
   0.104944014607606E-01,   0.287903280084450E-02,   0.150551412564428E-01,
  -0.345385283550782E-02,  -0.549734122412669E-02,  -0.137020437805084E-01,
   0.737348483989699E-03,  -0.263057917022188E-02,  -0.284469966277152E-02,
   0.581494042644231E-02,   0.122798725081934E-02,   0.990892559426196E-02,
  -0.200848489364940E-02,  -0.631011648939323E-02,  -0.128581534317464E-01,
   0.661905681878299E-03,  -0.297550108851062E-02,  -0.362767247992291E-02,
   0.392915077686869E-02,   0.137337386377499E-02,   0.718189367468129E-02,
  -0.705743302981128E-03,  -0.378161265720757E-02,  -0.743181488517247E-02,
   0.371794526176716E-03,  -0.378042926700558E-03,  -0.980830810105152E-03,
   0.174869574041194E-02,   0.394278494970869E-02,   0.652773660900260E-02,
   0.617204193860296E-03,  -0.485103415349354E-02,  -0.370141481118041E-02,
   0.561336305777588E-03,  -0.192665528380482E-02,  -0.216546002363096E-03,
   0.587215213550713E-03,   0.172496272905089E-02,   0.377688074551089E-02,
   0.110542947446600E-02,  -0.492553329914353E-02,  -0.240366079225520E-02,
   0.785472618622949E-03,  -0.232963948290957E-02,  -0.130252948188081E-03,
   0.485862724387271E-03,   0.883441002508190E-03,   0.241516071492117E-02,
   0.723948518965677E-03,  -0.325542844138737E-02,  -0.151088738535567E-02,
   0.419794384989612E-03,  -0.117432969436092E-02,  -0.335288883043005E-03,
   0.104595199218770E-03,   0.135949592280741E-02,   0.864402349030230E-03,
   0.172841270615811E-03,  -0.284968370111511E-02,  -0.154521857465664E-03,
   0.801363117575420E-04,  -0.142753010418664E-02,   0.254673041535721E-03,
  -0.196802344829456E-04,   0.261180474718717E-03,   0.497650016860066E-03,
   0.000000000000000E+00,   0.000000000000000E+00,   0.000000000000000E+00,
   0.000000000000000E+00,   0.000000000000000E+00,   0.000000000000000E+00,
   0.000000000000000E+00,   0.000000000000000E+00,   0.000000000000000E+00,
   0.000000000000000E+00,   0.000000000000000E+00,   0.000000000000000E+00,
   0.000000000000000E+00,   0.000000000000000E+00,   0.000000000000000E+00,
   0.000000000000000E+00,   0.000000000000000E+00,   0.000000000000000E+00,
   0.000000000000000E+00,   0.000000000000000E+00,   0.000000000000000E+00,
   0.000000000000000E+00,   0.000000000000000E+00,   0.000000000000000E+00,
   0.000000000000000E+00,   0.000000000000000E+00,   0.000000000000000E+00,
   0.918668601131378E-03,  -0.246531357924144E-02,   0.440980226907345E-02,
   0.117869347740501E-02,  -0.117589048702382E-02,  -0.567902444978327E-03,
   0.141996839579728E-02,  -0.363401210162073E-02,  -0.492849123162333E-02,
   0.536663544646446E-03,  -0.364979000125362E-02,   0.191158354931849E-02,
   0.363547662720960E-03,  -0.182137714113482E-02,   0.384620034798576E-03,
   0.140933743022889E-03,  -0.167028521197802E-02,  -0.564470340298426E-03,
   0.114691602211023E-02,  -0.620279824442515E-02,   0.812517713998749E-03,
   0.864117096341774E-03,  -0.357385530136314E-02,  -0.578212710799032E-03,
   0.560991609743555E-03,  -0.500445281648615E-03,  -0.206350299953156E-02,
   0.758865216830357E-03,  -0.616832546429944E-02,   0.322895895343381E-02,
   0.789555597108083E-03,  -0.299771465222885E-02,  -0.200446364900325E-03,
   0.883847804982695E-03,   0.132458180870279E-02,  -0.428851205758238E-02,
  -0.853354698632493E-03,  -0.534713211010721E-02,   0.106346799565223E-01,
   0.672114965107214E-03,  -0.105145881931755E-02,   0.213972536571106E-02,
   0.257568575602404E-02,   0.470156255039601E-02,  -0.788634715008766E-02,
  -0.220105159472485E-02,  -0.977441280847524E-02,   0.194390562236809E-01,
   0.155202762416157E-02,  -0.528989216697110E-02,   0.613111988987045E-02,
   0.612519858495270E-02,   0.809189205968421E-03,  -0.954774246967892E-02,
  -0.470882791079931E-02,  -0.842017107873367E-02,   0.208466449787019E-01,
   0.148659387864167E-02,  -0.449781970804641E-02,   0.451891608414144E-02,
   0.898255109771835E-02,   0.979923265850072E-03,  -0.147010949767007E-01,
  -0.113702554836649E-01,  -0.110157892687419E-02,   0.207266807024354E-01,
   0.129269024478717E-02,   0.106900204385304E-02,   0.169804356900160E-03,
   0.165231599169969E-01,   0.449547803091694E-02,  -0.239866536877208E-01,
  -0.222781254522989E-01,  -0.211237573647538E-02,   0.320888561163734E-01,
  -0.274702314219518E-02,  -0.193209476663924E-02,   0.102985253868268E-01,
   0.206876089043462E-01,  -0.841268672884682E-03,  -0.152725138833492E-01,
  -0.247604494772491E-01,  -0.143632911132587E-02,   0.298429636120240E-01,
  -0.168798054255005E-02,  -0.287320150769697E-02,   0.100555557126278E-01,
   0.259826029360198E-01,  -0.365819056263440E-02,  -0.132075340938370E-01,
  -0.247816834420620E-01,   0.417890304875637E-02,   0.113393981066246E-01,
   0.309601257674815E-02,  -0.946729747030454E-04,  -0.792120201129669E-03,
   0.365329728129249E-01,  -0.412868916291758E-02,  -0.152469499375961E-01,
  -0.377045844302829E-01,   0.721337319061158E-02,   0.938120154619270E-03,
  -0.630812998590314E-02,   0.127470628845115E-02,  -0.196027224598721E-02,
   0.313736628031091E-01,  -0.463834066855673E-02,  -0.574870677682213E-02,
  -0.309161035183354E-01,   0.736386142684457E-02,  -0.811949952466689E-02,
  -0.491577146993696E-02,   0.154945663906307E-02,  -0.673169985123290E-02,
   0.269642629140333E-01,  -0.422767715555239E-02,  -0.418029128971603E-02,
  -0.194297882679955E-01,   0.487598008127171E-02,  -0.101321748547834E-01,
   0.200441500910098E-02,   0.852635609621199E-03,  -0.148768394351740E-02,
   0.280719253147391E-01,  -0.293643641107830E-02,   0.928019463150422E-02,
  -0.171614735217073E-01,   0.787880010383070E-04,  -0.203542922604210E-01,
  -0.132929105910307E-02,  -0.150529803057350E-02,  -0.687403536336565E-02,
   0.177005902249204E-01,  -0.255571728611963E-02,   0.925601183032951E-02,
  -0.147339263241206E-01,  -0.106050168051961E-02,  -0.218006596686410E-01,
  -0.186690775357582E-02,  -0.128014362181133E-02,  -0.731974312739141E-02,
   0.135270716011243E-01,  -0.794778773256686E-03,   0.986607336431141E-02,
  -0.750613573891531E-02,  -0.962872149441880E-03,  -0.141244540815546E-01,
   0.974732933210364E-03,   0.567612251042736E-03,  -0.381831932845832E-03,
   0.111522427502428E-01,   0.300459361426469E-02,   0.158565751122636E-01,
  -0.336143734639756E-02,  -0.589166243141193E-02,  -0.141355274149315E-01,
   0.957559716314565E-03,  -0.296547416988838E-02,  -0.297941557571568E-02,
   0.617922329271257E-02,   0.100353549907427E-02,   0.101438171996901E-01,
  -0.178986117289805E-02,  -0.671386770274233E-02,  -0.131581433678356E-01,
   0.884403839037736E-03,  -0.338079099485421E-02,  -0.389524568393175E-02,
   0.414396258033931E-02,   0.996187902461074E-03,   0.696104067875345E-02,
  -0.707456706375634E-03,  -0.374315488471408E-02,  -0.736629060206371E-02,
   0.348144198005532E-03,  -0.567571410862749E-03,  -0.122474754657485E-02,
   0.166776460037228E-02,   0.349185228872381E-02,   0.589846979506431E-02,
   0.648990661118564E-03,  -0.444373745513776E-02,  -0.296212733596266E-02,
   0.624728520861513E-03,  -0.203742570166894E-02,  -0.268362412570905E-04,
   0.637313198602090E-03,   0.988778050801744E-03,   0.326879985640172E-02,
   0.110125924696118E-02,  -0.442674755796435E-02,  -0.161016856007226E-02,
   0.889927810561731E-03,  -0.250596692625743E-02,   0.964336520887611E-04,
   0.669219287294679E-03,  -0.109746834951903E-03,   0.194000566037723E-02,
   0.570779653521157E-03,  -0.267328567135164E-02,  -0.119022511727649E-02,
   0.429942324941521E-03,  -0.147994911770448E-02,  -0.404251292414786E-03,
   0.280580514131567E-03,  -0.136935161280066E-04,   0.386161964606968E-03,
   0.109660756616705E-03,  -0.179807010897627E-02,   0.340673500878759E-04,
   0.746719891832835E-04,  -0.143336174105668E-02,   0.293116599591549E-03,
   0.371455583996940E-04,  -0.101243532283921E-02,   0.491289979223405E-03,
   0.000000000000000E+00,   0.000000000000000E+00,   0.000000000000000E+00,
   0.000000000000000E+00,   0.000000000000000E+00,   0.000000000000000E+00,
   0.000000000000000E+00,   0.000000000000000E+00,   0.000000000000000E+00,
   0.000000000000000E+00,   0.000000000000000E+00,   0.000000000000000E+00,
   0.000000000000000E+00,   0.000000000000000E+00,   0.000000000000000E+00,
   0.000000000000000E+00,   0.000000000000000E+00,   0.000000000000000E+00,
   0.000000000000000E+00,   0.000000000000000E+00,   0.000000000000000E+00,
   0.000000000000000E+00,   0.000000000000000E+00,   0.000000000000000E+00,
   0.000000000000000E+00,   0.000000000000000E+00,   0.000000000000000E+00,
   0.102086392809531E-02,  -0.273926453554868E-02,   0.489957958213205E-02,
   0.130991935660571E-02,  -0.130723007209668E-02,  -0.630793913527869E-03,
   0.157812823947578E-02,  -0.403751431023126E-02,  -0.547521827558015E-02,
   0.596148451951675E-03,  -0.405483570479260E-02,   0.212483775372879E-02,
   0.403658887857580E-03,  -0.202362567576183E-02,   0.427009412441420E-03,
   0.156149305619942E-03,  -0.185608817513694E-02,  -0.628620925008493E-03,
   0.127426301243208E-02,  -0.689136041271024E-02,   0.902406727894005E-03,
   0.959956211057031E-03,  -0.396988165376975E-02,  -0.643159267891380E-03,
   0.623096449222316E-03,  -0.556119656113356E-03,  -0.229334310918229E-02,
   0.843257146323245E-03,  -0.685397294017948E-02,   0.358608362283556E-02,
   0.877397740467759E-03,  -0.332996460474930E-02,  -0.222983714219922E-03,
   0.982259135102940E-03,   0.147231237193623E-02,  -0.476339159451607E-02,
  -0.947867583416286E-03,  -0.594319513094050E-02,   0.118153300817140E-01,
   0.747164815001946E-03,  -0.116927925140800E-02,   0.237882037262964E-02,
   0.286230826760197E-02,   0.522452801237168E-02,  -0.875933202754977E-02,
  -0.244516439480319E-02,  -0.108614848715389E-01,   0.216016564695826E-01,
   0.172483474675753E-02,  -0.588036935218785E-02,   0.681523449835645E-02,
   0.680595665421626E-02,   0.896923849037850E-03,  -0.106074736649254E-01,
  -0.523253235015081E-02,  -0.935318359165492E-02,   0.231674102060308E-01,
   0.165153867715457E-02,  -0.499851085430346E-02,   0.502233049216242E-02,
   0.998079366488682E-02,   0.108604001606640E-02,  -0.163383561925175E-01,
  -0.126368179519710E-01,  -0.121899764971444E-02,   0.230308540561363E-01,
   0.143563325304325E-02,   0.119109488253759E-02,   0.183322709659102E-03,
   0.183620986168947E-01,   0.499575176455870E-02,  -0.266631970953041E-01,
  -0.247592431817765E-01,  -0.235201762379034E-02,   0.356499383235897E-01,
  -0.305273036647899E-02,  -0.214537185116178E-02,   0.114334193004807E-01,
   0.229934454311146E-01,  -0.929287919919753E-03,  -0.169798914715378E-01,
  -0.275023003571614E-01,  -0.161503551490260E-02,   0.331514474819464E-01,
  -0.187348125453776E-02,  -0.319865218454787E-02,   0.111688696059361E-01,
   0.288628831534586E-01,  -0.406015355103489E-02,  -0.146686979114485E-01,
  -0.274789228000675E-01,   0.460152816384580E-02,   0.125474027504851E-01,
   0.344070444097183E-02,  -0.123345998028161E-03,  -0.920657334141224E-03,
   0.405209061037933E-01,  -0.458328903984157E-02,  -0.169604065150916E-01,
  -0.417789508230798E-01,   0.796344779575701E-02,   0.888402370056666E-03,
  -0.699499922428044E-02,   0.139879926772642E-02,  -0.233871782047068E-02,
   0.347419260125941E-01,  -0.513765625223282E-02,  -0.654673137738418E-02,
  -0.340505013546135E-01,   0.812325589261866E-02,  -0.915408914189482E-02,
  -0.541266567494280E-02,   0.170890415701402E-02,  -0.766058314552295E-02,
   0.297215280176076E-01,  -0.466326843675348E-02,  -0.485657060745805E-02,
  -0.212610685145465E-01,   0.533231252193041E-02,  -0.111229178298268E-01,
   0.220743160372545E-02,   0.921026212405422E-03,  -0.169882169073102E-02,
   0.307527861279317E-01,  -0.323014713138809E-02,   0.100703808881757E-01,
  -0.185079690313370E-01,  -0.164115709301958E-04,  -0.222743157318103E-01,
  -0.133601514951259E-02,  -0.173806921516329E-02,  -0.766485757180375E-02,
   0.192865259851597E-01,  -0.287397076472921E-02,   0.983258083503476E-02,
  -0.158215894092950E-01,  -0.124625403726036E-02,  -0.237732372618728E-01,
  -0.195585823087704E-02,  -0.148932486871905E-02,  -0.819426431879031E-02,
   0.146091994866353E-01,  -0.964259369997833E-03,   0.103076185124777E-01,
  -0.801333996093690E-02,  -0.101359114558027E-02,  -0.150180191396588E-01,
   0.100506391161489E-02,   0.573092208402693E-03,  -0.506165569628907E-03,
   0.118100840397250E-01,   0.313015442768489E-02,   0.166580089680845E-01,
  -0.326902185728731E-02,  -0.628598363869718E-02,  -0.145690110493546E-01,
   0.117777094863944E-02,  -0.330036916955489E-02,  -0.311413148865983E-02,
   0.654350615898286E-02,   0.779083747329203E-03,   0.103787088051183E-01,
  -0.157123745214670E-02,  -0.711761891609145E-02,  -0.134581333039248E-01,
   0.110690199619718E-02,  -0.378608090119780E-02,  -0.416281888794058E-02,
   0.435877438380995E-02,   0.619001941147170E-03,   0.674018768282567E-02,
  -0.709170109770137E-03,  -0.370469711222058E-02,  -0.730076631895494E-02,
   0.324493869834351E-03,  -0.757099895024933E-03,  -0.146866428304454E-02,
   0.158683346033264E-02,   0.304091962773894E-02,   0.526920298112604E-02,
   0.680777128376840E-03,  -0.403644075678197E-02,  -0.222283986074487E-02,
   0.688120735945449E-03,  -0.214819611953306E-02,   0.162873519848951E-03,
   0.687411183653476E-03,   0.252593372552595E-03,   0.276071896729258E-02,
   0.109708901945636E-02,  -0.392796181678516E-02,  -0.816676327889269E-03,
   0.994383002500524E-03,  -0.268229436960530E-02,   0.323120252365633E-03,
   0.852575850202101E-03,  -0.110293467241202E-02,   0.146485060583330E-02,
   0.417610788076626E-03,  -0.209114290131587E-02,  -0.869562849197272E-03,
   0.440090264893428E-03,  -0.178556854104804E-02,  -0.473213701786556E-03,
   0.456565829044372E-03,  -0.138688295506347E-02,  -0.920784198163003E-04,
   0.464802426175938E-04,  -0.746456516837334E-03,   0.222656557641469E-03,
   0.692076666090232E-04,  -0.143919337792670E-02,   0.331560157647419E-03,
   0.939713512823353E-04,  -0.228605112039722E-02,   0.484929941586782E-03,
   0.000000000000000E+00,   0.000000000000000E+00,   0.000000000000000E+00,
   0.000000000000000E+00,   0.000000000000000E+00,   0.000000000000000E+00,
   0.000000000000000E+00,   0.000000000000000E+00,   0.000000000000000E+00,
   0.000000000000000E+00,   0.000000000000000E+00,   0.000000000000000E+00,
   0.000000000000000E+00,   0.000000000000000E+00,   0.000000000000000E+00,
   0.000000000000000E+00,   0.000000000000000E+00,   0.000000000000000E+00,
   0.000000000000000E+00,   0.000000000000000E+00,   0.000000000000000E+00,
   0.000000000000000E+00,   0.000000000000000E+00,   0.000000000000000E+00,
   0.000000000000000E+00,   0.000000000000000E+00,   0.000000000000000E+00,
   0.111336471509066E-02,  -0.299433835868285E-02,   0.539248668511221E-02,
   0.143264782070103E-02,  -0.141953167617091E-02,  -0.699454098367788E-03,
   0.172898562201000E-02,  -0.445280504233660E-02,  -0.603531302782877E-02,
   0.666970085602840E-03,  -0.447747341842646E-02,   0.233199242260910E-02,
   0.454650284765979E-03,  -0.223320648485072E-02,   0.481330675321894E-03,
   0.182010355789146E-03,  -0.203466899314652E-02,  -0.664801900040294E-03,
   0.141858579669606E-02,  -0.763308240212655E-02,   0.100128835128697E-02,
   0.107256649881338E-02,  -0.441081623392075E-02,  -0.708409160668280E-03,
   0.702591705396158E-03,  -0.609430489910494E-03,  -0.254863956231231E-02,
   0.929828894529701E-03,  -0.756889483175018E-02,   0.397696710864354E-02,
   0.969680852082939E-03,  -0.369480142576748E-02,  -0.260624858977491E-03,
   0.108826649150640E-02,   0.161747266819766E-02,  -0.531918977115859E-02,
  -0.108635351200129E-02,  -0.648666340444182E-02,   0.130343078637320E-01,
   0.785039992878794E-03,  -0.123502886287264E-02,   0.258681679606986E-02,
   0.311835590402816E-02,   0.578365338356667E-02,  -0.972247838249494E-02,
  -0.278232077746121E-02,  -0.118891316892944E-01,   0.237447483780062E-01,
   0.181270438038172E-02,  -0.634790630189254E-02,   0.745870665111307E-02,
   0.740790294666172E-02,   0.111659965418531E-02,  -0.116771581140571E-01,
  -0.567874979537706E-02,  -0.103572765232964E-01,   0.253063456985448E-01,
   0.180764908143046E-02,  -0.548472453856449E-02,   0.550748709402619E-02,
   0.108666422077031E-01,   0.123329466913417E-02,  -0.177499343243470E-01,
  -0.134004983085159E-01,  -0.151060746496324E-02,   0.245269211857658E-01,
   0.163013971178732E-02,   0.118898230723547E-02,   0.193199698994822E-04,
   0.197260816167724E-01,   0.537873656122022E-02,  -0.287716341336497E-01,
  -0.263916648869862E-01,  -0.234368049372070E-02,   0.372882218583429E-01,
  -0.336208804541962E-02,  -0.209763860798207E-02,   0.115984902908006E-01,
   0.243036362771168E-01,  -0.771166000472540E-03,  -0.185792745172198E-01,
  -0.292356462054427E-01,  -0.147583128231179E-02,   0.346527131171869E-01,
  -0.216808103091617E-02,  -0.316884664785172E-02,   0.114356902687667E-01,
   0.303263474723386E-01,  -0.409281918377979E-02,  -0.158824928614331E-01,
  -0.287823453160735E-01,   0.492235607068209E-02,   0.132022580493687E-01,
   0.356776874428004E-02,  -0.688209414238695E-04,  -0.957987381152500E-03,
   0.423843361816438E-01,  -0.478653751407112E-02,  -0.177926172544086E-01,
  -0.434043658606398E-01,   0.830524984155552E-02,   0.746007955179155E-03,
  -0.728054612525514E-02,   0.147050836190388E-02,  -0.264674116697468E-02,
   0.360750516874617E-01,  -0.533791857508154E-02,  -0.698485489488822E-02,
  -0.353560620735956E-01,   0.843200901925020E-02,  -0.959593740705994E-02,
  -0.561762635569621E-02,   0.178744160231192E-02,  -0.804211263721777E-02,
   0.308614562920281E-01,  -0.481358738968876E-02,  -0.513414422059516E-02,
  -0.220235811272350E-01,   0.552150952519524E-02,  -0.115367615991243E-01,
   0.229306444617029E-02,   0.949406185072679E-03,  -0.178485836939510E-02,
   0.318646929038720E-01,  -0.335333554260450E-02,   0.103950930942646E-01,
  -0.190693051690595E-01,  -0.548859222164268E-04,  -0.230729031936618E-01,
  -0.133841792718413E-02,  -0.183823458660766E-02,  -0.799294353107888E-02,
   0.199479411384263E-01,  -0.301380616497769E-02,   0.100749931231865E-01,
  -0.162749192798184E-01,  -0.132311977784612E-02,  -0.245945143655864E-01,
  -0.199282430408395E-02,  -0.157759564531378E-02,  -0.855773912826070E-02,
   0.150614980765225E-01,  -0.103632174241328E-02,   0.104961862513057E-01,
  -0.822445417603848E-02,  -0.103492208474289E-02,  -0.153903115406826E-01,
   0.101770608650839E-02,   0.576498193027505E-03,  -0.558317916882610E-03,
   0.120844184664385E-01,   0.318557667634642E-02,   0.169925241646131E-01,
  -0.323029702280752E-02,  -0.645047717268755E-02,  -0.147496076582924E-01,
   0.126944482933151E-02,  -0.343897660865364E-02,  -0.317101853742053E-02,
   0.669480449784738E-02,   0.687052845718943E-03,   0.104743289805344E-01,
  -0.148012020041890E-02,  -0.728591099330771E-02,  -0.135830833465428E-01,
   0.119954844146151E-02,  -0.395481155858268E-02,  -0.427448542498574E-02,
   0.444794443593638E-02,   0.461303376742883E-03,   0.664675551080369E-02,
  -0.710051616563013E-03,  -0.368876060286011E-02,  -0.727371217206153E-02,
   0.314601809183386E-03,  -0.836399517840980E-03,  -0.156973262530454E-02,
   0.155316810272428E-02,   0.285218816896221E-02,   0.500815057604203E-02,
   0.693796410702666E-03,  -0.386701865905963E-02,  -0.191566569191693E-02,
   0.714377765868978E-03,  -0.219437035707054E-02,   0.242006276129416E-03,
   0.708257526643242E-03,  -0.534161469237046E-04,   0.255040785767358E-02,
   0.109533556326245E-02,  -0.372053525853481E-02,  -0.486868062016771E-03,
   0.103780604325684E-02,  -0.275551381560124E-02,   0.417286880025462E-03,
   0.928843351239212E-03,  -0.151523647628577E-02,   0.126747982068643E-02,
   0.354091572029990E-03,  -0.184915350839542E-02,  -0.736126271127993E-03,
   0.444427834428269E-03,  -0.191260070517662E-02,  -0.502098171174136E-03,
   0.529812657001454E-03,  -0.195760910082880E-02,  -0.291414929250181E-03,
   0.202852478312936E-04,  -0.309321110086792E-03,   0.301257527462781E-03,
   0.669877055997701E-04,  -0.144175306458555E-02,   0.347686517950013E-03,
   0.117626946510067E-03,  -0.281609201158467E-02,   0.482337047379196E-03,
   0.000000000000000E+00,   0.000000000000000E+00,   0.000000000000000E+00,
   0.000000000000000E+00,   0.000000000000000E+00,   0.000000000000000E+00,
   0.000000000000000E+00,   0.000000000000000E+00,   0.000000000000000E+00,
   0.000000000000000E+00,   0.000000000000000E+00,   0.000000000000000E+00,
   0.000000000000000E+00,   0.000000000000000E+00,   0.000000000000000E+00,
   0.000000000000000E+00,   0.000000000000000E+00,   0.000000000000000E+00,
   0.000000000000000E+00,   0.000000000000000E+00,   0.000000000000000E+00,
   0.000000000000000E+00,   0.000000000000000E+00,   0.000000000000000E+00,
   0.000000000000000E+00,   0.000000000000000E+00,   0.000000000000000E+00,
   0.119770213998795E-02,  -0.323351654633930E-02,   0.588802925181759E-02,
   0.154822097091594E-02,  -0.151580220161621E-02,  -0.772971875220532E-03,
   0.187369391085666E-02,  -0.487802239150704E-02,  -0.660666416187164E-02,
   0.747337897047784E-03,  -0.491492461974542E-02,   0.253401093058618E-02,
   0.514803414170213E-03,  -0.244896149216138E-02,   0.545699274127853E-03,
   0.216835520815021E-03,  -0.220716834817080E-02,  -0.677430849675714E-03,
   0.157720317908448E-02,  -0.841956802863842E-02,   0.110774227081499E-02,
   0.119929908208731E-02,  -0.488956613335943E-02,  -0.773914479596173E-03,
   0.796730695978953E-03,  -0.660751086072234E-03,  -0.282537172566554E-02,
   0.101823617588421E-02,  -0.830846747067622E-02,   0.439627746599146E-02,
   0.106570351524500E-02,  -0.408707827055684E-02,  -0.310984271091139E-03,
   0.120067014038549E-02,   0.176046865134584E-02,  -0.594312611202200E-02,
  -0.126186728102696E-02,  -0.698584386559536E-02,   0.142855597445785E-01,
   0.791611951671318E-03,  -0.125693183851041E-02,   0.276862641761002E-02,
   0.334865773118693E-02,   0.637322748501054E-02,  -0.107615459044450E-01,
  -0.319782522593355E-02,  -0.128667390212375E-01,   0.258714131405023E-01,
   0.182905174678919E-02,  -0.671192047876247E-02,   0.806795551078426E-02,
   0.794348517502140E-02,   0.144737753175410E-02,  -0.127552237773341E-01,
  -0.605971871999439E-02,  -0.114212232693504E-01,   0.272921700614646E-01,
   0.195632041595084E-02,  -0.595874736437145E-02,   0.597726956949920E-02,
   0.116578484960732E-01,   0.141518981035496E-02,  -0.189714742759261E-01,
  -0.137407229070522E-01,  -0.194889623209577E-02,   0.253425162412005E-01,
   0.186806557142330E-02,   0.108228160581309E-02,  -0.294165774001379E-03,
   0.206901245088818E-01,   0.566295730453125E-02,  -0.304016928252838E-01,
  -0.273094355639131E-01,  -0.212653072084489E-02,   0.373073979516041E-01,
  -0.367451961783868E-02,  -0.183011960670863E-02,   0.109469144139329E-01,
   0.247754360040152E-01,  -0.405779014736075E-03,  -0.200877199260512E-01,
  -0.301197726191152E-01,  -0.106892794834344E-02,   0.346321967093677E-01,
  -0.255454851531024E-02,  -0.283989487851675E-02,   0.109897147828029E-01,
   0.305967710441903E-01,  -0.381451513195586E-02,  -0.168879889499173E-01,
  -0.289120936178845E-01,   0.515746485374002E-02,   0.133913296790962E-01,
   0.351157808262584E-02,   0.557616996070848E-04,  -0.918515798448319E-03,
   0.424588119550560E-01,  -0.477813360245275E-02,  -0.178827681437721E-01,
  -0.429676225350277E-01,   0.830326283212822E-02,   0.525574469470095E-03,
  -0.722815645895880E-02,   0.149810720190300E-02,  -0.289546493365215E-02,
   0.356944741161452E-01,  -0.528636079479501E-02,  -0.711992093158289E-02,
  -0.351216364027924E-01,   0.836129613308545E-02,  -0.953866324835964E-02,
  -0.557676216237032E-02,   0.179784809734429E-02,  -0.796273864088612E-02,
   0.306394936243631E-01,  -0.472369057996430E-02,  -0.507598462227535E-02,
  -0.218861297166513E-01,   0.548576307454324E-02,  -0.114648229459606E-01,
   0.227985339539525E-02,   0.944094898281053E-03,  -0.176555272911131E-02,
   0.316554498405422E-01,  -0.333293432920369E-02,   0.103278492885709E-01,
  -0.189694918063075E-01,  -0.455943642359716E-04,  -0.229271768205792E-01,
  -0.133718191015954E-02,  -0.182673821107680E-02,  -0.793137886535743E-02,
   0.198308565891504E-01,  -0.300340324724300E-02,   0.100360261727604E-01,
  -0.161941039780284E-01,  -0.130829670409042E-02,  -0.244463300188279E-01,
  -0.198601650917037E-02,  -0.156405282850338E-02,  -0.849088339310465E-02,
   0.149834440538257E-01,  -0.102635234821605E-02,   0.104717324128596E-01,
  -0.818624351879582E-02,  -0.103150658403019E-02,  -0.153236622832724E-01,
   0.101545326807475E-02,   0.578157772926227E-03,  -0.549689452974282E-03,
   0.120358179836034E-01,   0.318193820598278E-02,   0.169338669054614E-01,
  -0.323678281786256E-02,  -0.642144254305808E-02,  -0.147172587983759E-01,
   0.125288284242144E-02,  -0.341229859455389E-02,  -0.316236919125491E-02,
   0.666675757390108E-02,   0.706527941555268E-03,   0.104526745749200E-01,
  -0.149637075364694E-02,  -0.725593289021875E-02,  -0.135606396978004E-01,
   0.118285225193481E-02,  -0.392434567717854E-02,  -0.425486955151428E-02,
   0.443131688300060E-02,   0.488425866533969E-03,   0.666061902560619E-02,
  -0.710232618410919E-03,  -0.369178829669609E-02,  -0.727905209986429E-02,
   0.316295003735188E-03,  -0.822880078407458E-03,  -0.155051437626278E-02,
   0.155930326149784E-02,   0.288424525333520E-02,   0.505715595182641E-02,
   0.691012640314173E-03,  -0.389790070214167E-02,  -0.197235586310702E-02,
   0.709364826920866E-03,  -0.218615088310997E-02,   0.228026813260340E-03,
   0.704472298987542E-03,   0.280664147955733E-05,   0.259083608583786E-02,
   0.109561716797737E-02,  -0.375844994582564E-02,  -0.547508453669041E-03,
   0.102983649072454E-02,  -0.274191037775568E-02,   0.399864043388656E-03,
   0.914935682374399E-03,  -0.143839871858832E-02,   0.130401942051713E-02,
   0.366062534204297E-03,  -0.189359288829618E-02,  -0.760344528312534E-03,
   0.443872736771880E-03,  -0.188925209128010E-02,  -0.497234702310338E-03,
   0.516547750194067E-03,  -0.185261484585591E-02,  -0.255898281188503E-03,
   0.252341945519712E-04,  -0.389611795232795E-03,   0.287242054003226E-03,
   0.674996842511878E-04,  -0.144155758035156E-02,   0.345020509882019E-03,
   0.113351321153992E-03,  -0.271999992200160E-02,   0.482916305330140E-03,
   0.000000000000000E+00,   0.000000000000000E+00,   0.000000000000000E+00,
   0.000000000000000E+00,   0.000000000000000E+00,   0.000000000000000E+00,
   0.000000000000000E+00,   0.000000000000000E+00,   0.000000000000000E+00,
   0.000000000000000E+00,   0.000000000000000E+00,   0.000000000000000E+00,
   0.000000000000000E+00,   0.000000000000000E+00,   0.000000000000000E+00,
   0.000000000000000E+00,   0.000000000000000E+00,   0.000000000000000E+00,
   0.000000000000000E+00,   0.000000000000000E+00,   0.000000000000000E+00,
   0.000000000000000E+00,   0.000000000000000E+00,   0.000000000000000E+00,
   0.000000000000000E+00,   0.000000000000000E+00,   0.000000000000000E+00,
   0.128203956488530E-02,  -0.347269473399574E-02,   0.638357181852297E-02,
   0.166379412113082E-02,  -0.161207272706150E-02,  -0.846489652073259E-03,
   0.201840219970325E-02,  -0.530323974067746E-02,  -0.717801529591451E-02,
   0.827705708492724E-03,  -0.535237582106437E-02,   0.273602943856327E-02,
   0.574956543574444E-03,  -0.266471649947204E-02,   0.610067872933820E-03,
   0.251660685840898E-03,  -0.237966770319508E-02,  -0.690059799311160E-03,
   0.173582056147288E-02,  -0.920605365515029E-02,   0.121419619034301E-02,
   0.132603166536123E-02,  -0.536831603279811E-02,  -0.839419798524061E-03,
   0.890869686561769E-03,  -0.712071682233987E-03,  -0.310210388901875E-02,
   0.110664345723870E-02,  -0.904804010960227E-02,   0.481558782333937E-02,
   0.116172617840707E-02,  -0.447935511534620E-02,  -0.361343683204788E-03,
   0.131307378926458E-02,   0.190346463449400E-02,  -0.656706245288539E-02,
  -0.143738105005264E-02,  -0.748502432674890E-02,   0.155368116254251E-01,
   0.798183910463840E-03,  -0.127883481414819E-02,   0.295043603915019E-02,
   0.357895955834571E-02,   0.696280158645441E-02,  -0.118006134263950E-01,
  -0.361332967440588E-02,  -0.138443463531807E-01,   0.279980779029984E-01,
   0.184539911319667E-02,  -0.707593465563239E-02,   0.867720437045547E-02,
   0.847906740338107E-02,   0.177815540932289E-02,  -0.138332894406112E-01,
  -0.644068764461172E-02,  -0.124851700154043E-01,   0.292779944243844E-01,
   0.210499175047122E-02,  -0.643277019017841E-02,   0.644705204497223E-02,
   0.124490547844433E-01,   0.159708495157576E-02,  -0.201930142275051E-01,
  -0.140809475055884E-01,  -0.238718499922829E-02,   0.261581112966352E-01,
   0.210599143105927E-02,   0.975580904390709E-03,  -0.607651517902235E-03,
   0.216541674009912E-01,   0.594717804784227E-02,  -0.320317515169179E-01,
  -0.282272062408400E-01,  -0.190938094796907E-02,   0.373265740448653E-01,
  -0.398695119025775E-02,  -0.156260060543518E-02,   0.102953385370652E-01,
   0.252472357309135E-01,  -0.403920289996116E-04,  -0.215961653348826E-01,
  -0.310038990327876E-01,  -0.662024614375096E-03,   0.346116803015485E-01,
  -0.294101599970431E-02,  -0.251094310918177E-02,   0.105437392968390E-01,
   0.308671946160419E-01,  -0.353621108013193E-02,  -0.178934850384015E-01,
  -0.290418419196955E-01,   0.539257363679795E-02,   0.135804013088236E-01,
   0.345538742097165E-02,   0.180344340638038E-03,  -0.879044215744142E-03,
   0.425332877284683E-01,  -0.476972969083439E-02,  -0.179729190331356E-01,
  -0.425308792094157E-01,   0.830127582270092E-02,   0.305140983761033E-03,
  -0.717576679266246E-02,   0.152570604190211E-02,  -0.314418870032962E-02,
   0.353138965448287E-01,  -0.523480301450848E-02,  -0.725498696827757E-02,
  -0.348872107319891E-01,   0.829058324692070E-02,  -0.948138908965933E-02,
  -0.553589796904443E-02,   0.180825459237666E-02,  -0.788336464455447E-02,
   0.304175309566981E-01,  -0.463379377023983E-02,  -0.501782502395555E-02,
  -0.217486783060675E-01,   0.545001662389123E-02,  -0.113928842927970E-01,
   0.226664234462021E-02,   0.938783611489427E-03,  -0.174624708882751E-02,
   0.314462067772124E-01,  -0.331253311580287E-02,   0.102606054828773E-01,
  -0.188696784435555E-01,  -0.363028062555202E-04,  -0.227814504474967E-01,
  -0.133594589313495E-02,  -0.181524183554594E-02,  -0.786981419963600E-02,
   0.197137720398744E-01,  -0.299300032950830E-02,   0.999705922233428E-02,
  -0.161132886762384E-01,  -0.129347363033474E-02,  -0.242981456720694E-01,
  -0.197920871425680E-02,  -0.155051001169298E-02,  -0.842402765794862E-02,
   0.149053900311289E-01,  -0.101638295401881E-02,   0.104472785744134E-01,
  -0.814803286155316E-02,  -0.102809108331749E-02,  -0.152570130258623E-01,
   0.101320044964112E-02,   0.579817352824950E-03,  -0.541060989065960E-03,
   0.119872175007683E-01,   0.317829973561915E-02,   0.168752096463096E-01,
  -0.324326861291760E-02,  -0.639240791342860E-02,  -0.146849099384594E-01,
   0.123632085551136E-02,  -0.338562058045415E-02,  -0.315371984508930E-02,
   0.663871064995477E-02,   0.726003037391593E-03,   0.104310201693054E-01,
  -0.151262130687499E-02,  -0.722595478712979E-02,  -0.135381960490579E-01,
   0.116615606240810E-02,  -0.389387979577439E-02,  -0.423525367804283E-02,
   0.441468933006481E-02,   0.515548356325052E-03,   0.667448254040867E-02,
  -0.710413620258825E-03,  -0.369481599053207E-02,  -0.728439202766705E-02,
   0.317988198286988E-03,  -0.809360638973939E-03,  -0.153129612722103E-02,
   0.156543842027139E-02,   0.291630233770820E-02,   0.510616132761078E-02,
   0.688228869925678E-03,  -0.392878274522371E-02,  -0.202904603429712E-02,
   0.704351887972752E-03,  -0.217793140914939E-02,   0.214047350391255E-03,
   0.700687071331840E-03,   0.590294298828197E-04,   0.263126431400213E-02,
   0.109589877269229E-02,  -0.379636463311648E-02,  -0.608148845321321E-03,
   0.102186693819224E-02,  -0.272830693991013E-02,   0.382441206751842E-03,
   0.901028013509583E-03,  -0.136156096089085E-02,   0.134055902034784E-02,
   0.378033496378606E-03,  -0.193803226819694E-02,  -0.784562785497081E-03,
   0.443317639115491E-03,  -0.186590347738359E-02,  -0.492371233446543E-03,
   0.503282843386679E-03,  -0.174762059088300E-02,  -0.220381633126825E-03,
   0.301831412726500E-04,  -0.469902480378818E-03,   0.273226580543657E-03,
   0.680116629026059E-04,  -0.144136209611758E-02,   0.342354501814013E-03,
   0.109075695797917E-03,  -0.262390783241851E-02,   0.483495563281075E-03,
   0.000000000000000E+00,   0.000000000000000E+00,   0.000000000000000E+00,
   0.000000000000000E+00,   0.000000000000000E+00,   0.000000000000000E+00,
   0.000000000000000E+00,   0.000000000000000E+00,   0.000000000000000E+00,
   0.000000000000000E+00,   0.000000000000000E+00,   0.000000000000000E+00,
   0.000000000000000E+00,   0.000000000000000E+00,   0.000000000000000E+00,
   0.000000000000000E+00,   0.000000000000000E+00,   0.000000000000000E+00,
   0.000000000000000E+00,   0.000000000000000E+00,   0.000000000000000E+00,
   0.000000000000000E+00,   0.000000000000000E+00,   0.000000000000000E+00,
   0.000000000000000E+00,   0.000000000000000E+00,   0.000000000000000E+00,
   0.136637698978260E-02,  -0.371187292165218E-02,   0.687911438522837E-02,
   0.177936727134570E-02,  -0.170834325250680E-02,  -0.920007428925985E-03,
   0.216311048854985E-02,  -0.572845708984788E-02,  -0.774936642995740E-02,
   0.908073519937651E-03,  -0.578982702238332E-02,   0.293804794654036E-02,
   0.635109672978675E-03,  -0.288047150678269E-02,   0.674436471739790E-03,
   0.286485850866794E-03,  -0.255216705821936E-02,  -0.702688748946605E-03,
   0.189443794386129E-02,  -0.999253928166216E-02,   0.132065010987103E-02,
   0.145276424863517E-02,  -0.584706593223679E-02,  -0.904925117451953E-03,
   0.985008677144582E-03,  -0.763392278395737E-03,  -0.337883605237197E-02,
   0.119505073859320E-02,  -0.978761274852830E-02,   0.523489818068728E-02,
   0.125774884156914E-02,  -0.487163196013555E-02,  -0.411703095318438E-03,
   0.142547743814368E-02,   0.204646061764217E-02,  -0.719099879374878E-02,
  -0.161289481907831E-02,  -0.798420478790244E-02,   0.167880635062716E-01,
   0.804755869256365E-03,  -0.130073778978596E-02,   0.313224566069035E-02,
   0.380926138550448E-02,   0.755237568789828E-02,  -0.128396809483450E-01,
  -0.402883412287822E-02,  -0.148219536851238E-01,   0.301247426654944E-01,
   0.186174647960415E-02,  -0.743994883250232E-02,   0.928645323012668E-02,
   0.901464963174075E-02,   0.210893328689168E-02,  -0.149113551038883E-01,
  -0.682165656922905E-02,  -0.135491167614583E-01,   0.312638187873041E-01,
   0.225366308499160E-02,  -0.690679301598538E-02,   0.691683452044526E-02,
   0.132402610728134E-01,   0.177898009279656E-02,  -0.214145541790842E-01,
  -0.144211721041247E-01,  -0.282547376636081E-02,   0.269737063520700E-01,
   0.234391729069525E-02,   0.868880202968332E-03,  -0.921137261803089E-03,
   0.226182102931006E-01,   0.623139879115330E-02,  -0.336618102085521E-01,
  -0.291449769177669E-01,  -0.169223117509325E-02,   0.373457501381265E-01,
  -0.429938276267682E-02,  -0.129508160416174E-02,   0.964376266019755E-02,
   0.257190354578119E-01,   0.324994956736851E-03,  -0.231046107437140E-01,
  -0.318880254464601E-01,  -0.255121280406754E-03,   0.345911638937294E-01,
  -0.332748348409838E-02,  -0.218199133984680E-02,   0.100977638108752E-01,
   0.311376181878935E-01,  -0.325790702830800E-02,  -0.188989811268858E-01,
  -0.291715902215065E-01,   0.562768241985588E-02,   0.137694729385511E-01,
   0.339919675931746E-02,   0.304926981668989E-03,  -0.839572633039963E-03,
   0.426077635018805E-01,  -0.476132577921603E-02,  -0.180630699224991E-01,
  -0.420941358838036E-01,   0.829928881327362E-02,   0.847074980519574E-04,
  -0.712337712636614E-02,   0.155330488190123E-02,  -0.339291246700710E-02,
   0.349333189735122E-01,  -0.518324523422194E-02,  -0.739005300497226E-02,
  -0.346527850611858E-01,   0.821987036075595E-02,  -0.942411493095904E-02,
  -0.549503377571855E-02,   0.181866108740903E-02,  -0.780399064822283E-02,
   0.301955682890331E-01,  -0.454389696051537E-02,  -0.495966542563576E-02,
  -0.216112268954838E-01,   0.541427017323922E-02,  -0.113209456396334E-01,
   0.225343129384517E-02,   0.933472324697801E-03,  -0.172694144854372E-02,
   0.312369637138825E-01,  -0.329213190240206E-02,   0.101933616771836E-01,
  -0.187698650808035E-01,  -0.270112482750707E-04,  -0.226357240744141E-01,
  -0.133470987611036E-02,  -0.180374546001509E-02,  -0.780824953391456E-02,
   0.195966874905984E-01,  -0.298259741177360E-02,   0.995809227190815E-02,
  -0.160324733744483E-01,  -0.127865055657905E-02,  -0.241499613253108E-01,
  -0.197240091934323E-02,  -0.153696719488258E-02,  -0.835717192279258E-02,
   0.148273360084321E-01,  -0.100641355982158E-02,   0.104228247359672E-01,
  -0.810982220431049E-02,  -0.102467558260478E-02,  -0.151903637684522E-01,
   0.101094763120747E-02,   0.581476932723671E-03,  -0.532432525157647E-03,
   0.119386170179332E-01,   0.317466126525550E-02,   0.168165523871579E-01,
  -0.324975440797264E-02,  -0.636337328379912E-02,  -0.146525610785429E-01,
   0.121975886860128E-02,  -0.335894256635440E-02,  -0.314507049892369E-02,
   0.661066372600845E-02,   0.745478133227913E-03,   0.104093657636909E-01,
  -0.152887186010303E-02,  -0.719597668404081E-02,  -0.135157524003155E-01,
   0.114945987288139E-02,  -0.386341391437024E-02,  -0.421563780457137E-02,
   0.439806177712902E-02,   0.542670846116129E-03,   0.668834605521114E-02,
  -0.710594622106731E-03,  -0.369784368436805E-02,  -0.728973195546980E-02,
   0.319681392838788E-03,  -0.795841199540423E-03,  -0.151207787817928E-02,
   0.157157357904494E-02,   0.294835942208119E-02,   0.515516670339514E-02,
   0.685445099537179E-03,  -0.395966478830575E-02,  -0.208573620548724E-02,
   0.699338949024634E-03,  -0.216971193518882E-02,   0.200067887522153E-03,
   0.696901843676132E-03,   0.115252218286083E-03,   0.267169254216639E-02,
   0.109618037740721E-02,  -0.383427932040733E-02,  -0.668789236973621E-03,
   0.101389738565994E-02,  -0.271470350206458E-02,   0.365018370115015E-03,
   0.887120344644761E-03,  -0.128472320319338E-02,   0.137709862017853E-02,
   0.390004458552920E-03,  -0.198247164809774E-02,  -0.808781042681643E-03,
   0.442762541459104E-03,  -0.184255486348707E-02,  -0.487507764582753E-03,
   0.490017936579288E-03,  -0.164262633591008E-02,  -0.184864985065145E-03,
   0.351320879933308E-04,  -0.550193165524881E-03,   0.259211107084063E-03,
   0.685236415540248E-04,  -0.144116661188360E-02,   0.339688493745987E-03,
   0.104800070441842E-03,  -0.252781574283539E-02,   0.484074821231992E-03,
   0.000000000000000E+00,   0.000000000000000E+00,   0.000000000000000E+00,
   0.000000000000000E+00,   0.000000000000000E+00,   0.000000000000000E+00,
   0.000000000000000E+00,   0.000000000000000E+00,   0.000000000000000E+00,
   0.000000000000000E+00,   0.000000000000000E+00,   0.000000000000000E+00,
   0.000000000000000E+00,   0.000000000000000E+00,   0.000000000000000E+00,
   0.000000000000000E+00,   0.000000000000000E+00,   0.000000000000000E+00,
   0.000000000000000E+00,   0.000000000000000E+00,   0.000000000000000E+00,
   0.000000000000000E+00,   0.000000000000000E+00,   0.000000000000000E+00,
   0.000000000000000E+00,   0.000000000000000E+00,   0.000000000000000E+00,
   0.145071441467993E-02,  -0.395105110930862E-02,   0.737465695193376E-02,
   0.189494042156059E-02,  -0.180461377795210E-02,  -0.993525205778712E-03,
   0.230781877739645E-02,  -0.615367443901831E-02,  -0.832071756400028E-02,
   0.988441331382581E-03,  -0.622727822370227E-02,   0.314006645451746E-02,
   0.695262802382902E-03,  -0.309622651409334E-02,   0.738805070545758E-03,
   0.321311015892674E-03,  -0.272466641324364E-02,  -0.715317698582056E-03,
   0.205305532624968E-02,  -0.107790249081740E-01,   0.142710402939905E-02,
   0.157949683190910E-02,  -0.632581583167546E-02,  -0.970430436379847E-03,
   0.107914766772740E-02,  -0.814712874557489E-03,  -0.365556821572520E-02,
   0.128345801994768E-02,  -0.105271853874543E-01,   0.565420853803520E-02,
   0.135377150473120E-02,  -0.526390880492490E-02,  -0.462062507432083E-03,
   0.153788108702278E-02,   0.218945660079033E-02,  -0.781493513461217E-02,
  -0.178840858810399E-02,  -0.848338524905599E-02,   0.180393153871181E-01,
   0.811327828048888E-03,  -0.132264076542374E-02,   0.331405528223052E-02,
   0.403956321266326E-02,   0.814194978934216E-02,  -0.138787484702950E-01,
  -0.444433857135055E-02,  -0.157995610170670E-01,   0.322514074279905E-01,
   0.187809384601162E-02,  -0.780396300937224E-02,   0.989570208979788E-02,
   0.955023186010044E-02,   0.243971116446047E-02,  -0.159894207671653E-01,
  -0.720262549384638E-02,  -0.146130635075123E-01,   0.332496431502239E-01,
   0.240233441951198E-02,  -0.738081584179234E-02,   0.738661699591828E-02,
   0.140314673611835E-01,   0.196087523401736E-02,  -0.226360941306632E-01,
  -0.147613967026609E-01,  -0.326376253349334E-02,   0.277893014075047E-01,
   0.258184315033122E-02,   0.762179501545952E-03,  -0.123462300570395E-02,
   0.235822531852099E-01,   0.651561953446433E-02,  -0.352918689001862E-01,
  -0.300627475946938E-01,  -0.147508140221743E-02,   0.373649262313876E-01,
  -0.461181433509588E-02,  -0.102756260288829E-02,   0.899218678332984E-02,
   0.261908351847102E-01,   0.690381942473317E-03,  -0.246130561525454E-01,
  -0.327721518601325E-01,   0.151782053561596E-03,   0.345706474859102E-01,
  -0.371395096849245E-02,  -0.185303957051183E-02,   0.965178832491133E-02,
   0.314080417597451E-01,  -0.297960297648407E-02,  -0.199044772153700E-01,
  -0.293013385233174E-01,   0.586279120291381E-02,   0.139585445682785E-01,
   0.334300609766327E-02,   0.429509622699944E-03,  -0.800101050335784E-03,
   0.426822392752927E-01,  -0.475292186759767E-02,  -0.181532208118626E-01,
  -0.416573925581916E-01,   0.829730180384632E-02,  -0.135725987657101E-03,
  -0.707098746006980E-02,   0.158090372190035E-02,  -0.364163623368457E-02,
   0.345527414021957E-01,  -0.513168745393541E-02,  -0.752511904166693E-02,
  -0.344183593903825E-01,   0.814915747459120E-02,  -0.936684077225874E-02,
  -0.545416958239266E-02,   0.182906758244140E-02,  -0.772461665189118E-02,
   0.299736056213681E-01,  -0.445400015079090E-02,  -0.490150582731595E-02,
  -0.214737754849000E-01,   0.537852372258721E-02,  -0.112490069864697E-01,
   0.224022024307013E-02,   0.928161037906176E-03,  -0.170763580825992E-02,
   0.310277206505527E-01,  -0.327173068900124E-02,   0.101261178714899E-01,
  -0.186700517180515E-01,  -0.177196902946190E-04,  -0.224899977013316E-01,
  -0.133347385908576E-02,  -0.179224908448423E-02,  -0.774668486819312E-02,
   0.194796029413224E-01,  -0.297219449403890E-02,   0.991912532148203E-02,
  -0.159516580726583E-01,  -0.126382748282336E-02,  -0.240017769785523E-01,
  -0.196559312442966E-02,  -0.152342437807219E-02,  -0.829031618763654E-02,
   0.147492819857353E-01,  -0.996444165624344E-03,   0.103983708975211E-01,
  -0.807161154706782E-02,  -0.102126008189208E-02,  -0.151237145110421E-01,
   0.100869481277384E-02,   0.583136512622394E-03,  -0.523804061249322E-03,
   0.118900165350981E-01,   0.317102279489187E-02,   0.167578951280061E-01,
  -0.325624020302767E-02,  -0.633433865416964E-02,  -0.146202122186264E-01,
   0.120319688169121E-02,  -0.333226455225465E-02,  -0.313642115275807E-02,
   0.658261680206214E-02,   0.764953229064240E-03,   0.103877113580764E-01,
  -0.154512241333108E-02,  -0.716599858095185E-02,  -0.134933087515731E-01,
   0.113276368335469E-02,  -0.383294803296610E-02,  -0.419602193109991E-02,
   0.438143422419323E-02,   0.569793335907216E-03,   0.670220957001363E-02,
  -0.710775623954635E-03,  -0.370087137820403E-02,  -0.729507188327256E-02,
   0.321374587390590E-03,  -0.782321760106901E-03,  -0.149285962913752E-02,
   0.157770873781849E-02,   0.298041650645419E-02,   0.520417207917952E-02,
   0.682661329148685E-03,  -0.399054683138779E-02,  -0.214242637667733E-02,
   0.694326010076521E-03,  -0.216149246122825E-02,   0.186088424653073E-03,
   0.693116616020430E-03,   0.171475006689349E-03,   0.271212077033067E-02,
   0.109646198212213E-02,  -0.387219400769816E-02,  -0.729429628625898E-03,
   0.100592783312764E-02,  -0.270110006421902E-02,   0.347595533478205E-03,
   0.873212675779946E-03,  -0.120788544549592E-02,   0.141363822000924E-02,
   0.401975420727228E-03,  -0.202691102799850E-02,  -0.832999299866187E-03,
   0.442207443802715E-03,  -0.181920624959055E-02,  -0.482644295718955E-03,
   0.476753029771900E-03,  -0.153763208093718E-02,  -0.149348337003464E-03,
   0.400810347140090E-04,  -0.630483850670895E-03,   0.245195633624503E-03,
   0.690356202054426E-04,  -0.144097112764961E-02,   0.337022485677988E-03,
   0.100524445085767E-03,  -0.243172365325230E-02,   0.484654079182934E-03,
