   0.000000000000000E+00,   0.000000000000000E+00,   0.000000000000000E+00,
   0.000000000000000E+00,   0.000000000000000E+00,   0.000000000000000E+00,
   0.000000000000000E+00,   0.000000000000000E+00,   0.000000000000000E+00,
   0.000000000000000E+00,   0.000000000000000E+00,   0.000000000000000E+00,
   0.000000000000000E+00,   0.000000000000000E+00,   0.000000000000000E+00,
   0.000000000000000E+00,   0.000000000000000E+00,   0.000000000000000E+00,
   0.000000000000000E+00,   0.000000000000000E+00,   0.000000000000000E+00,
   0.000000000000000E+00,   0.000000000000000E+00,   0.000000000000000E+00,
   0.000000000000000E+00,   0.000000000000000E+00,   0.000000000000000E+00,
   0.965933326330104E+00,  -0.528093191040635E+01,   0.409653137170748E+01,
   0.216357671899379E+01,  -0.207076078501909E+01,  -0.539755804844037E+00,
   0.153105749630235E+01,  -0.781367715546872E+01,  -0.462229066640017E+01,
  -0.439595591320933E+00,  -0.827640657709757E+01,   0.171291595030450E+01,
   0.412518500877054E-01,  -0.405952691235797E+01,   0.379208447135367E+00,
  -0.365897064477069E+00,  -0.375040954702839E+01,  -0.427213855145117E+00,
  -0.223335001946892E+00,  -0.139306849632768E+02,   0.778380023635251E+00,
   0.339068379120880E+00,  -0.804507596637890E+01,  -0.488668783835249E+00,
   0.110714243182038E+01,  -0.879577232250280E+00,  -0.187318435271453E+01,
  -0.110206980342695E+01,  -0.138833271058679E+02,   0.309967998516532E+01,
   0.393238412873335E+00,  -0.671565295872854E+01,  -0.167896419529338E+00,
   0.260634634557683E+01,   0.337601532582003E+01,  -0.407896468427038E+01,
  -0.443702518854366E+01,  -0.124599639065262E+02,   0.991232462490323E+01,
   0.104035611313871E+01,  -0.196983602924777E+01,   0.189137758635679E+01,
   0.804736321497437E+01,   0.119662497348114E+02,  -0.752056775325417E+01,
  -0.966075947690136E+01,  -0.234888779747034E+02,   0.178187854705617E+02,
   0.117407721555242E+01,  -0.110866782616266E+02,   0.548502518318839E+01,
   0.145957592318070E+02,   0.506539307462312E+01,  -0.891577423088832E+01,
  -0.148001373137504E+02,  -0.220814469700243E+02,   0.190043596672592E+02,
   0.142869547792497E+01,  -0.956007166421319E+01,   0.409667349978253E+01,
   0.213085086082171E+02,   0.688148700403541E+01,  -0.133583770847172E+02,
  -0.264625326259718E+02,  -0.853708940823955E+01,   0.191107822735718E+02,
   0.349162595028834E+01,   0.254351187758981E+01,   0.513812790239413E+00,
   0.397980822952177E+02,   0.178253796947033E+02,  -0.214525535587832E+02,
  -0.514214946681182E+02,  -0.141891116927393E+02,   0.300016538220193E+02,
  -0.721960345867627E+01,  -0.596148250091530E+01,   0.101614506466281E+02,
   0.461144531432957E+02,   0.648059669657633E+01,  -0.134457764819991E+02,
  -0.588953753019391E+02,  -0.119126327146316E+02,   0.281257721053751E+02,
  -0.537279302554666E+01,  -0.646648046290513E+01,   0.957537138468398E+01,
   0.594138305296504E+02,   0.303303299732132E+01,  -0.126518629412030E+02,
  -0.634205865085343E+02,   0.327392525910948E+01,   0.139613412978361E+02,
   0.761291469454852E+01,   0.421680717686682E+01,   0.196814052469037E+01,
   0.943985095098412E+02,   0.904189895145503E+01,  -0.128274776469295E+02,
  -0.101397875375371E+03,   0.397595191388737E+01,   0.111321869260024E+02,
  -0.157663247507276E+02,   0.248598413483405E+01,   0.889410291567252E+01,
   0.895582068208262E+02,   0.503532138120364E+01,   0.529575023061881E+01,
  -0.116316243499582E+03,   0.251086531312094E+01,   0.131014510963978E+01,
  -0.184550527249840E+02,   0.178651936411130E+01,   0.582805419239753E+01,
   0.991156813385483E+02,   0.496419814883338E+01,   0.102495271018357E+02,
  -0.944683788414018E+02,   0.561273535176291E+01,  -0.183852587869693E+02,
   0.919550853280794E+01,   0.794931745350996E+01,   0.167848361826341E+01,
   0.135576847489150E+03,   0.153803565258311E+02,   0.246558714844374E+02,
  -0.129613177694010E+03,  -0.911494400307519E+01,  -0.416175374108856E+02,
  -0.250859176374561E+02,   0.212024539540655E+01,  -0.456214746550716E+01,
   0.104399296907460E+03,   0.206860702366337E+02,   0.386954982723975E+02,
  -0.123906629334252E+03,  -0.162709823987227E+02,  -0.501669910232215E+02,
  -0.224300555099161E+02,   0.338011596702569E+01,  -0.269644663500101E+01,
   0.103797119107740E+03,   0.319807438349990E+02,   0.527809348248448E+02,
  -0.741651249751997E+02,  -0.259754286017348E+02,  -0.581327801393379E+02,
   0.174341588418095E+02,   0.139622836116248E+02,   0.510697634515732E+01,
   0.131031955328456E+03,   0.662085332037544E+02,   0.787092022141412E+02,
  -0.968370794563670E+02,  -0.741092713538734E+02,  -0.888971528295556E+02,
  -0.179456870165756E+02,  -0.931542085444191E+01,  -0.158474022680205E+02,
   0.796831305241129E+02,   0.719196163655190E+02,   0.688723696355413E+02,
  -0.882421362103906E+02,  -0.873255871610681E+02,  -0.896518656593484E+02,
  -0.192349118137261E+02,  -0.661641724485496E+01,  -0.146221670988421E+02,
   0.672542348160169E+02,   0.937243588226508E+02,   0.727322053848002E+02,
  -0.313315185864997E+02,  -0.872826450105409E+02,  -0.657540405577818E+02,
   0.151474607471240E+02,   0.220026213981200E+02,   0.605488620985616E+01,
   0.778140924168762E+02,   0.157549090015432E+03,   0.911050358880885E+02,
  -0.238692351113414E+02,  -0.158816067861949E+03,  -0.739702261475393E+02,
  -0.234711815752307E+01,  -0.234946708066249E+02,  -0.128709527508765E+02,
   0.335870919489590E+02,   0.144282527925690E+03,   0.611120580772916E+02,
  -0.114330339683293E+02,  -0.170627276541622E+03,  -0.663175534794656E+02,
  -0.343298335090504E+01,  -0.225935442596710E+02,  -0.143088262510502E+02,
   0.160316241037743E+02,   0.159921442115333E+03,   0.478437174727395E+02,
   0.687593772395468E+01,  -0.145233369087961E+03,  -0.312960271825837E+02,
   0.112866678986471E+02,   0.215574589606095E+02,   0.122873318799536E+01,
   0.222304665395887E+02,   0.223882533215026E+03,   0.351007086666090E+02,
  -0.297310604293307E+02,  -0.210165789007610E+03,  -0.122887192528378E+02,
  -0.331156582170670E+01,  -0.283964860862692E+02,  -0.120265540459553E+00,
   0.295382797263218E+02,   0.189437477097751E+03,   0.451808566930531E+01,
   0.000000000000000E+00,   0.000000000000000E+00,   0.000000000000000E+00,
   0.000000000000000E+00,   0.000000000000000E+00,   0.000000000000000E+00,
   0.000000000000000E+00,   0.000000000000000E+00,   0.000000000000000E+00,
   0.000000000000000E+00,   0.000000000000000E+00,   0.000000000000000E+00,
   0.000000000000000E+00,   0.000000000000000E+00,   0.000000000000000E+00,
   0.000000000000000E+00,   0.000000000000000E+00,   0.000000000000000E+00,
   0.000000000000000E+00,   0.000000000000000E+00,   0.000000000000000E+00,
   0.000000000000000E+00,   0.000000000000000E+00,   0.000000000000000E+00,
   0.000000000000000E+00,   0.000000000000000E+00,   0.000000000000000E+00,
   0.195354032012698E+01,  -0.105624296377925E+02,   0.817800898052848E+01,
   0.435020093120447E+01,  -0.426022764403539E+01,  -0.106385137609357E+01,
   0.314479503706220E+01,  -0.155609738195312E+02,  -0.917834936604436E+01,
  -0.888017120542646E+00,  -0.164670049537221E+02,   0.349003432038945E+01,
   0.342001461545187E-01,  -0.810590794568521E+01,   0.732453260824060E+00,
  -0.823085190200972E+00,  -0.755790643535355E+01,  -0.961802061063546E+00,
  -0.439281738096281E+00,  -0.277451176762084E+02,   0.152745513943005E+01,
   0.685606800660053E+00,  -0.158962953302035E+02,  -0.102989009293772E+01,
   0.216901669402330E+01,  -0.178068986910431E+01,  -0.378851859980401E+01,
  -0.220076908849243E+01,  -0.278160164804814E+02,   0.607571889684744E+01,
   0.838908264029854E+00,  -0.132715180389066E+02,  -0.355707663859083E+00,
   0.527212640321987E+01,   0.686378260201730E+01,  -0.803629415871868E+01,
  -0.888963954167806E+01,  -0.252717471938182E+02,   0.197510756681681E+02,
   0.211297618556808E+01,  -0.411172065657202E+01,   0.388383597734451E+01,
   0.161976882977455E+02,   0.240556239908768E+02,  -0.147954417321061E+02,
  -0.192759097412981E+02,  -0.471533492888546E+02,   0.358404541864092E+02,
   0.231390399789838E+01,  -0.226682566094938E+02,   0.111859802539046E+02,
   0.291437800209200E+02,   0.972969009383118E+01,  -0.177468675246104E+02,
  -0.295981986040784E+02,  -0.437013094865141E+02,   0.383440698949992E+02,
   0.277883233753950E+01,  -0.193038672174324E+02,   0.829179356662332E+01,
   0.425473818834614E+02,   0.132515966634075E+02,  -0.270022205498584E+02,
  -0.533384953941830E+02,  -0.162606564186856E+02,   0.383122268877451E+02,
   0.697832545014216E+01,   0.568270855125080E+01,   0.626465729896645E+00,
   0.801937790999303E+02,   0.359099937284779E+02,  -0.437570819553116E+02,
  -0.104109955229379E+03,  -0.295196415512884E+02,   0.596773388821554E+02,
  -0.144771584834328E+02,  -0.116785351963173E+02,   0.196188999270771E+02,
   0.937859672549907E+02,   0.142545145782115E+02,  -0.276739230502381E+02,
  -0.116761878648348E+03,  -0.270600614554449E+02,   0.556964710213946E+02,
  -0.105934356788361E+02,  -0.140196225305805E+02,   0.188529871622523E+02,
   0.117744822607957E+03,   0.665997164497082E+01,  -0.248282280879662E+02,
  -0.117852135154110E+03,   0.840117831785813E+00,   0.240280466633405E+02,
   0.146745242686870E+02,   0.505566862519336E+01,   0.896997749593838E+00,
   0.175586286915750E+03,   0.161874568941564E+02,  -0.271062824593926E+02,
  -0.183155197703868E+03,   0.262597955109745E+01,   0.107178720546473E+02,
  -0.295590464699417E+02,   0.220929937649756E+01,   0.574038979497664E+01,
   0.157649875419779E+03,   0.866734342747358E+01,  -0.135445477406481E+01,
  -0.178452054814651E+03,   0.527159236558921E+01,  -0.731143503392666E+01,
  -0.281426506711424E+02,   0.303795013389938E+01,  -0.191263992668642E+01,
   0.154743740658009E+03,   0.737798438870515E+01,   0.461386612065196E+01,
  -0.130718665475136E+03,   0.748932683819047E+01,  -0.266414502456641E+02,
   0.137099817657521E+02,   0.102200241557836E+02,  -0.809976085167463E-01,
   0.190204319762703E+03,   0.204316365743461E+02,   0.312407569566996E+02,
  -0.158061832361164E+03,  -0.167086663758758E+02,  -0.576177330057965E+02,
  -0.261958827901122E+02,  -0.275717132692060E+01,  -0.111523325358245E+02,
   0.136113569084904E+03,   0.206638550999304E+02,   0.435002399782744E+02,
  -0.147340245095139E+03,  -0.246727526857150E+02,  -0.666051376334861E+02,
  -0.251547789824741E+02,  -0.134845366564061E+01,  -0.998412322999171E+01,
   0.125635280902796E+03,   0.329587642591865E+02,   0.564604777262304E+02,
  -0.849432087512262E+02,  -0.291454252797082E+02,  -0.655791556235397E+02,
   0.180888873809030E+02,   0.142028284666420E+02,   0.407086270529849E+01,
   0.145260152248585E+03,   0.715653888561835E+02,   0.853878176793150E+02,
  -0.965547617969255E+02,  -0.819392319676902E+02,  -0.925095164497481E+02,
  -0.147533488417517E+02,  -0.153748532128074E+02,  -0.169700348758883E+02,
   0.863371412724720E+02,   0.687613834802893E+02,   0.708297996807760E+02,
  -0.853697720836925E+02,  -0.948261386027105E+02,  -0.921517817934253E+02,
  -0.162882414826696E+02,  -0.141328813055154E+02,  -0.168519437989157E+02,
   0.701578725495135E+02,   0.867613671430719E+02,   0.708917637520685E+02,
  -0.312069737718293E+02,  -0.864885805977367E+02,  -0.652080048652089E+02,
   0.138650435595485E+02,   0.179555682773613E+02,   0.402224673927525E+01,
   0.742491409119468E+02,   0.147817446494749E+03,   0.858611457719361E+02,
  -0.215099474669785E+02,  -0.150198276365960E+03,  -0.678094971873914E+02,
  -0.148799041770843E+01,  -0.255382536159444E+02,  -0.112900380749932E+02,
   0.315633638114915E+02,   0.129154088733213E+03,   0.568780506680486E+02,
  -0.944163978643330E+01,  -0.160253282881659E+03,  -0.597051182112744E+02,
  -0.199153119946319E+01,  -0.258318026963400E+02,  -0.124197712487432E+02,
   0.157132698415950E+02,   0.139994014513695E+03,   0.438840920182067E+02,
   0.611051456900932E+01,  -0.133743598318235E+03,  -0.286238416152570E+02,
   0.102246690503803E+02,   0.152326707240849E+02,   0.654046443230549E+00,
   0.201752046047077E+02,   0.196007692049341E+03,   0.311153721297485E+02,
  -0.266655978370669E+02,  -0.188520424646380E+03,  -0.107171425232249E+02,
  -0.344970436229560E+01,  -0.285407465317876E+02,   0.200097443339083E+00,
   0.254154179215520E+02,   0.163140588785639E+03,   0.446508535566647E+01,
   0.000000000000000E+00,   0.000000000000000E+00,   0.000000000000000E+00,
   0.000000000000000E+00,   0.000000000000000E+00,   0.000000000000000E+00,
   0.000000000000000E+00,   0.000000000000000E+00,   0.000000000000000E+00,
   0.000000000000000E+00,   0.000000000000000E+00,   0.000000000000000E+00,
   0.000000000000000E+00,   0.000000000000000E+00,   0.000000000000000E+00,
   0.000000000000000E+00,   0.000000000000000E+00,   0.000000000000000E+00,
   0.000000000000000E+00,   0.000000000000000E+00,   0.000000000000000E+00,
   0.000000000000000E+00,   0.000000000000000E+00,   0.000000000000000E+00,
   0.000000000000000E+00,   0.000000000000000E+00,   0.000000000000000E+00,
   0.294114731393107E+01,  -0.158439273651759E+02,   0.122594865893502E+02,
   0.653682514341537E+01,  -0.644969450305061E+01,  -0.158794694733964E+01,
   0.475853257781793E+01,  -0.233082704835901E+02,  -0.137344080656851E+02,
  -0.133643864976280E+01,  -0.246576033303459E+02,   0.526715269047520E+01,
   0.271484422221632E-01,  -0.121522889790118E+02,   0.108569807451437E+01,
  -0.128027331592375E+01,  -0.113654033236764E+02,  -0.149639026698147E+01,
  -0.655228474245887E+00,  -0.415595503891401E+02,   0.227653025522470E+01,
   0.103214522220020E+01,  -0.237475146940278E+02,  -0.157111140204057E+01,
   0.323089095622875E+01,  -0.268180250595800E+01,  -0.570385284689335E+01,
  -0.329946837355775E+01,  -0.417487058550955E+02,   0.905175780852863E+01,
   0.128457811518774E+01,  -0.198273831190841E+02,  -0.543518908189405E+00,
   0.793790646086530E+01,   0.103515498782151E+02,  -0.119936236331665E+02,
  -0.133422538948135E+02,  -0.380835304811113E+02,   0.295898267114327E+02,
   0.318559625799796E+01,  -0.625360528389510E+01,   0.587629436833223E+01,
   0.243480133805180E+02,   0.361449982469446E+02,  -0.220703157109574E+02,
  -0.288910600056960E+02,  -0.708178206030067E+02,   0.538621229022567E+02,
   0.345373078024421E+01,  -0.342498349573601E+02,   0.168869353246212E+02,
   0.436918008100337E+02,   0.143939871130427E+02,  -0.265779608183317E+02,
  -0.443962598944066E+02,  -0.653211720030047E+02,   0.576837801227401E+02,
   0.412896919715400E+01,  -0.290476627706508E+02,   0.124869136334648E+02,
   0.637862551587062E+02,   0.196217063227829E+02,  -0.406460640149988E+02,
  -0.802144581623944E+02,  -0.239842234291327E+02,   0.575136715019190E+02,
   0.104650249499962E+02,   0.882190522491254E+01,   0.739118669554499E+00,
   0.120589475904644E+03,   0.539946077622556E+02,  -0.660616103518396E+02,
  -0.156798415790640E+03,  -0.448501714098399E+02,   0.893530239422921E+02,
  -0.217347135081896E+02,  -0.173955878917193E+02,   0.290763492075265E+02,
   0.141457481366686E+03,   0.220284324598494E+02,  -0.419020696184770E+02,
  -0.174628381994757E+03,  -0.422074901962613E+02,   0.832671699374144E+02,
  -0.158140783321258E+02,  -0.215727645982565E+02,   0.281306029398208E+02,
   0.176075814686263E+03,   0.102869102926224E+02,  -0.370045932347293E+02,
  -0.172283683799686E+03,  -0.159368959554091E+01,   0.340947520288449E+02,
   0.217361338428256E+02,   0.589453007351863E+01,  -0.174145025502523E+00,
   0.256774064321659E+03,   0.233330148368585E+02,  -0.413850872718557E+02,
  -0.264912520032365E+03,   0.127600718830676E+01,   0.103035571832921E+02,
  -0.433517681891551E+02,   0.193261461816018E+01,   0.258667667428092E+01,
   0.225741544018733E+03,   0.122993654737425E+02,  -0.800465977874863E+01,
  -0.240587866129720E+03,   0.803231941805695E+01,  -0.159330151774929E+02,
  -0.378302486173017E+02,   0.428938090368664E+01,  -0.965333404577040E+01,
   0.210371799977468E+03,   0.979177062857546E+01,  -0.102179486053170E+01,
  -0.166968952108870E+03,   0.936591832461733E+01,  -0.348976417043590E+02,
   0.182244549986959E+02,   0.124907308580568E+02,  -0.184047883529695E+01,
   0.244831792036256E+03,   0.254829166228607E+02,   0.378256424289618E+02,
  -0.186510487028318E+03,  -0.243023887486768E+02,  -0.736179286007077E+02,
  -0.273058479427681E+02,  -0.763458804924778E+01,  -0.177425176061420E+02,
   0.167827841262348E+03,   0.206416399632275E+02,   0.483049816841512E+02,
  -0.170773860856025E+03,  -0.330745229727074E+02,  -0.830432842437512E+02,
  -0.278795024550316E+02,  -0.607702329830660E+01,  -0.172717998249827E+02,
   0.147473442697852E+03,   0.339367846833747E+02,   0.601400206276159E+02,
  -0.957212925272525E+02,  -0.323154219576813E+02,  -0.730255311077419E+02,
   0.187436159199969E+02,   0.144433733216598E+02,   0.303474906543939E+01,
   0.159488349168715E+03,   0.769222445086134E+02,   0.920664331444885E+02,
  -0.962724441374835E+02,  -0.897691925815066E+02,  -0.961218800699406E+02,
  -0.115610106669273E+02,  -0.214342855711727E+02,  -0.180926674837562E+02,
   0.929911520208313E+02,   0.656031505950597E+02,   0.727872297260105E+02,
  -0.824974079569938E+02,  -0.102326690044353E+03,  -0.946516979275021E+02,
  -0.133415711516130E+02,  -0.216493453661759E+02,  -0.190817204989893E+02,
   0.730615102830101E+02,   0.797983754634929E+02,   0.690513221193367E+02,
  -0.310824289571586E+02,  -0.856945161849327E+02,  -0.646619691726358E+02,
   0.125826263719731E+02,   0.139085151566024E+02,   0.198960726869446E+01,
   0.706841894070170E+02,   0.138085802974065E+03,   0.806172556557837E+02,
  -0.191506598226155E+02,  -0.141580484869972E+03,  -0.616487682272434E+02,
  -0.628862677893750E+00,  -0.275818364252637E+02,  -0.970912339910970E+01,
   0.295396356740238E+02,   0.114025649540737E+03,   0.526440432588057E+02,
  -0.745024560453715E+01,  -0.149879289221696E+03,  -0.530926829430831E+02,
  -0.550079048021278E+00,  -0.290700611330090E+02,  -0.105307162464361E+02,
   0.153949155794157E+02,   0.120066586912057E+03,   0.399244665636738E+02,
   0.534509141406402E+01,  -0.122253827548509E+03,  -0.259516560479304E+02,
   0.916267020211352E+01,   0.890788248756029E+01,   0.793596984657284E-01,
   0.181199426698267E+02,   0.168132850883656E+03,   0.271300355928879E+02,
  -0.236001352448030E+02,  -0.166875060285150E+03,  -0.914556579361193E+01,
  -0.358784290288448E+01,  -0.286850069773061E+02,   0.520460427137737E+00,
   0.212925561167822E+02,   0.136843700473526E+03,   0.441208504202771E+01,
   0.000000000000000E+00,   0.000000000000000E+00,   0.000000000000000E+00,
   0.000000000000000E+00,   0.000000000000000E+00,   0.000000000000000E+00,
   0.000000000000000E+00,   0.000000000000000E+00,   0.000000000000000E+00,
   0.000000000000000E+00,   0.000000000000000E+00,   0.000000000000000E+00,
   0.000000000000000E+00,   0.000000000000000E+00,   0.000000000000000E+00,
   0.000000000000000E+00,   0.000000000000000E+00,   0.000000000000000E+00,
   0.000000000000000E+00,   0.000000000000000E+00,   0.000000000000000E+00,
   0.000000000000000E+00,   0.000000000000000E+00,   0.000000000000000E+00,
   0.000000000000000E+00,   0.000000000000000E+00,   0.000000000000000E+00,
   0.392875430772939E+01,  -0.211254250925604E+02,   0.163409641981714E+02,
   0.872344935562520E+01,  -0.863916136206562E+01,  -0.211204251858640E+01,
   0.637227011857578E+01,  -0.310555671476488E+02,  -0.182904667653254E+02,
  -0.178486017898384E+01,  -0.328482017069699E+02,   0.704427106056049E+01,
   0.200967382889475E-01,  -0.161986700123385E+02,   0.143894288820440E+01,
  -0.173746144164730E+01,  -0.151729002119991E+02,  -0.203097847289902E+01,
  -0.871175210394762E+00,  -0.553739831020718E+02,   0.302560537101879E+01,
   0.137868364374075E+01,  -0.315987340578522E+02,  -0.211233271114328E+01,
   0.429276521843415E+01,  -0.358291514281147E+01,  -0.761918709398273E+01,
  -0.439816765862216E+01,  -0.556813952297092E+02,   0.120277967202096E+02,
   0.173024796634556E+01,  -0.263832481992619E+02,  -0.731330152519208E+00,
   0.106036865185103E+02,   0.138393171544133E+02,  -0.159509531076142E+02,
  -0.177948682479480E+02,  -0.508953137684039E+02,   0.394285777546970E+02,
   0.425821633042791E+01,  -0.839548991121851E+01,   0.786875275931995E+01,
   0.324983384632899E+02,   0.482343725030124E+02,  -0.293451896898089E+02,
  -0.385062102700934E+02,  -0.944822919171588E+02,   0.718837916181038E+02,
   0.459355756259031E+01,  -0.458314133052263E+02,   0.225878903953377E+02,
   0.582398215991475E+02,   0.190582841322541E+02,  -0.354090541120527E+02,
  -0.591943211847347E+02,  -0.869410345194950E+02,   0.770234903504802E+02,
   0.547910605676862E+01,  -0.387914583238689E+02,   0.166820337003058E+02,
   0.850251284339509E+02,   0.259918159821584E+02,  -0.542899074801390E+02,
  -0.107090420930606E+03,  -0.317077904395800E+02,   0.767151161160927E+02,
   0.139517244498503E+02,   0.119611018985747E+02,   0.851771609212280E+00,
   0.160985172709356E+03,   0.720792217960335E+02,  -0.883661387483673E+02,
  -0.209486876351902E+03,  -0.601807012683912E+02,   0.119028709002429E+03,
  -0.289922685329463E+02,  -0.231126405871212E+02,   0.385337984879760E+02,
   0.189128995478382E+03,   0.298023503414876E+02,  -0.561302161867159E+02,
  -0.232494885341167E+03,  -0.573549189370777E+02,   0.110837868853434E+03,
  -0.210347209854154E+02,  -0.291259066659324E+02,   0.374082187173893E+02,
   0.234406806764569E+03,   0.139138489402741E+02,  -0.491809583814926E+02,
  -0.226715232445262E+03,  -0.402749702286746E+01,   0.441614573943494E+02,
   0.287977434169641E+02,   0.673339152184396E+01,  -0.124528780059888E+01,
   0.337961841727568E+03,   0.304785727795605E+02,  -0.556638920843188E+02,
  -0.346669842360862E+03,  -0.739651744840071E-01,   0.988924231193696E+01,
  -0.571444899083685E+02,   0.165592985982284E+01,  -0.567036446414807E+00,
   0.293833212617687E+03,   0.159313875200115E+02,  -0.146548647834323E+02,
  -0.302723677444789E+03,   0.107930464705248E+02,  -0.245545953210592E+02,
  -0.475178465634609E+02,   0.554081167347390E+01,  -0.173940281648544E+02,
   0.265999859296928E+03,   0.122055568684458E+02,  -0.665745584171536E+01,
  -0.203219238742604E+03,   0.112425098110444E+02,  -0.431538331630539E+02,
   0.227389282316398E+02,   0.147614375603300E+02,  -0.359996006207720E+01,
   0.299459264309809E+03,   0.305341966713755E+02,   0.444105279012241E+02,
  -0.214959141695473E+03,  -0.318961111214777E+02,  -0.896181241956189E+02,
  -0.284158130954240E+02,  -0.125120047715749E+02,  -0.243327026764595E+02,
   0.199542113439792E+03,   0.206194248265246E+02,   0.531097233900282E+02,
  -0.194207476616912E+03,  -0.414762932596996E+02,  -0.994814308540162E+02,
  -0.306042259275892E+02,  -0.108055929309724E+02,  -0.245594764199736E+02,
   0.169311604492908E+03,   0.349148051075630E+02,   0.638195635290014E+02,
  -0.106499376303279E+03,  -0.354854186356543E+02,  -0.804719065919441E+02,
   0.193983444590910E+02,   0.146839181766777E+02,   0.199863542558032E+01,
   0.173716546088845E+03,   0.822791001610435E+02,   0.987450486096622E+02,
  -0.959901264780417E+02,  -0.975991531953231E+02,  -0.997342436901332E+02,
  -0.836867249210298E+01,  -0.274937179295379E+02,  -0.192153000916242E+02,
   0.996451627691910E+02,   0.624449177098303E+02,   0.747446597712451E+02,
  -0.796250438302953E+02,  -0.109827241485995E+03,  -0.971516140615790E+02,
  -0.103949008205563E+02,  -0.291658094268364E+02,  -0.213114971990629E+02,
   0.759651480165069E+02,   0.728353837839142E+02,   0.672108804866049E+02,
  -0.309578841424879E+02,  -0.849004517721286E+02,  -0.641159334800628E+02,
   0.113002091843977E+02,   0.986146203584359E+01,  -0.430322018863327E-01,
   0.671192379020873E+02,   0.128354159453382E+03,   0.753733655396314E+02,
  -0.167913721782524E+02,  -0.132962693373984E+03,  -0.554880392670953E+02,
   0.230265061921000E+00,  -0.296254192345831E+02,  -0.812820872322618E+01,
   0.275159075365562E+02,   0.988972103482605E+02,   0.484100358495627E+02,
  -0.545885142264094E+01,  -0.139505295561733E+03,  -0.464802476748917E+02,
   0.891373103420676E+00,  -0.323083195696779E+02,  -0.864166124412893E+01,
   0.150765613172363E+02,   0.100139159310419E+03,   0.359648411091411E+02,
   0.457966825911874E+01,  -0.110764056778783E+03,  -0.232794704806037E+02,
   0.810067135384677E+01,   0.258309425103574E+01,  -0.495327046299064E+00,
   0.160646807349457E+02,   0.140258009717971E+03,   0.231446990560274E+02,
  -0.205346726525390E+02,  -0.145229695923919E+03,  -0.757398906399887E+01,
  -0.372598144347335E+01,  -0.288292674228245E+02,   0.840823410936489E+00,
   0.171696943120124E+02,   0.110546812161412E+03,   0.435908472838903E+01,
   0.000000000000000E+00,   0.000000000000000E+00,   0.000000000000000E+00,
   0.000000000000000E+00,   0.000000000000000E+00,   0.000000000000000E+00,
   0.000000000000000E+00,   0.000000000000000E+00,   0.000000000000000E+00,
   0.000000000000000E+00,   0.000000000000000E+00,   0.000000000000000E+00,
   0.000000000000000E+00,   0.000000000000000E+00,   0.000000000000000E+00,
   0.000000000000000E+00,   0.000000000000000E+00,   0.000000000000000E+00,
   0.000000000000000E+00,   0.000000000000000E+00,   0.000000000000000E+00,
   0.000000000000000E+00,   0.000000000000000E+00,   0.000000000000000E+00,
   0.000000000000000E+00,   0.000000000000000E+00,   0.000000000000000E+00,
   0.491636130153100E+01,  -0.264069228199451E+02,   0.204224418069931E+02,
   0.109100735678344E+02,  -0.108286282210810E+02,  -0.263613808983270E+01,
   0.798600765933173E+01,  -0.388028638117073E+02,  -0.228465254649656E+02,
  -0.223328170820469E+01,  -0.410388000835943E+02,   0.882138943064589E+01,
   0.130450343564402E-01,  -0.202450510456651E+02,   0.179218770189436E+01,
  -0.219464956737092E+01,  -0.189803971003220E+02,  -0.256556667881672E+01,
  -0.108712194654369E+01,  -0.691884158150037E+02,   0.377468048681300E+01,
   0.172522206528069E+01,  -0.394499534216767E+02,  -0.265355402024629E+01,
   0.535463948063738E+01,  -0.448402777966567E+01,  -0.953452134107222E+01,
  -0.549686694368746E+01,  -0.696140846043231E+02,   0.150038356318905E+02,
   0.217591781750254E+01,  -0.329391132794397E+02,  -0.919141396849473E+00,
   0.132694665761546E+02,   0.173270844306111E+02,  -0.199082825820619E+02,
  -0.222474826010829E+02,  -0.637070970556970E+02,   0.492673287979611E+02,
   0.533083640285779E+01,  -0.105373745385419E+02,   0.986121115030796E+01,
   0.406486635460617E+02,   0.603237467590799E+02,  -0.366200636686598E+02,
  -0.481213605344911E+02,  -0.118146763231312E+03,   0.899054603339514E+02,
   0.573338434493599E+01,  -0.574129916530929E+02,   0.282888454660542E+02,
   0.727878423882611E+02,   0.237225811514655E+02,  -0.442401474057735E+02,
  -0.739923824750630E+02,  -0.108560897035986E+03,   0.963632005782211E+02,
   0.682924291638298E+01,  -0.485352538770873E+02,   0.208771537671474E+02,
   0.106264001709195E+03,   0.323619256415337E+02,  -0.679337509452791E+02,
  -0.133966383698817E+03,  -0.394313574500274E+02,   0.959165607302667E+02,
   0.174384239497043E+02,   0.151002985722367E+02,   0.964424548870205E+00,
   0.201380869514070E+03,   0.901638358298113E+02,  -0.110670667144895E+03,
  -0.262175336913163E+03,  -0.755112311269429E+02,   0.148704394062565E+03,
  -0.362498235577031E+02,  -0.288296932825231E+02,   0.479912477684254E+02,
   0.236800509590077E+03,   0.375762682231255E+02,  -0.703583627549547E+02,
  -0.290361388687576E+03,  -0.725023476778942E+02,   0.138408567769454E+03,
  -0.262553636387050E+02,  -0.366790487336084E+02,   0.466858344949579E+02,
   0.292737798842876E+03,   0.175407875879257E+02,  -0.613573235282557E+02,
  -0.281146781090838E+03,  -0.646130445019420E+01,   0.542281627598538E+02,
   0.358593529911027E+02,   0.757225297016923E+01,  -0.231643057569526E+01,
   0.419149619133477E+03,   0.376241307222625E+02,  -0.699426968967818E+02,
  -0.428427164689358E+03,  -0.142393753727461E+01,   0.947492744058156E+01,
  -0.709372116275820E+02,   0.137924510148543E+01,  -0.372074956711064E+01,
   0.361924881216640E+03,   0.195634095662804E+02,  -0.213050697881161E+02,
  -0.364859488759858E+03,   0.135537735229928E+02,  -0.331761754646255E+02,
  -0.572054445096202E+02,   0.679224244326113E+01,  -0.251347222839383E+02,
   0.321627918616387E+03,   0.146193431083159E+02,  -0.122931168228990E+02,
  -0.239469525376338E+03,   0.131191012974713E+02,  -0.514100246217490E+02,
   0.272534014645836E+02,   0.170321442626031E+02,  -0.535944128885744E+01,
   0.354086736583362E+03,   0.355854767198900E+02,   0.509954133734864E+02,
  -0.243407796362627E+03,  -0.394898334942787E+02,  -0.105618319790530E+03,
  -0.295257782480799E+02,  -0.173894214939021E+02,  -0.309228877467770E+02,
   0.231256385617235E+03,   0.205972096898215E+02,   0.579144650959052E+02,
  -0.217641092377798E+03,  -0.498780635466920E+02,  -0.115919577464281E+03,
  -0.333289494001467E+02,  -0.155341625636384E+02,  -0.318471530149646E+02,
   0.191149766287964E+03,   0.358928255317511E+02,   0.674991064303868E+02,
  -0.117277460079305E+03,  -0.386554153136275E+02,  -0.879182820761462E+02,
   0.200530729981849E+02,   0.149244630316955E+02,   0.962521785721214E+00,
   0.187944743008975E+03,   0.876359558134733E+02,   0.105423664074836E+03,
  -0.957078088185999E+02,  -0.105429113809140E+03,  -0.103346607310326E+03,
  -0.517633431727871E+01,  -0.335531502879031E+02,  -0.203379326994921E+02,
   0.106299173517551E+03,   0.592866848246009E+02,   0.767020898164795E+02,
  -0.767526797035968E+02,  -0.117327792927638E+03,  -0.996515301956559E+02,
  -0.744823048949966E+01,  -0.366822734874969E+02,  -0.235412738991366E+02,
   0.788687857500036E+02,   0.658723921043352E+02,   0.653704388538730E+02,
  -0.308333393278171E+02,  -0.841063873593246E+02,  -0.635698977874898E+02,
   0.100177919968223E+02,   0.581440891508468E+01,  -0.207567167246717E+01,
   0.635542863971575E+02,   0.118622515932698E+03,   0.701294754234790E+02,
  -0.144320845338893E+02,  -0.124344901877995E+03,  -0.493273103069473E+02,
   0.108939280173566E+01,  -0.316690020439024E+02,  -0.654729404734277E+01,
   0.254921793990884E+02,   0.837687711557841E+02,   0.441760284403197E+02,
  -0.346745724074482E+01,  -0.129131301901770E+03,  -0.398678124067004E+02,
   0.233282525486256E+01,  -0.355465780063469E+02,  -0.675260624182187E+01,
   0.147582070550570E+02,   0.802117317087811E+02,   0.320052156546082E+02,
   0.381424510417342E+01,  -0.992742860090572E+02,  -0.206072849132771E+02,
   0.703867250558001E+01,  -0.374169398548883E+01,  -0.107001379106389E+01,
   0.140094188000648E+02,   0.112383168552286E+03,   0.191593625191669E+02,
  -0.174692100602752E+02,  -0.123584331562689E+03,  -0.600241233438596E+01,
  -0.386411998406223E+01,  -0.289735278683430E+02,   0.116118639473511E+01,
   0.130468325072426E+02,   0.842499238492995E+02,   0.430608441475024E+01,
   0.000000000000000E+00,   0.000000000000000E+00,   0.000000000000000E+00,
   0.000000000000000E+00,   0.000000000000000E+00,   0.000000000000000E+00,
   0.000000000000000E+00,   0.000000000000000E+00,   0.000000000000000E+00,
   0.000000000000000E+00,   0.000000000000000E+00,   0.000000000000000E+00,
   0.000000000000000E+00,   0.000000000000000E+00,   0.000000000000000E+00,
   0.000000000000000E+00,   0.000000000000000E+00,   0.000000000000000E+00,
   0.000000000000000E+00,   0.000000000000000E+00,   0.000000000000000E+00,
   0.000000000000000E+00,   0.000000000000000E+00,   0.000000000000000E+00,
   0.000000000000000E+00,   0.000000000000000E+00,   0.000000000000000E+00,
   0.590396829533158E+01,  -0.316884205473295E+02,   0.245039194158146E+02,
   0.130966977800436E+02,  -0.130180950800965E+02,  -0.316023366107934E+01,
   0.959974520008707E+01,  -0.465501604757667E+02,  -0.274025841646063E+02,
  -0.268170323742481E+01,  -0.492293984602178E+02,   0.105985078007319E+02,
   0.599333042324635E-02,  -0.242914320789917E+02,   0.214543251558450E+01,
  -0.265183769309364E+01,  -0.227878939886448E+02,  -0.310015488473453E+01,
  -0.130306868269267E+01,  -0.830028485279354E+02,   0.452375560260715E+01,
   0.207176048682068E+01,  -0.473011727855011E+02,  -0.319477532934910E+01,
   0.641651374284193E+01,  -0.538514041651955E+01,  -0.114498555881620E+02,
  -0.659556622875302E+01,  -0.835467739789370E+02,   0.179798745435718E+02,
   0.262158766865998E+01,  -0.394949783596174E+02,  -0.110695264117939E+01,
   0.159352466337998E+02,   0.208148517068088E+02,  -0.238656120565095E+02,
  -0.267000969542182E+02,  -0.765188803429898E+02,   0.591060798412256E+02,
   0.640345647528770E+01,  -0.126792591658652E+02,   0.118536695412956E+02,
   0.487989886288342E+02,   0.724131210151477E+02,  -0.438949376475108E+02,
  -0.577365107988887E+02,  -0.141811234545464E+03,   0.107927129049799E+03,
   0.687321112728207E+01,  -0.689945700009590E+02,   0.339898005367707E+02,
   0.873358631773752E+02,   0.283868781706772E+02,  -0.530712406994945E+02,
  -0.887904437653914E+02,  -0.130180759552477E+03,   0.115702910805961E+03,
   0.817937977599779E+01,  -0.582790494303052E+02,   0.250722738339885E+02,
   0.127502874984441E+03,   0.387320353009096E+02,  -0.815775944104189E+02,
  -0.160842346467028E+03,  -0.471549244604745E+02,   0.115118005344440E+03,
   0.209251234495583E+02,   0.182394952458988E+02,   0.107707748852799E+01,
   0.241776566318783E+03,   0.108248449863589E+03,  -0.132975195541423E+03,
  -0.314863797474424E+03,  -0.908417609854946E+02,   0.178380079122702E+03,
  -0.435073785824598E+02,  -0.345467459779251E+02,   0.574486970488749E+02,
   0.284472023701772E+03,   0.453501861047637E+02,  -0.845865093231933E+02,
  -0.348227892033986E+03,  -0.876497764187108E+02,   0.165979266685474E+03,
  -0.314760062919946E+02,  -0.442321908012843E+02,   0.559634502725265E+02,
   0.351068790921182E+03,   0.211677262355775E+02,  -0.735336886750186E+02,
  -0.335578329736413E+03,  -0.889511187752080E+01,   0.642948681253582E+02,
   0.429209625652413E+02,   0.841111441849458E+01,  -0.338757335079161E+01,
   0.500337396539386E+03,   0.447696886649646E+02,  -0.842215017092449E+02,
  -0.510184487017855E+03,  -0.277390990006533E+01,   0.906061256922635E+01,
  -0.847299333467953E+02,   0.110256034314808E+01,  -0.687446268780627E+01,
   0.430016549815593E+03,   0.231954316125493E+02,  -0.279552747927998E+02,
  -0.426995300074927E+03,   0.163145005754608E+02,  -0.417977556081918E+02,
  -0.668930424557795E+02,   0.804367321304827E+01,  -0.328754164030223E+02,
   0.377255977935847E+03,   0.170331293481862E+02,  -0.179287778040826E+02,
  -0.275719812010072E+03,   0.149956927838984E+02,  -0.596662160804439E+02,
   0.317678746975274E+02,   0.193028509648763E+02,  -0.711892251563767E+01,
   0.408714208856914E+03,   0.406367567684047E+02,   0.575802988457485E+02,
  -0.271856451029781E+03,  -0.470835558670796E+02,  -0.121618515385441E+03,
  -0.306357434007358E+02,  -0.222668382162292E+02,  -0.375130728170946E+02,
   0.262970657794679E+03,   0.205749945531186E+02,   0.627192068017820E+02,
  -0.241074708138685E+03,  -0.582798338336842E+02,  -0.132357724074546E+03,
  -0.360536728727042E+02,  -0.202627321963043E+02,  -0.391348296099555E+02,
   0.212987928083019E+03,   0.368708459559393E+02,   0.711786493317722E+02,
  -0.128055543855331E+03,  -0.418254119916005E+02,  -0.953646575603483E+02,
   0.207078015372788E+02,   0.151650078867134E+02,  -0.735918541379510E-01,
   0.202172939929105E+03,   0.929928114659031E+02,   0.112102279540009E+03,
  -0.954254911591578E+02,  -0.113259074422956E+03,  -0.106958970930518E+03,
  -0.198399614245440E+01,  -0.396125826462683E+02,  -0.214605653073601E+02,
   0.112953184265910E+03,   0.561284519393713E+02,   0.786595198617140E+02,
  -0.738803155768981E+02,  -0.124828344369280E+03,  -0.102151446329733E+03,
  -0.450156015844300E+01,  -0.441987375481573E+02,  -0.257710505992103E+02,
   0.817724234835002E+02,   0.589094004247563E+02,   0.635299972211411E+02,
  -0.307087945131464E+02,  -0.833123229465206E+02,  -0.630238620949167E+02,
   0.873537480924681E+01,   0.176735579432578E+01,  -0.410831114304799E+01,
   0.599893348922277E+02,   0.108890872412015E+03,   0.648855853073265E+02,
  -0.120727968895263E+02,  -0.115727110382007E+03,  -0.431665813467994E+02,
   0.194852054155027E+01,  -0.337125848532218E+02,  -0.496637937145938E+01,
   0.234684512616206E+02,   0.686403319633076E+02,   0.399420210310767E+02,
  -0.147606305884869E+01,  -0.118757308241808E+03,  -0.332553771385092E+02,
   0.377427740630442E+01,  -0.387848364430158E+02,  -0.486355123951485E+01,
   0.144398527928776E+02,   0.602843041071433E+02,   0.280455902000754E+02,
   0.304882194922814E+01,  -0.877845152393317E+02,  -0.179350993459506E+02,
   0.597667365731327E+01,  -0.100664822220134E+02,  -0.164470053582874E+01,
   0.119541568651838E+02,   0.845083273866020E+02,   0.151740259823063E+02,
  -0.144037474680114E+02,  -0.101938967201459E+03,  -0.443083560477313E+01,
  -0.400225852465112E+01,  -0.291177883138616E+02,   0.148154937853367E+01,
   0.892397070247288E+01,   0.579530355371870E+02,   0.425308410111140E+01,
   0.000000000000000E+00,   0.000000000000000E+00,   0.000000000000000E+00,
   0.000000000000000E+00,   0.000000000000000E+00,   0.000000000000000E+00,
   0.000000000000000E+00,   0.000000000000000E+00,   0.000000000000000E+00,
   0.000000000000000E+00,   0.000000000000000E+00,   0.000000000000000E+00,
   0.000000000000000E+00,   0.000000000000000E+00,   0.000000000000000E+00,
   0.000000000000000E+00,   0.000000000000000E+00,   0.000000000000000E+00,
   0.000000000000000E+00,   0.000000000000000E+00,   0.000000000000000E+00,
   0.000000000000000E+00,   0.000000000000000E+00,   0.000000000000000E+00,
   0.000000000000000E+00,   0.000000000000000E+00,   0.000000000000000E+00,
   0.689157528912983E+01,  -0.369699182747143E+02,   0.285853970246358E+02,
   0.152833219922528E+02,  -0.152075619391118E+02,  -0.368432923232599E+01,
   0.112134827408460E+02,  -0.542974571398255E+02,  -0.319586428642465E+02,
  -0.313012476664650E+01,  -0.574199968368423E+02,   0.123756261708167E+02,
  -0.105837350952831E-02,  -0.283378131123183E+02,   0.249867732927452E+01,
  -0.310902581881665E+01,  -0.265953908769676E+02,  -0.363474309065163E+01,
  -0.151901541884286E+01,  -0.968172812408675E+02,   0.527283071840128E+01,
   0.241829890836025E+01,  -0.551523921493258E+02,  -0.373599663845226E+01,
   0.747838800504619E+01,  -0.628625305337344E+01,  -0.133651898352511E+02,
  -0.769426551381823E+01,  -0.974794633535505E+02,   0.209559134552529E+02,
   0.306725751981711E+01,  -0.460508434397951E+02,  -0.129476388550931E+01,
   0.186010266914444E+02,   0.243026189830068E+02,  -0.278229415309570E+02,
  -0.311527113073530E+02,  -0.893306636302824E+02,   0.689448308844903E+02,
   0.747607654771750E+01,  -0.148211437931887E+02,   0.138461279322834E+02,
   0.569493137116063E+02,   0.845024952712151E+02,  -0.511698116263621E+02,
  -0.673516610632860E+02,  -0.165475705859616E+03,   0.125948797765646E+03,
   0.801303790962821E+01,  -0.805761483488254E+02,   0.396907556074872E+02,
   0.101883883966489E+03,   0.330511751898886E+02,  -0.619023339932157E+02,
  -0.103588505055719E+03,  -0.151800622068967E+03,   0.135042621033702E+03,
   0.952951663561226E+01,  -0.680228449835237E+02,   0.292673939008296E+02,
   0.148741748259685E+03,   0.451021449602847E+02,  -0.952214378755591E+02,
  -0.187718309235239E+03,  -0.548784914709217E+02,   0.134319449958614E+03,
   0.244118229494125E+02,   0.213786919195606E+02,   0.118973042818574E+01,
   0.282172263123496E+03,   0.126333063897367E+03,  -0.155279723937951E+03,
  -0.367552258035685E+03,  -0.106172290844046E+03,   0.208055764182838E+03,
  -0.507649336072164E+02,  -0.402637986733271E+02,   0.669061463293243E+02,
   0.332143537813468E+03,   0.531241039864018E+02,  -0.988146558914323E+02,
  -0.406094395380395E+03,  -0.102797205159527E+03,   0.193549965601493E+03,
  -0.366966489452841E+02,  -0.517853328689602E+02,   0.652410660500949E+02,
   0.409399782999489E+03,   0.247946648832291E+02,  -0.857100538217818E+02,
  -0.390009878381989E+03,  -0.113289193048474E+02,   0.743615734908627E+02,
   0.499825721393799E+02,   0.924997586681992E+01,  -0.445871612588788E+01,
   0.581525173945294E+03,   0.519152466076666E+02,  -0.985003065217078E+02,
  -0.591941809346351E+03,  -0.412388226285605E+01,   0.864629769787118E+01,
  -0.985226550660088E+02,   0.825875584810680E+00,  -0.100281758085019E+02,
   0.498108218414547E+03,   0.268274536588182E+02,  -0.346054797974835E+02,
  -0.489131111389996E+03,   0.190752276279285E+02,  -0.504193357517580E+02,
  -0.765806404019387E+02,   0.929510398283549E+01,  -0.406161105221061E+02,
   0.432884037255306E+03,   0.194469155880565E+02,  -0.235644387852662E+02,
  -0.311970098643807E+03,   0.168722842703253E+02,  -0.679224075391388E+02,
   0.362823479304713E+02,   0.215735576671495E+02,  -0.887840374241781E+01,
   0.463341681130467E+03,   0.456880368169194E+02,   0.641651843180108E+02,
  -0.300305105696935E+03,  -0.546772782398806E+02,  -0.137618710980352E+03,
  -0.317457085533917E+02,  -0.271442549385564E+02,  -0.441032578874120E+02,
   0.294684929972123E+03,   0.205527794164156E+02,   0.675239485076589E+02,
  -0.264508323899571E+03,  -0.666816041206766E+02,  -0.148795870684811E+03,
  -0.387783963452617E+02,  -0.249913018289701E+02,  -0.464225062049464E+02,
   0.234826089878076E+03,   0.378488663801275E+02,   0.748581922331578E+02,
  -0.138833627631358E+03,  -0.449954086695736E+02,  -0.102811033044550E+03,
   0.213625300763729E+02,   0.154055527417313E+02,  -0.110970549399703E+01,
   0.216401136849235E+03,   0.983496671183331E+02,   0.118780895005183E+03,
  -0.951431734997162E+02,  -0.121089035036772E+03,  -0.110571334550711E+03,
   0.120834203237001E+01,  -0.456720150046335E+02,  -0.225831979152281E+02,
   0.119607195014269E+03,   0.529702190541420E+02,   0.806169499069486E+02,
  -0.710079514501997E+02,  -0.132328895810923E+03,  -0.104651362463810E+03,
  -0.155488982738630E+01,  -0.517152016088178E+02,  -0.280008272992839E+02,
   0.846760612169971E+02,   0.519464087451775E+02,   0.616895555884093E+02,
  -0.305842496984758E+02,  -0.825182585337165E+02,  -0.624778264023437E+02,
   0.745295762167142E+01,  -0.227969732643302E+01,  -0.614095061362876E+01,
   0.564243833872981E+02,   0.991592288913312E+02,   0.596416951911742E+02,
  -0.971350924516327E+01,  -0.107109318886019E+03,  -0.370058523866513E+02,
   0.280764828136500E+01,  -0.357561676625412E+02,  -0.338546469557583E+01,
   0.214447231241530E+02,   0.535118927708312E+02,   0.357080136218338E+02,
   0.515331123047460E+00,  -0.108383314581845E+03,  -0.266429418703179E+02,
   0.521572955774638E+01,  -0.420230948796847E+02,  -0.297449623720769E+01,
   0.141214985306984E+02,   0.403568765055054E+02,   0.240859647455426E+02,
   0.228339879428283E+01,  -0.762947444696056E+02,  -0.152629137786239E+02,
   0.491467480904650E+01,  -0.163912704585379E+02,  -0.221938728059352E+01,
   0.989889493030284E+01,   0.566334862209170E+02,   0.111886894454458E+02,
  -0.113382848757474E+02,  -0.802936028402288E+02,  -0.285925887516002E+01,
  -0.414039706523999E+01,  -0.292620487593800E+02,   0.180191236233247E+01,
   0.480110889770301E+01,   0.316561472250736E+02,   0.420008378747275E+01,
   0.000000000000000E+00,   0.000000000000000E+00,   0.000000000000000E+00,
   0.000000000000000E+00,   0.000000000000000E+00,   0.000000000000000E+00,
   0.000000000000000E+00,   0.000000000000000E+00,   0.000000000000000E+00,
   0.000000000000000E+00,   0.000000000000000E+00,   0.000000000000000E+00,
   0.000000000000000E+00,   0.000000000000000E+00,   0.000000000000000E+00,
   0.000000000000000E+00,   0.000000000000000E+00,   0.000000000000000E+00,
   0.000000000000000E+00,   0.000000000000000E+00,   0.000000000000000E+00,
   0.000000000000000E+00,   0.000000000000000E+00,   0.000000000000000E+00,
   0.000000000000000E+00,   0.000000000000000E+00,   0.000000000000000E+00,
   0.787918228293156E+01,  -0.422514160020984E+02,   0.326668746334575E+02,
   0.174699462044632E+02,  -0.173970287981268E+02,  -0.420842480357240E+01,
   0.128272202816020E+02,  -0.620447538038845E+02,  -0.365147015638870E+02,
  -0.357854629586751E+01,  -0.656105952134661E+02,   0.141527445409025E+02,
  -0.811007744203562E-02,  -0.323841941456449E+02,   0.285192214296489E+01,
  -0.356621394454055E+01,  -0.304028877652905E+02,  -0.416933129656936E+01,
  -0.173496215499205E+01,  -0.110631713953799E+03,   0.602190583419538E+01,
   0.276483732990063E+01,  -0.630036115131502E+02,  -0.427721794755552E+01,
   0.854026226725069E+01,  -0.718736569022734E+01,  -0.152805240823407E+02,
  -0.879296479888293E+01,  -0.111412152728164E+03,   0.239319523669342E+02,
   0.351292737097439E+01,  -0.526067085199729E+02,  -0.148257512983923E+01,
   0.212668067490899E+02,   0.277903862592051E+02,  -0.317802710054053E+02,
  -0.356053256604882E+02,  -0.102142446917575E+03,   0.787835819277548E+02,
   0.854869662014755E+01,  -0.169630284205119E+02,   0.158385863232712E+02,
   0.650996387943785E+02,   0.965918695272827E+02,  -0.584446856052130E+02,
  -0.769668113276838E+02,  -0.189140177173769E+03,   0.143970466481493E+03,
   0.915286469197402E+01,  -0.921577266966917E+02,   0.453917106782039E+02,
   0.116431904755603E+03,   0.377154722091001E+02,  -0.707334272869365E+02,
  -0.118386566346048E+03,  -0.173420484585458E+03,   0.154382331261442E+03,
   0.108796534952269E+02,  -0.777666405367417E+02,   0.334625139676711E+02,
   0.169980621534930E+03,   0.514722546196607E+02,  -0.108865281340699E+03,
  -0.214594272003451E+03,  -0.626020584813689E+02,   0.153520894572788E+03,
   0.278985224492665E+02,   0.245178885932228E+02,   0.130238336784368E+01,
   0.322567959928209E+03,   0.144417677931145E+03,  -0.177584252334478E+03,
  -0.420240718596947E+03,  -0.121502820702598E+03,   0.237731449242975E+03,
  -0.580224886319732E+02,  -0.459808513687289E+02,   0.763635956097738E+02,
   0.379815051925164E+03,   0.608980218680401E+02,  -0.113042802459671E+03,
  -0.463960898726805E+03,  -0.117944633900344E+03,   0.221120664517513E+03,
  -0.419172915985738E+02,  -0.593384749366361E+02,   0.745186818276635E+02,
   0.467730775077796E+03,   0.284216035308808E+02,  -0.978864189685448E+02,
  -0.444441427027565E+03,  -0.137627267321740E+02,   0.844282788563671E+02,
   0.570441817135185E+02,   0.100888373151452E+02,  -0.552985890098421E+01,
   0.662712951351203E+03,   0.590608045503687E+02,  -0.112779111334171E+03,
  -0.673699131674848E+03,  -0.547385462564670E+01,   0.823198282651591E+01,
  -0.112315376785222E+03,   0.549190826473315E+00,  -0.131818889291977E+02,
   0.566199887013500E+03,   0.304594757050873E+02,  -0.412556848021673E+02,
  -0.551266922705065E+03,   0.218359546803965E+02,  -0.590409158953244E+02,
  -0.862682383480980E+02,   0.105465347526228E+02,  -0.483568046411901E+02,
   0.488512096574766E+03,   0.218607018279268E+02,  -0.292000997664499E+02,
  -0.348220385277541E+03,   0.187488757567523E+02,  -0.761785989978338E+02,
   0.407968211634151E+02,   0.238442643694226E+02,  -0.106378849691981E+02,
   0.517969153404020E+03,   0.507393168654341E+02,   0.707500697902730E+02,
  -0.328753760364089E+03,  -0.622710006126815E+02,  -0.153618906575264E+03,
  -0.328556737060476E+02,  -0.320216716608835E+02,  -0.506934429577296E+02,
   0.326399202149567E+03,   0.205305642797127E+02,   0.723286902135358E+02,
  -0.287941939660458E+03,  -0.750833744076688E+02,  -0.165234017295076E+03,
  -0.415031198178193E+02,  -0.297198714616361E+02,  -0.537101827999374E+02,
   0.256664251673131E+03,   0.388268868043157E+02,   0.785377351345432E+02,
  -0.149611711407384E+03,  -0.481654053475466E+02,  -0.110257408528753E+03,
   0.220172586154668E+02,   0.156460975967491E+02,  -0.214581913385613E+01,
   0.230629333769365E+03,   0.103706522770763E+03,   0.125459510470356E+03,
  -0.948608558402742E+02,  -0.128918995650589E+03,  -0.114183698170903E+03,
   0.440068020719424E+01,  -0.517314473629987E+02,  -0.237058305230960E+02,
   0.126261205762629E+03,   0.498119861689125E+02,   0.825743799521830E+02,
  -0.681355873235011E+02,  -0.139829447252565E+03,  -0.107151278597886E+03,
   0.139178050367032E+01,  -0.592316656694784E+02,  -0.302306039993575E+02,
   0.875796989504935E+02,   0.449834170655984E+02,   0.598491139556774E+02,
  -0.304597048838051E+02,  -0.817241941209125E+02,  -0.619317907097706E+02,
   0.617054043409593E+01,  -0.632675044719197E+01,  -0.817359008420961E+01,
   0.528594318823683E+02,   0.894275853706475E+02,   0.543978050750217E+02,
  -0.735422160080022E+01,  -0.984915273900307E+02,  -0.308451234265034E+02,
   0.366677602117964E+01,  -0.377997504718606E+02,  -0.180455001969247E+01,
   0.194209949866852E+02,   0.383834535783548E+02,   0.314740062125907E+02,
   0.250672530494359E+01,  -0.980093209218819E+02,  -0.200305066021267E+02,
   0.665718170918825E+01,  -0.452613533163537E+02,  -0.108544123490067E+01,
   0.138031442685189E+02,   0.204294489038676E+02,   0.201263392910098E+02,
   0.151797563933754E+01,  -0.648049736998800E+02,  -0.125907282112973E+02,
   0.385267596077975E+01,  -0.227160586950625E+02,  -0.279407402535837E+01,
   0.784363299542190E+01,   0.287586450552325E+02,   0.720335290858525E+01,
  -0.827282228348357E+01,  -0.586482384789990E+02,  -0.128768214554720E+01,
  -0.427853560582887E+01,  -0.294063092048986E+02,   0.212227534613101E+01,
   0.678247092933282E+00,   0.535925891296097E+01,   0.414708347383389E+01,
   0.000000000000000E+00,   0.000000000000000E+00,   0.000000000000000E+00,
   0.000000000000000E+00,   0.000000000000000E+00,   0.000000000000000E+00,
   0.000000000000000E+00,   0.000000000000000E+00,   0.000000000000000E+00,
   0.000000000000000E+00,   0.000000000000000E+00,   0.000000000000000E+00,
   0.000000000000000E+00,   0.000000000000000E+00,   0.000000000000000E+00,
   0.000000000000000E+00,   0.000000000000000E+00,   0.000000000000000E+00,
   0.000000000000000E+00,   0.000000000000000E+00,   0.000000000000000E+00,
   0.000000000000000E+00,   0.000000000000000E+00,   0.000000000000000E+00,
   0.000000000000000E+00,   0.000000000000000E+00,   0.000000000000000E+00,
   0.886678927673104E+01,  -0.475329137294827E+02,   0.367483522422787E+02,
   0.196565704166719E+02,  -0.195864956571419E+02,  -0.473252037481939E+01,
   0.144409578223571E+02,  -0.697920504679432E+02,  -0.410707602635278E+02,
  -0.402696782508911E+01,  -0.738011935900901E+02,   0.159298629109874E+02,
  -0.151617813750849E-01,  -0.364305751789715E+02,   0.320516695665480E+01,
  -0.402340207026491E+01,  -0.342103846536135E+02,  -0.470391950248688E+01,
  -0.195090889114168E+01,  -0.124446146666731E+03,   0.677098094998957E+01,
   0.311137575144056E+01,  -0.708548308769746E+02,  -0.481843925665860E+01,
   0.960213652945483E+01,  -0.808847832708134E+01,  -0.171958583294297E+02,
  -0.989166408394858E+01,  -0.125344842102779E+03,   0.269079912786151E+02,
   0.395859722213149E+01,  -0.591625736001508E+02,  -0.167038637416938E+01,
   0.239325868067344E+02,   0.312781535354026E+02,  -0.357376004798531E+02,
  -0.400579400136237E+02,  -0.114954230204869E+03,   0.886223329710189E+02,
   0.962131669257719E+01,  -0.191049130478355E+02,   0.178310447142589E+02,
   0.732499638771508E+02,   0.108681243783350E+03,  -0.657195595840638E+02,
  -0.865819615920812E+02,  -0.212804648487921E+03,   0.161992135197341E+03,
   0.102926914743197E+02,  -0.103739305044558E+03,   0.510926657489204E+02,
   0.130979925544716E+03,   0.423797692283117E+02,  -0.795645205806577E+02,
  -0.133184627636376E+03,  -0.195040347101949E+03,   0.173722041489183E+03,
   0.122297903548414E+02,  -0.875104360899600E+02,   0.376576340345120E+02,
   0.191219494810174E+03,   0.578423642790363E+02,  -0.122509124805839E+03,
  -0.241470234771662E+03,  -0.703256254918163E+02,   0.172722339186962E+03,
   0.313852219491204E+02,   0.276570852668848E+02,   0.141503630750133E+01,
   0.362963656732922E+03,   0.162502291964923E+03,  -0.199888780731006E+03,
  -0.472929179158208E+03,  -0.136833350561149E+03,   0.267407134303111E+03,
  -0.652800436567299E+02,  -0.516979040641308E+02,   0.858210448902232E+02,
   0.427486566036859E+03,   0.686719397496782E+02,  -0.127270949027910E+03,
  -0.521827402073214E+03,  -0.133092062641160E+03,   0.248691363433533E+03,
  -0.471379342518633E+02,  -0.668916170043120E+02,   0.837962976052320E+02,
   0.526061767156102E+03,   0.320485421785325E+02,  -0.110062784115308E+03,
  -0.498872975673141E+03,  -0.161965341595008E+02,   0.944949842218715E+02,
   0.641057912876571E+02,   0.109276987634705E+02,  -0.660100167608057E+01,
   0.743900728757113E+03,   0.662063624930708E+02,  -0.127057916146634E+03,
  -0.755456454003345E+03,  -0.682382698843745E+01,   0.781766795516059E+01,
  -0.126108098504436E+03,   0.272506068135969E+00,  -0.163356020498935E+02,
   0.634291555612454E+03,   0.340914977513562E+02,  -0.479058898068511E+02,
  -0.613402734020134E+03,   0.245966817328645E+02,  -0.676624960388908E+02,
  -0.959558362942573E+02,   0.117979655224100E+02,  -0.560974987602741E+02,
   0.544140155894225E+03,   0.242744880677971E+02,  -0.348357607476336E+02,
  -0.384470671911275E+03,   0.206254672431793E+02,  -0.844347904565287E+02,
   0.453112943963588E+02,   0.261149710716957E+02,  -0.123973661959783E+02,
   0.572596625677572E+03,   0.557905969139486E+02,   0.773349552625352E+02,
  -0.357202415031243E+03,  -0.698647229854824E+02,  -0.169619102170175E+03,
  -0.339656388587035E+02,  -0.368990883832107E+02,  -0.572836280280471E+02,
   0.358113474327010E+03,   0.205083491430095E+02,   0.771334319194126E+02,
  -0.311375555421344E+03,  -0.834851446946611E+02,  -0.181672163905341E+03,
  -0.442278432903769E+02,  -0.344484410943021E+02,  -0.609978593949284E+02,
   0.278502413468187E+03,   0.398049072285037E+02,   0.822172780359285E+02,
  -0.160389795183410E+03,  -0.513354020255196E+02,  -0.117703784012955E+03,
   0.226719871545607E+02,   0.158866424517669E+02,  -0.318193277371527E+01,
   0.244857530689495E+03,   0.109063378423193E+03,   0.132138125935530E+03,
  -0.945785381808323E+02,  -0.136748956264405E+03,  -0.117796061791096E+03,
   0.759301838201852E+01,  -0.577908797213639E+02,  -0.248284631309640E+02,
   0.132915216510988E+03,   0.466537532836830E+02,   0.845318099974174E+02,
  -0.652632231968025E+02,  -0.147329998694207E+03,  -0.109651194731963E+03,
   0.433845083472696E+01,  -0.667481297301388E+02,  -0.324603806994312E+02,
   0.904833366839901E+02,   0.380204253860195E+02,   0.580086723229454E+02,
  -0.303351600691344E+02,  -0.809301297081085E+02,  -0.613857550171976E+02,
   0.488812324652047E+01,  -0.103738035679509E+02,  -0.102062295547904E+02,
   0.492944803774385E+02,   0.796959418499639E+02,   0.491539149588692E+02,
  -0.499493395643723E+01,  -0.898737358940426E+02,  -0.246843944663555E+02,
   0.452590376099427E+01,  -0.398433332811800E+02,  -0.223635343809089E+00,
   0.173972668492175E+02,   0.232550143858784E+02,   0.272399988033477E+02,
   0.449811948683971E+01,  -0.876353272619192E+02,  -0.134180713339355E+02,
   0.809863386063011E+01,  -0.484996117530226E+02,   0.803613767406340E+00,
   0.134847900063396E+02,   0.502021302229831E+00,   0.161667138364769E+02,
   0.752552484392252E+00,  -0.533152029301544E+02,  -0.991854264397072E+01,
   0.279067711251301E+01,  -0.290408469315871E+02,  -0.336876077012322E+01,
   0.578837106054095E+01,   0.883803889548073E+00,   0.321801637172473E+01,
  -0.520735969121976E+01,  -0.370028741177694E+02,   0.283894584065632E+00,
  -0.441667414641776E+01,  -0.295505696504172E+02,   0.244263832992957E+01,
  -0.344461471183644E+01,  -0.209376293991516E+02,   0.409408316019505E+01,
   0.000000000000000E+00,   0.000000000000000E+00,   0.000000000000000E+00,
   0.000000000000000E+00,   0.000000000000000E+00,   0.000000000000000E+00,
   0.000000000000000E+00,   0.000000000000000E+00,   0.000000000000000E+00,
   0.000000000000000E+00,   0.000000000000000E+00,   0.000000000000000E+00,
   0.000000000000000E+00,   0.000000000000000E+00,   0.000000000000000E+00,
   0.000000000000000E+00,   0.000000000000000E+00,   0.000000000000000E+00,
   0.000000000000000E+00,   0.000000000000000E+00,   0.000000000000000E+00,
   0.000000000000000E+00,   0.000000000000000E+00,   0.000000000000000E+00,
   0.000000000000000E+00,   0.000000000000000E+00,   0.000000000000000E+00,
   0.985439627053271E+01,  -0.528144114568671E+02,   0.408298298511004E+02,
   0.218431946288828E+02,  -0.217759625161569E+02,  -0.525661594606557E+01,
   0.160546953631153E+02,  -0.775393471320021E+02,  -0.456268189631679E+02,
  -0.447538935430926E+01,  -0.819917919667138E+02,   0.177069812810733E+02,
  -0.222134853080259E-01,  -0.404769562122982E+02,   0.355841177034517E+01,
  -0.448059019598845E+01,  -0.380178815419365E+02,  -0.523850770840411E+01,
  -0.216685562729098E+01,  -0.138260579379663E+03,   0.752005606578338E+01,
   0.345791417298084E+01,  -0.787060502407989E+02,  -0.535966056576150E+01,
   0.106640107916593E+02,  -0.898959096393527E+01,  -0.191111925765191E+02,
  -0.109903633690135E+02,  -0.139277531477392E+03,   0.298840301902964E+02,
   0.440426707328955E+01,  -0.657184386803281E+02,  -0.185819761849935E+01,
   0.265983668643789E+02,   0.347659208116004E+02,  -0.396949299543006E+02,
  -0.445105543667580E+02,  -0.127766013492162E+03,   0.984610840142833E+02,
   0.106939367650072E+02,  -0.212467976751585E+02,   0.198235031052470E+02,
   0.814002889599231E+02,   0.120770618039418E+03,  -0.729944335629147E+02,
  -0.961971118564785E+02,  -0.236469119802073E+03,   0.180013803913188E+03,
   0.114325182566658E+02,  -0.115320883392424E+03,   0.567936208196371E+02,
   0.145527946333830E+03,   0.470440662475230E+02,  -0.883956138743783E+02,
  -0.147982688926704E+03,  -0.216660209618439E+03,   0.193061751716923E+03,
   0.135799272144559E+02,  -0.972542316431779E+02,   0.418527541013535E+02,
   0.212458368085419E+03,   0.642124739384118E+02,  -0.136152968270979E+03,
  -0.268346197539874E+03,  -0.780491925022635E+02,   0.191923783801136E+03,
   0.348719214489744E+02,   0.307962819405468E+02,   0.152768924715918E+01,
   0.403359353537635E+03,   0.180586905998701E+03,  -0.222193309127534E+03,
  -0.525617639719469E+03,  -0.152163880419701E+03,   0.297082819363248E+03,
  -0.725375986814865E+02,  -0.574149567595329E+02,   0.952784941706726E+02,
   0.475158080148555E+03,   0.764458576313158E+02,  -0.141499095596149E+03,
  -0.579693905419624E+03,  -0.148239491381977E+03,   0.276262062349553E+03,
  -0.523585769051529E+02,  -0.744447590719879E+02,   0.930739133828006E+02,
   0.584392759234409E+03,   0.356754808261840E+02,  -0.122239149262071E+03,
  -0.553304524318717E+03,  -0.186303415868273E+02,   0.104561689587376E+03,
   0.711674008617958E+02,   0.117665602117959E+02,  -0.767214445117687E+01,
   0.825088506163021E+03,   0.733519204357729E+02,  -0.141336720959097E+03,
  -0.837213776331842E+03,  -0.817379935122819E+01,   0.740335308380555E+01,
  -0.139900820223649E+03,  -0.417869020133388E-02,  -0.194893151705890E+02,
   0.702383224211407E+03,   0.377235197976251E+02,  -0.545560948115348E+02,
  -0.675538545335204E+03,   0.273574087853324E+02,  -0.762840761824568E+02,
  -0.105643434240417E+03,   0.130493962921972E+02,  -0.638381928793579E+02,
   0.599768215213685E+03,   0.266882743076674E+02,  -0.404714217288171E+02,
  -0.420720958545009E+03,   0.225020587296063E+02,  -0.926909819152236E+02,
   0.498257676293028E+02,   0.283856777739690E+02,  -0.141568474227585E+02,
   0.627224097951126E+03,   0.608418769624634E+02,   0.839198407347976E+02,
  -0.385651069698397E+03,  -0.774584453582834E+02,  -0.185619297765086E+03,
  -0.350756040113594E+02,  -0.417765051055378E+02,  -0.638738130983646E+02,
   0.389827746504455E+03,   0.204861340063068E+02,   0.819381736252897E+02,
  -0.334809171182231E+03,  -0.918869149816533E+02,  -0.198110310515607E+03,
  -0.469525667629344E+02,  -0.391770107269679E+02,  -0.682855359899193E+02,
   0.300340575263244E+03,   0.407829276526921E+02,   0.858968209373142E+02,
  -0.171167878959437E+03,  -0.545053987034927E+02,  -0.125150159497157E+03,
   0.233267156936549E+02,   0.161271873067848E+02,  -0.421804641357422E+01,
   0.259085727609625E+03,   0.114420234075623E+03,   0.138816741400704E+03,
  -0.942962205213905E+02,  -0.144578916878222E+03,  -0.121408425411289E+03,
   0.107853565568430E+02,  -0.638503120797292E+02,  -0.259510957388320E+02,
   0.139569227259348E+03,   0.434955203984537E+02,   0.864892400426523E+02,
  -0.623908590701040E+02,  -0.154830550135850E+03,  -0.112151110866040E+03,
   0.728512116578375E+01,  -0.742645937907993E+02,  -0.346901573995049E+02,
   0.933869744174871E+02,   0.310574337064408E+02,   0.561682306902139E+02,
  -0.302106152544636E+02,  -0.801360652953044E+02,  -0.608397193246246E+02,
   0.360570605894510E+01,  -0.144208566887096E+02,  -0.122388690253712E+02,
   0.457295288725088E+02,   0.699642983292806E+02,   0.439100248427170E+02,
  -0.263564631207403E+01,  -0.812559443980542E+02,  -0.185236655062072E+02,
   0.538503150080912E+01,  -0.418869160904993E+02,   0.135727933207459E+01,
   0.153735387117499E+02,   0.812657519340186E+01,   0.230059913941049E+02,
   0.648951366873596E+01,  -0.772613336019560E+02,  -0.680563606574391E+01,
   0.954008601207217E+01,  -0.517378701896916E+02,   0.269266876971361E+01,
   0.131664357441604E+02,  -0.194254062994084E+02,   0.122070883819442E+02,
  -0.128706705530615E-01,  -0.418254321604279E+02,  -0.724635707664394E+01,
   0.172867826424623E+01,  -0.353656351681116E+02,  -0.394344751488797E+01,
   0.373310912565994E+01,  -0.269910372761375E+02,  -0.767320165135837E+00,
  -0.214189709895568E+01,  -0.153575097565378E+02,   0.185547131367891E+01,
  -0.455481268700662E+01,  -0.296948300959354E+02,   0.276300131372849E+01,
  -0.756747651660642E+01,  -0.472345177112656E+02,   0.404108284655652E+01,
   0.000000000000000E+00,   0.000000000000000E+00,   0.000000000000000E+00,
   0.000000000000000E+00,   0.000000000000000E+00,   0.000000000000000E+00,
   0.000000000000000E+00,   0.000000000000000E+00,   0.000000000000000E+00,
   0.000000000000000E+00,   0.000000000000000E+00,   0.000000000000000E+00,
   0.000000000000000E+00,   0.000000000000000E+00,   0.000000000000000E+00,
   0.000000000000000E+00,   0.000000000000000E+00,   0.000000000000000E+00,
   0.000000000000000E+00,   0.000000000000000E+00,   0.000000000000000E+00,
   0.000000000000000E+00,   0.000000000000000E+00,   0.000000000000000E+00,
   0.000000000000000E+00,   0.000000000000000E+00,   0.000000000000000E+00,
   0.107186884032102E+02,  -0.577430294930149E+02,   0.449373890426017E+02,
   0.239321142805593E+02,  -0.236042106673063E+02,  -0.582878415306490E+01,
   0.174671794488059E+02,  -0.855626649569708E+02,  -0.502942752319064E+02,
  -0.476092912671776E+01,  -0.905016541938728E+02,   0.194332701884092E+02,
   0.166853912413212E+00,  -0.446307589145318E+02,   0.401108896101579E+01,
  -0.468590505916995E+01,  -0.416305608747644E+02,  -0.554001583366912E+01,
  -0.225063924435929E+01,  -0.153111775891403E+03,   0.834406959405808E+01,
   0.396673441727561E+01,  -0.874229777949598E+02,  -0.590340967223567E+01,
   0.120980334877929E+02,  -0.976900310065130E+01,  -0.212386630192693E+02,
  -0.121656264962570E+02,  -0.153811021934255E+03,   0.331413925720295E+02,
   0.480667847769675E+01,  -0.729346928198102E+02,  -0.217187382481242E+01,
   0.294116880238737E+02,   0.382317909687280E+02,  -0.443265814263216E+02,
  -0.496601290185344E+02,  -0.139665293892543E+03,   0.108619232197767E+03,
   0.112090462563389E+02,  -0.224587680061850E+02,   0.215568066339155E+02,
   0.890643037654478E+02,   0.133485928424423E+03,  -0.810206531874578E+02,
  -0.107503064902502E+03,  -0.259283246766389E+03,   0.197872903150052E+03,
   0.113150650000668E+02,  -0.124695113037838E+03,   0.621558887592755E+02,
   0.158983809947891E+03,   0.541287550732845E+02,  -0.973096509504754E+02,
  -0.161462606250757E+03,  -0.239438051716079E+03,   0.210886214154540E+03,
   0.148063369524492E+02,  -0.106733223380800E+03,   0.458957257835516E+02,
   0.231527107115206E+03,   0.709713148057246E+02,  -0.147916119369558E+03,
  -0.285471245864762E+03,  -0.873063984722170E+02,   0.204391009881381E+03,
   0.389153369423836E+02,   0.315627135331861E+02,   0.160999749162352E+00,
   0.433371436021177E+03,   0.194249018428640E+03,  -0.239763617780414E+03,
  -0.559591687202716E+03,  -0.158791947314957E+03,   0.310735182152858E+03,
  -0.787836618128340E+02,  -0.577095045222082E+02,   0.966540857566720E+02,
   0.503112564104631E+03,   0.851991928114754E+02,  -0.154827287643498E+03,
  -0.615225259623023E+03,  -0.152561677570840E+03,   0.288772609309891E+03,
  -0.583718825101357E+02,  -0.750513094590615E+02,   0.952974189063891E+02,
   0.614745492407972E+03,   0.410927148059986E+02,  -0.132354107178609E+03,
  -0.579122377123690E+03,  -0.173773540110960E+02,   0.110018817078073E+03,
   0.740417615832346E+02,   0.134319334881695E+02,  -0.798322817627083E+01,
   0.863063097475616E+03,   0.768818692137009E+02,  -0.148271810453405E+03,
  -0.869652414423514E+03,  -0.782548605359239E+01,   0.621673295982630E+01,
  -0.145550926101549E+03,   0.299982017767737E+00,  -0.220561763914557E+02,
   0.729322249425946E+03,   0.391060783835584E+02,  -0.582071241240685E+02,
  -0.701451255619700E+03,   0.283499292610640E+02,  -0.799661450588329E+02,
  -0.109586209067371E+03,   0.138315902327642E+02,  -0.670176053101481E+02,
   0.622890391960217E+03,   0.283063305982680E+02,  -0.427845351716264E+02,
  -0.435818317129083E+03,   0.232665270780883E+02,  -0.961396799927022E+02,
   0.517280350663504E+02,   0.293337307147237E+02,  -0.148738197449592E+02,
   0.649875537403148E+03,   0.629083966285397E+02,   0.866257757855386E+02,
  -0.397505882364642E+03,  -0.805988949172569E+02,  -0.192274193280515E+03,
  -0.355430175938679E+02,  -0.438732952509268E+02,  -0.666078627589907E+02,
   0.403024581363141E+03,   0.203287929730744E+02,   0.839582760265542E+02,
  -0.344573817403909E+03,  -0.953771590377041E+02,  -0.204954286379887E+03,
  -0.480904881905563E+02,  -0.411700105443868E+02,  -0.713144927355058E+02,
   0.309463202667496E+03,   0.411662056852336E+02,   0.874682187608810E+02,
  -0.175654970687230E+03,  -0.558294358323039E+02,  -0.128252596172355E+03,
   0.236042859398727E+02,   0.162508210485246E+02,  -0.465264930735508E+01,
   0.265031954202246E+03,   0.116717924367378E+03,   0.141604368038442E+03,
  -0.941748428613549E+02,  -0.147844512026022E+03,  -0.122913397152436E+03,
   0.121176980750164E+02,  -0.663559925580695E+02,  -0.264251544785044E+02,
   0.142337813895649E+03,   0.422086196935087E+02,   0.872860748377870E+02,
  -0.611937999808425E+02,  -0.157956979862323E+03,  -0.113192361221190E+03,
   0.851221103635360E+01,  -0.773937889643829E+02,  -0.356207118748812E+02,
   0.945876064851032E+02,   0.281435888318783E+02,   0.553896292566974E+02,
  -0.301625778569799E+02,  -0.798077276285982E+02,  -0.606142681005127E+02,
   0.306920636698311E+01,  -0.161141490834230E+02,  -0.130811052108712E+02,
   0.442417861774318E+02,   0.658921206147305E+02,   0.417345881336836E+02,
  -0.165848585644293E+01,  -0.776720703524813E+02,  -0.159638807659744E+02,
   0.573966030114313E+01,  -0.427394750811822E+02,   0.201671896774514E+01,
   0.145327978595521E+02,   0.183823663343632E+01,   0.212533988139465E+02,
   0.731726065740592E+01,  -0.729472530392150E+02,  -0.405723385013976E+01,
   0.101396516695123E+02,  -0.530823459781223E+02,   0.347739066687884E+01,
   0.130374178329595E+02,  -0.276972459591236E+02,   0.105623318390536E+02,
  -0.327898534356107E+00,  -0.370486498747796E+02,  -0.613438559273328E+01,
   0.128974361235301E+01,  -0.379940653810618E+02,  -0.418415142645114E+01,
   0.288105910074364E+01,  -0.385759701964272E+02,  -0.242845774375151E+01,
  -0.866228628876349E+00,  -0.635966792751114E+01,   0.251047939552318E+01,
  -0.461172723577794E+01,  -0.297574067388667E+02,   0.289738764958344E+01,
  -0.928315532930974E+01,  -0.581784712975554E+02,   0.401947539482664E+01,
   0.000000000000000E+00,   0.000000000000000E+00,   0.000000000000000E+00,
   0.000000000000000E+00,   0.000000000000000E+00,   0.000000000000000E+00,
   0.000000000000000E+00,   0.000000000000000E+00,   0.000000000000000E+00,
   0.000000000000000E+00,   0.000000000000000E+00,   0.000000000000000E+00,
   0.000000000000000E+00,   0.000000000000000E+00,   0.000000000000000E+00,
   0.000000000000000E+00,   0.000000000000000E+00,   0.000000000000000E+00,
   0.000000000000000E+00,   0.000000000000000E+00,   0.000000000000000E+00,
   0.000000000000000E+00,   0.000000000000000E+00,   0.000000000000000E+00,
   0.000000000000000E+00,   0.000000000000000E+00,   0.000000000000000E+00,
   0.114791423066686E+02,  -0.623745024654522E+02,   0.490669104318132E+02,
   0.259387610540145E+02,  -0.251282918215213E+02,  -0.644143229350443E+01,
   0.187101965115679E+02,  -0.938184085278272E+02,  -0.550555346822637E+02,
  -0.490931306044375E+01,  -0.992803550069972E+02,   0.211167577548848E+02,
   0.521064911207026E+00,  -0.488750168609862E+02,   0.454749395106545E+01,
  -0.467912810039874E+01,  -0.450791925834958E+02,  -0.564525708063095E+01,
  -0.222313388840007E+01,  -0.168835987350449E+03,   0.923118559012489E+01,
   0.461220532115460E+01,  -0.968688816029577E+02,  -0.644928732996811E+01,
   0.138454266409272E+02,  -0.104459363932592E+02,  -0.235447643805461E+02,
  -0.134053607968966E+02,  -0.168850421572904E+03,   0.366356455499288E+02,
   0.517266377361743E+01,  -0.807070326564133E+02,  -0.259153559242616E+01,
   0.323492473053054E+02,   0.416792224879778E+02,  -0.495260509335167E+02,
  -0.553965844613757E+02,  -0.150796194204182E+03,   0.119046331204821E+03,
   0.112546996660258E+02,  -0.228876968370031E+02,   0.230718868134169E+02,
   0.963188172539384E+02,   0.146728313150999E+03,  -0.896795492037080E+02,
  -0.120232771462105E+03,  -0.281381334717172E+03,   0.215595109504186E+03,
   0.101389093965979E+02,  -0.132210627695930E+03,   0.672329625898688E+02,
   0.171520014195255E+03,   0.632515534741328E+02,  -0.106293531477784E+03,
  -0.173832570288843E+03,  -0.263190979444776E+03,   0.227434750512205E+03,
   0.159285613140948E+02,  -0.115989235024610E+03,   0.498105797458267E+02,
   0.248768467878004E+03,   0.780574897827000E+02,  -0.158095618966050E+03,
  -0.294385461530652E+03,  -0.978550169480458E+02,   0.211187635343338E+03,
   0.434275394288732E+02,   0.303311400020364E+02,  -0.245138145001149E+01,
   0.454639916037251E+03,   0.204187129298075E+03,  -0.253347440210698E+03,
  -0.577807118918377E+03,  -0.158092038200573E+03,   0.310894982930034E+03,
  -0.841779903995918E+02,  -0.534379902140909E+02,   0.912242867827745E+02,
   0.514464170855582E+03,   0.947772538763949E+02,  -0.167397666050427E+03,
  -0.631949129349664E+03,  -0.147768384836802E+03,   0.288601639244731E+03,
  -0.650526560627831E+02,  -0.698084287828916E+02,   0.915809565233571E+02,
   0.621538917037481E+03,   0.480174807683789E+02,  -0.140733241249311E+03,
  -0.580845846815344E+03,  -0.130198722882682E+02,   0.111594413992468E+03,
   0.733902171364013E+02,   0.157932774194220E+02,  -0.765429832040266E+01,
   0.864649692386781E+03,   0.773672664283011E+02,  -0.149023067864768E+03,
  -0.860561874345877E+03,  -0.604711822661088E+01,   0.437978724558412E+01,
  -0.144344479553712E+03,   0.109324812731742E+01,  -0.241288744471012E+02,
   0.721608374108046E+03,   0.385944589257090E+02,  -0.593326744298574E+02,
  -0.696862024503652E+03,   0.278535177609787E+02,  -0.794888604029970E+02,
  -0.108691511310447E+03,   0.142186596847964E+02,  -0.663561553407177E+02,
   0.618640739757714E+03,   0.292543363522568E+02,  -0.422998718522946E+02,
  -0.433103689619638E+03,   0.230945235669372E+02,  -0.955401912163386E+02,
   0.514306744802387E+02,   0.291680328616688E+02,  -0.147129394092609E+02,
   0.645601311972947E+03,   0.624615758105157E+02,   0.860654107380912E+02,
  -0.395387722482390E+03,  -0.799894317811974E+02,  -0.191059806838160E+03,
  -0.354693656744770E+02,  -0.436286373564314E+02,  -0.660948238779786E+02,
   0.400628665410453E+03,   0.200576681372307E+02,   0.836335514396700E+02,
  -0.342828402475969E+03,  -0.947316145770022E+02,  -0.203719416823566E+03,
  -0.478922307264802E+02,  -0.408595027153636E+02,  -0.707573616092055E+02,
   0.307878616337135E+03,   0.410486763031061E+02,   0.872644367738298E+02,
  -0.174844684075039E+03,  -0.555990684956115E+02,  -0.127697185693937E+03,
   0.235642671387500E+02,   0.162760088862745E+02,  -0.458074544145235E+01,
   0.264004283849999E+03,   0.116439620889655E+03,   0.141115557545511E+03,
  -0.941889859682120E+02,  -0.147266648054804E+03,  -0.122643823319799E+03,
   0.118838150731388E+02,  -0.658692088764501E+02,  -0.263530765937909E+02,
   0.141834649212753E+03,   0.424974886736559E+02,   0.871056214576663E+02,
  -0.614074444102228E+02,  -0.157400146686420E+03,  -0.113005330815003E+03,
   0.829131492706455E+01,  -0.768286505581578E+02,  -0.354572462626190E+02,
   0.943542095064040E+02,   0.286393592319602E+02,   0.555051585467182E+02,
  -0.301789641197945E+02,  -0.798715587578806E+02,  -0.606587674988691E+02,
   0.316081225111867E+01,  -0.158254391179254E+02,  -0.129209531355232E+02,
   0.445031731701016E+02,   0.665855397007244E+02,   0.421429662652201E+02,
  -0.184515625237836E+01,  -0.783270452933091E+02,  -0.164362988592252E+02,
   0.566947188122653E+01,  -0.425891232859540E+02,   0.190022344383616E+01,
   0.146882005684053E+02,   0.299377294327219E+01,   0.215903007153155E+02,
   0.716514955858830E+01,  -0.737359690047952E+02,  -0.456257044724201E+01,
   0.100303003161125E+02,  -0.528321474918912E+02,   0.333220036157213E+01,
   0.130678320553487E+02,  -0.261544079606966E+02,   0.108668285043095E+02,
  -0.263667571977878E+00,  -0.379245912803191E+02,  -0.633620440260445E+01,
   0.137546496908040E+01,  -0.375099488317860E+02,  -0.414362251925281E+01,
   0.304218293797680E+01,  -0.364438603295228E+02,  -0.213248567657086E+01,
  -0.109767009363724E+01,  -0.801176992338337E+01,   0.239368378336022E+01,
  -0.460024649623177E+01,  -0.297512009062776E+02,   0.287517091568349E+01,
  -0.897184715096515E+01,  -0.561943678702250E+02,   0.402430254441784E+01,
   0.000000000000000E+00,   0.000000000000000E+00,   0.000000000000000E+00,
   0.000000000000000E+00,   0.000000000000000E+00,   0.000000000000000E+00,
   0.000000000000000E+00,   0.000000000000000E+00,   0.000000000000000E+00,
   0.000000000000000E+00,   0.000000000000000E+00,   0.000000000000000E+00,
   0.000000000000000E+00,   0.000000000000000E+00,   0.000000000000000E+00,
   0.000000000000000E+00,   0.000000000000000E+00,   0.000000000000000E+00,
   0.000000000000000E+00,   0.000000000000000E+00,   0.000000000000000E+00,
   0.000000000000000E+00,   0.000000000000000E+00,   0.000000000000000E+00,
   0.000000000000000E+00,   0.000000000000000E+00,   0.000000000000000E+00,
   0.122395962101281E+02,  -0.670059754378891E+02,   0.531964318210247E+02,
   0.279454078274692E+02,  -0.266523729757362E+02,  -0.705408043394382E+01,
   0.199532135743283E+02,  -0.102074152098684E+03,  -0.598167941326210E+02,
  -0.505769699416980E+01,  -0.108059055820121E+03,   0.228002453213606E+02,
   0.875275910000767E+00,  -0.531192748074406E+02,   0.508389894111516E+01,
  -0.467235114162746E+01,  -0.485278242922271E+02,  -0.575049832759300E+01,
  -0.219562853244117E+01,  -0.184560198809494E+03,   0.101183015861917E+02,
   0.525767622503357E+01,  -0.106314785410955E+03,  -0.699516498770051E+01,
   0.155928197940619E+02,  -0.111228696858674E+02,  -0.258508657418230E+02,
  -0.146450950975365E+02,  -0.183889821211553E+03,   0.401298985278281E+02,
   0.553864906953815E+01,  -0.884793724930163E+02,  -0.301119736003990E+01,
   0.352868065867372E+02,   0.451266540072275E+02,  -0.547255204407116E+02,
  -0.611330399042171E+02,  -0.161927094515821E+03,   0.129473430211876E+03,
   0.113003530757126E+02,  -0.233166256678212E+02,   0.245869669929182E+02,
   0.103573330742429E+03,   0.159970697877574E+03,  -0.983384452199581E+02,
  -0.132962478021709E+03,  -0.303479422667955E+03,   0.233317315858320E+03,
   0.896275379312897E+01,  -0.139726142354022E+03,   0.723100364204622E+02,
   0.184056218442618E+03,   0.723743518749814E+02,  -0.115277412005093E+03,
  -0.186202534326929E+03,  -0.286943907173473E+03,   0.243983286869870E+03,
   0.170507856757403E+02,  -0.125245246668420E+03,   0.537254337081019E+02,
   0.266009828640801E+03,   0.851436647596755E+02,  -0.168275118562543E+03,
  -0.303299677196543E+03,  -0.108403635423874E+03,   0.217984260805294E+03,
   0.479397419153628E+02,   0.290995664708868E+02,  -0.506376264918530E+01,
   0.475908396053326E+03,   0.214125240167511E+03,  -0.266931262640983E+03,
  -0.596022550634038E+03,  -0.157392129086189E+03,   0.311054783707211E+03,
  -0.895723189863497E+02,  -0.491664759059736E+02,   0.857944878088770E+02,
   0.525815777606533E+03,   0.104355314941314E+03,  -0.179968044457355E+03,
  -0.648672999076305E+03,  -0.142975092102763E+03,   0.288430669179571E+03,
  -0.717334296154305E+02,  -0.645655481067216E+02,   0.878644941403251E+02,
   0.628332341666989E+03,   0.549422467307593E+02,  -0.149112375320013E+03,
  -0.582569316506998E+03,  -0.866239056544043E+01,   0.113170010906864E+03,
   0.727386726895679E+02,   0.181546213506743E+02,  -0.732536846453452E+01,
   0.866236287297945E+03,   0.778526636429013E+02,  -0.149774325276130E+03,
  -0.851471334268239E+03,  -0.426875039962940E+01,   0.254284153134194E+01,
  -0.143138033005876E+03,   0.188651423686710E+01,  -0.262015725027468E+02,
   0.713894498790146E+03,   0.380828394678597E+02,  -0.604582247356464E+02,
  -0.692272793387603E+03,   0.273571062608934E+02,  -0.790115757471611E+02,
  -0.107796813553523E+03,   0.146057291368287E+02,  -0.656947053712873E+02,
   0.614391087555212E+03,   0.302023421062457E+02,  -0.418152085329629E+02,
  -0.430389062110193E+03,   0.229225200557860E+02,  -0.949407024399750E+02,
   0.511333138941270E+02,   0.290023350086140E+02,  -0.145520590735626E+02,
   0.641327086542745E+03,   0.620147549924916E+02,   0.855050456906438E+02,
  -0.393269562600138E+03,  -0.793799686451379E+02,  -0.189845420395806E+03,
  -0.353957137550862E+02,  -0.433839794619361E+02,  -0.655817849969666E+02,
   0.398232749457765E+03,   0.197865433013871E+02,   0.833088268527857E+02,
  -0.341082987548028E+03,  -0.940860701163003E+02,  -0.202484547267245E+03,
  -0.476939732624042E+02,  -0.405489948863404E+02,  -0.702002304829052E+02,
   0.306294030006774E+03,   0.409311469209786E+02,   0.870606547867784E+02,
  -0.174034397462847E+03,  -0.553687011589191E+02,  -0.127141775215519E+03,
   0.235242483376272E+02,   0.163011967240244E+02,  -0.450884157554967E+01,
   0.262976613497753E+03,   0.116161317411933E+03,   0.140626747052580E+03,
  -0.942031290750692E+02,  -0.146688784083586E+03,  -0.122374249487162E+03,
   0.116499320712611E+02,  -0.653824251948308E+02,  -0.262809987090775E+02,
   0.141331484529856E+03,   0.427863576538031E+02,   0.869251680775454E+02,
  -0.616210888396030E+02,  -0.156843313510516E+03,  -0.112818300408816E+03,
   0.807041881777546E+01,  -0.762635121519327E+02,  -0.352937806503569E+02,
   0.941208125277047E+02,   0.291351296320420E+02,   0.556206878367390E+02,
  -0.301953503826091E+02,  -0.799353898871632E+02,  -0.607032668972254E+02,
   0.325241813525418E+01,  -0.155367291524279E+02,  -0.127608010601752E+02,
   0.447645601627714E+02,   0.672789587867183E+02,   0.425513443967565E+02,
  -0.203182664831384E+01,  -0.789820202341370E+02,  -0.169087169524760E+02,
   0.559928346130987E+01,  -0.424387714907259E+02,   0.178372791992712E+01,
   0.148436032772584E+02,   0.414930925310806E+01,   0.219272026166844E+02,
   0.701303845977065E+01,  -0.745246849703755E+02,  -0.506790704434435E+01,
   0.992094896271277E+01,  -0.525819490056601E+02,   0.318701005626535E+01,
   0.130982462777378E+02,  -0.246115699622695E+02,   0.111713251695653E+02,
  -0.199436609599640E+00,  -0.388005326858588E+02,  -0.653802321247568E+01,
   0.146118632580779E+01,  -0.370258322825102E+02,  -0.410309361205452E+01,
   0.320330677520997E+01,  -0.343117504626181E+02,  -0.183651360939021E+01,
  -0.132911155839820E+01,  -0.966387191925602E+01,   0.227688817119714E+01,
  -0.458876575668561E+01,  -0.297449950736886E+02,   0.285295418178344E+01,
  -0.866053897262051E+01,  -0.542102644428943E+02,   0.402912969400896E+01,
   0.000000000000000E+00,   0.000000000000000E+00,   0.000000000000000E+00,
   0.000000000000000E+00,   0.000000000000000E+00,   0.000000000000000E+00,
   0.000000000000000E+00,   0.000000000000000E+00,   0.000000000000000E+00,
   0.000000000000000E+00,   0.000000000000000E+00,   0.000000000000000E+00,
   0.000000000000000E+00,   0.000000000000000E+00,   0.000000000000000E+00,
   0.000000000000000E+00,   0.000000000000000E+00,   0.000000000000000E+00,
   0.000000000000000E+00,   0.000000000000000E+00,   0.000000000000000E+00,
   0.000000000000000E+00,   0.000000000000000E+00,   0.000000000000000E+00,
   0.000000000000000E+00,   0.000000000000000E+00,   0.000000000000000E+00,
   0.130000501135867E+02,  -0.716374484103262E+02,   0.573259532102364E+02,
   0.299520546009238E+02,  -0.281764541299513E+02,  -0.766672857438321E+01,
   0.211962306370891E+02,  -0.110329895669540E+03,  -0.645780535829783E+02,
  -0.520608092789612E+01,  -0.116837756633246E+03,   0.244837328878364E+02,
   0.122948690879452E+01,  -0.573635327538949E+02,   0.562030393116492E+01,
  -0.466557418285580E+01,  -0.519764560009584E+02,  -0.585573957455505E+01,
  -0.216812317648219E+01,  -0.200284410268540E+03,   0.110054175822586E+02,
   0.590314712891277E+01,  -0.115760689218953E+03,  -0.754104264543294E+01,
   0.173402129471966E+02,  -0.117998029784754E+02,  -0.281569671030998E+02,
  -0.158848293981763E+02,  -0.198929220850201E+03,   0.436241515057274E+02,
   0.590463436545893E+01,  -0.962517123296192E+02,  -0.343085912765365E+01,
   0.382243658681691E+02,   0.485740855264772E+02,  -0.599249899479065E+02,
  -0.668694953470584E+02,  -0.173057994827461E+03,   0.139900529218930E+03,
   0.113460064853994E+02,  -0.237455544986394E+02,   0.261020471724196E+02,
   0.110827844230920E+03,   0.173213082604150E+03,  -0.106997341236208E+03,
  -0.145692184581312E+03,  -0.325577510618739E+03,   0.251039522212454E+03,
   0.778659818966005E+01,  -0.147241657012114E+03,   0.773871102510556E+02,
   0.196592422689981E+03,   0.814971502758298E+02,  -0.124261292532402E+03,
  -0.198572498365015E+03,  -0.310696834902169E+03,   0.260531823227534E+03,
   0.181730100373859E+02,  -0.134501258312230E+03,   0.576402876703772E+02,
   0.283251189403598E+03,   0.922298397366509E+02,  -0.178454618159035E+03,
  -0.312213892862434E+03,  -0.118952253899703E+03,   0.224780886267250E+03,
   0.524519444018523E+02,   0.278679929397371E+02,  -0.767614384835907E+01,
   0.497176876069401E+03,   0.224063351036946E+03,  -0.280515085071267E+03,
  -0.614237982349699E+03,  -0.156692219971805E+03,   0.311214584484387E+03,
  -0.949666475731076E+02,  -0.448949615978563E+02,   0.803646888349796E+02,
   0.537167384357484E+03,   0.113933376006234E+03,  -0.192538422864283E+03,
  -0.665396868802946E+03,  -0.138181799368724E+03,   0.288259699114411E+03,
  -0.784142031680780E+02,  -0.593226674305517E+02,   0.841480317572931E+02,
   0.635125766296498E+03,   0.618670126931397E+02,  -0.157491509390715E+03,
  -0.584292786198652E+03,  -0.430490884261277E+01,   0.114745607821259E+03,
   0.720871282427345E+02,   0.205159652819267E+02,  -0.699643860866635E+01,
   0.867822882209110E+03,   0.783380608575015E+02,  -0.150525582687493E+03,
  -0.842380794190602E+03,  -0.249038257264801E+01,   0.705895817099647E+00,
  -0.141931586458039E+03,   0.267978034641673E+01,  -0.282742705583925E+02,
   0.706180623472246E+03,   0.375712200100103E+02,  -0.615837750414355E+02,
  -0.687683562271555E+03,   0.268606947608081E+02,  -0.785342910913254E+02,
  -0.106902115796599E+03,   0.149927985888609E+02,  -0.650332554018569E+02,
   0.610141435352709E+03,   0.311503478602344E+02,  -0.413305452136313E+02,
  -0.427674434600748E+03,   0.227505165446347E+02,  -0.943412136636114E+02,
   0.508359533080152E+02,   0.288366371555591E+02,  -0.143911787378643E+02,
   0.637052861112543E+03,   0.615679341744675E+02,   0.849446806431963E+02,
  -0.391151402717885E+03,  -0.787705055090784E+02,  -0.188631033953451E+03,
  -0.353220618356953E+02,  -0.431393215674408E+02,  -0.650687461159547E+02,
   0.395836833505077E+03,   0.195154184655433E+02,   0.829841022659012E+02,
  -0.339337572620087E+03,  -0.934405256555983E+02,  -0.201249677710923E+03,
  -0.474957157983281E+02,  -0.402384870573173E+02,  -0.696430993566049E+02,
   0.304709443676413E+03,   0.408136175388510E+02,   0.868568727997269E+02,
  -0.173224110850655E+03,  -0.551383338222267E+02,  -0.126586364737102E+03,
   0.234842295365043E+02,   0.163263845617743E+02,  -0.443693770964706E+01,
   0.261948943145505E+03,   0.115883013934211E+03,   0.140137936559649E+03,
  -0.942172721819263E+02,  -0.146110920112368E+03,  -0.122104675654524E+03,
   0.114160490693834E+02,  -0.648956415132113E+02,  -0.262089208243641E+02,
   0.140828319846959E+03,   0.430752266339501E+02,   0.867447146974244E+02,
  -0.618347332689833E+02,  -0.156286480334613E+03,  -0.112631270002629E+03,
   0.784952270848630E+01,  -0.756983737457076E+02,  -0.351303150380948E+02,
   0.938874155490051E+02,   0.296309000321236E+02,   0.557362171267595E+02,
  -0.302117366454238E+02,  -0.799992210164457E+02,  -0.607477662955817E+02,
   0.334402401938965E+01,  -0.152480191869305E+02,  -0.126006489848273E+02,
   0.450259471554411E+02,   0.679723778727120E+02,   0.429597225282929E+02,
  -0.221849704424940E+01,  -0.796369951749649E+02,  -0.173811350457270E+02,
   0.552909504139312E+01,  -0.422884196954978E+02,   0.166723239601794E+01,
   0.149990059861114E+02,   0.530484556294394E+01,   0.222641045180532E+02,
   0.686092736095294E+01,  -0.753134009359560E+02,  -0.557324364144685E+01,
   0.981159760931292E+01,  -0.523317505194290E+02,   0.304181975095845E+01,
   0.131286605001268E+02,  -0.230687319638423E+02,   0.114758218348211E+02,
  -0.135205647221400E+00,  -0.396764740913990E+02,  -0.673984202234702E+01,
   0.154690768253519E+01,  -0.365417157332344E+02,  -0.406256470485628E+01,
   0.336443061244318E+01,  -0.321796405957129E+02,  -0.154054154220954E+01,
  -0.156055302315928E+01,  -0.113159739151295E+02,   0.216009255903386E+01,
  -0.457728501713947E+01,  -0.297387892410998E+02,   0.283073744788322E+01,
  -0.834923079427574E+01,  -0.522261610155629E+02,   0.403395684359994E+01,
   0.000000000000000E+00,   0.000000000000000E+00,   0.000000000000000E+00,
   0.000000000000000E+00,   0.000000000000000E+00,   0.000000000000000E+00,
   0.000000000000000E+00,   0.000000000000000E+00,   0.000000000000000E+00,
   0.000000000000000E+00,   0.000000000000000E+00,   0.000000000000000E+00,
   0.000000000000000E+00,   0.000000000000000E+00,   0.000000000000000E+00,
   0.000000000000000E+00,   0.000000000000000E+00,   0.000000000000000E+00,
   0.000000000000000E+00,   0.000000000000000E+00,   0.000000000000000E+00,
   0.000000000000000E+00,   0.000000000000000E+00,   0.000000000000000E+00,
   0.000000000000000E+00,   0.000000000000000E+00,   0.000000000000000E+00,
   0.137605040170459E+02,  -0.762689213827632E+02,   0.614554745994480E+02,
   0.319587013743786E+02,  -0.297005352841662E+02,  -0.827937671482260E+01,
   0.224392476998497E+02,  -0.118585639240396E+03,  -0.693393130333357E+02,
  -0.535446486162238E+01,  -0.125616457446370E+03,   0.261672204543122E+02,
   0.158369790758820E+01,  -0.616077907003492E+02,   0.615670892121465E+01,
  -0.465879722408446E+01,  -0.554250877096897E+02,  -0.596098082151713E+01,
  -0.214061782052347E+01,  -0.216008621727585E+03,   0.118925335783254E+02,
   0.654861803279173E+01,  -0.125206593026951E+03,  -0.808692030316539E+01,
   0.190876061003312E+02,  -0.124767362710835E+02,  -0.304630684643767E+02,
  -0.171245636988163E+02,  -0.213968620488850E+03,   0.471184044836267E+02,
   0.627061966137964E+01,  -0.104024052166222E+03,  -0.385052089526736E+01,
   0.411619251496009E+02,   0.520215170457269E+02,  -0.651244594551014E+02,
  -0.726059507898998E+02,  -0.184188895139100E+03,   0.150327628225984E+03,
   0.113916598950863E+02,  -0.241744833294575E+02,   0.276171273519210E+02,
   0.118082357719410E+03,   0.186455467330725E+03,  -0.115656237252458E+03,
  -0.158421891140915E+03,  -0.347675598569522E+03,   0.268761728566588E+03,
   0.661044258619117E+01,  -0.154757171670207E+03,   0.824641840816490E+02,
   0.209128626937344E+03,   0.906199486766783E+02,  -0.133245173059711E+03,
  -0.210942462403101E+03,  -0.334449762630866E+03,   0.277080359585199E+03,
   0.192952343990315E+02,  -0.143757269956040E+03,   0.615551416326524E+02,
   0.300492550166396E+03,   0.993160147136264E+02,  -0.188634117755527E+03,
  -0.321128108528325E+03,  -0.129500872375532E+03,   0.231577511729206E+03,
   0.569641468883419E+02,   0.266364194085874E+02,  -0.102885250475329E+02,
   0.518445356085475E+03,   0.234001461906382E+03,  -0.294098907501552E+03,
  -0.632453414065361E+03,  -0.155992310857421E+03,   0.311374385261564E+03,
  -0.100360976159865E+03,  -0.406234472897390E+02,   0.749348898610821E+02,
   0.548518991108435E+03,   0.123511437071153E+03,  -0.205108801271212E+03,
  -0.682120738529587E+03,  -0.133388506634685E+03,   0.288088729049252E+03,
  -0.850949767207254E+02,  -0.540797867543816E+02,   0.804315693742611E+02,
   0.641919190926007E+03,   0.687917786555201E+02,  -0.165870643461417E+03,
  -0.586016255890306E+03,   0.525728802150622E-01,   0.116321204735654E+03,
   0.714355837959012E+02,   0.228773092131791E+02,  -0.666750875279820E+01,
   0.869409477120275E+03,   0.788234580721017E+02,  -0.151276840098855E+03,
  -0.833290254112965E+03,  -0.712014745666509E+00,  -0.113104989714251E+01,
  -0.140725139910203E+03,   0.347304645596642E+01,  -0.303469686140381E+02,
   0.698466748154346E+03,   0.370596005521610E+02,  -0.627093253472244E+02,
  -0.683094331155506E+03,   0.263642832607228E+02,  -0.780570064354895E+02,
  -0.106007418039675E+03,   0.153798680408931E+02,  -0.643718054324265E+02,
   0.605891783150206E+03,   0.320983536142232E+02,  -0.408458818942996E+02,
  -0.424959807091304E+03,   0.225785130334835E+02,  -0.937417248872478E+02,
   0.505385927219035E+02,   0.286709393025042E+02,  -0.142302984021660E+02,
   0.632778635682342E+03,   0.611211133564435E+02,   0.843843155957489E+02,
  -0.389033242835633E+03,  -0.781610423730190E+02,  -0.187416647511097E+03,
  -0.352484099163044E+02,  -0.428946636729455E+02,  -0.645557072349426E+02,
   0.393440917552389E+03,   0.192442936296997E+02,   0.826593776790169E+02,
  -0.337592157692146E+03,  -0.927949811948964E+02,  -0.200014808154602E+03,
  -0.472974583342521E+02,  -0.399279792282941E+02,  -0.690859682303045E+02,
   0.303124857346052E+03,   0.406960881567234E+02,   0.866530908126756E+02,
  -0.172413824238463E+03,  -0.549079664855343E+02,  -0.126030954258684E+03,
   0.234442107353815E+02,   0.163515723995242E+02,  -0.436503384374435E+01,
   0.260921272793259E+03,   0.115604710456489E+03,   0.139649126066718E+03,
  -0.942314152887834E+02,  -0.145533056141150E+03,  -0.121835101821887E+03,
   0.111821660675058E+02,  -0.644088578315919E+02,  -0.261368429396506E+02,
   0.140325155164062E+03,   0.433640956140973E+02,   0.865642613173035E+02,
  -0.620483776983635E+02,  -0.155729647158710E+03,  -0.112444239596442E+03,
   0.762862659919724E+01,  -0.751332353394825E+02,  -0.349668494258326E+02,
   0.936540185703058E+02,   0.301266704322055E+02,   0.558517464167803E+02,
  -0.302281229082384E+02,  -0.800630521457282E+02,  -0.607922656939380E+02,
   0.343562990352520E+01,  -0.149593092214330E+02,  -0.124404969094794E+02,
   0.452873341481110E+02,   0.686657969587059E+02,   0.433681006598294E+02,
  -0.240516744018485E+01,  -0.802919701157928E+02,  -0.178535531389777E+02,
   0.545890662147650E+01,  -0.421380679002696E+02,   0.155073687210894E+01,
   0.151544086949646E+02,   0.646038187277988E+01,   0.226010064194222E+02,
   0.670881626213530E+01,  -0.761021169015362E+02,  -0.607858023854916E+01,
   0.970224625591317E+01,  -0.520815520331978E+02,   0.289662944565171E+01,
   0.131590747225159E+02,  -0.215258939654151E+02,   0.117803185000770E+02,
  -0.709746848431667E-01,  -0.405524154969386E+02,  -0.694166083221823E+01,
   0.163262903926258E+01,  -0.360575991839586E+02,  -0.402203579765796E+01,
   0.352555444967635E+01,  -0.300475307288083E+02,  -0.124456947502887E+01,
  -0.179199448792021E+01,  -0.129680759110020E+02,   0.204329694687085E+01,
  -0.456580427759331E+01,  -0.297325834085108E+02,   0.280852071398323E+01,
  -0.803792261593111E+01,  -0.502420575882323E+02,   0.403878399319112E+01,
