   2,
   3,   3,
  11,   3,
   2,   2,
   2,   2,
   0.000000000000000E+00,   0.000000000000000E+00,   0.000000000000000E+00,   0.100000000000000E+01,   0.100000000000000E+01,   0.100000000000000E+01,
   0.000000000000000E+00,   0.000000000000000E+00,   0.000000000000000E+00,   0.100000000000000E+01,   0.100000000000000E+01,   0.100000000000000E+01,
  -0.200000000000000E+01,  -0.100000000000000E+01,   0.100000000000000E+01,
  -0.200000000000000E+01,  -0.500000000000000E+00,   0.100000000000000E+01,
  -0.200000000000000E+01,   0.000000000000000E+00,   0.100000000000000E+01,
   0.500000000000000E+01,  -0.100000000000000E+01,   0.100000000000000E+01,
   0.500000000000000E+01,  -0.500000000000000E+00,   0.100000000000000E+01,
   0.500000000000000E+01,   0.000000000000000E+00,   0.100000000000000E+01,
   0.120000000000000E+02,  -0.100000000000000E+01,   0.100000000000000E+01,
   0.120000000000000E+02,  -0.500000000000000E+00,   0.100000000000000E+01,
   0.120000000000000E+02,   0.000000000000000E+00,   0.100000000000000E+01,
   0.000000000000000E+00,   0.000000000000000E+00,   0.000000000000000E+00,   0.125000000000000E+00,   0.250000000000000E+00,   0.375000000000000E+00,   0.500000000000000E+00,   0.500000000000000E+00,   0.625000000000000E+00,   0.750000000000000E+00,   0.875000000000000E+00,   0.100000000000000E+01,   0.100000000000000E+01,   0.100000000000000E+01,
   0.000000000000000E+00,   0.000000000000000E+00,   0.000000000000000E+00,   0.100000000000000E+01,   0.100000000000000E+01,   0.100000000000000E+01,
  -0.509427285582004E+00,   0.422004746267617E+01,   0.100000000000000E+01,
  -0.936787474196066E-02,   0.430945004893013E+01,   0.100000000000000E+01,
   0.490751226452247E+00,   0.439778267375013E+01,   0.100000000000000E+01,
  -0.339672232012081E+00,   0.326670004065578E+01,   0.926776700000000E+00,
   0.143340119086950E+00,   0.345085316969907E+01,   0.926776700000000E+00,
   0.626314959780198E+00,   0.363531073103800E+01,   0.926776700000000E+00,
   0.720185995504841E+00,   0.154849098791828E+01,   0.853553400000000E+00,
   0.109760393986923E+01,   0.190395128347073E+01,   0.853553400000000E+00,
   0.147482104169697E+01,   0.225924190936476E+01,   0.853553400000000E+00,
   0.243524883327188E+01,   0.341711035635364E+00,   0.853553400000000E+00,
   0.264330735093464E+01,   0.815687546827227E+00,   0.853553400000000E+00,
   0.285107271694852E+01,   0.128922613439833E+01,   0.853553400000000E+00,
   0.439528594933681E+01,  -0.857611108743757E-01,   0.926776700000000E+00,
   0.441323832498460E+01,   0.428729447524258E+00,   0.926776700000000E+00,
   0.443088071761946E+01,   0.942250886472196E+00,   0.926776700000000E+00,
   0.534220109798477E+01,   0.528691901691771E-01,   0.100000000000000E+01,
   0.527018744138659E+01,   0.553650171309444E+00,   0.100000000000000E+01,
   0.519825854375154E+01,   0.105316242127801E+01,   0.100000000000000E+01,
   0.628845306283604E+01,   0.191075033496584E+00,   0.926776700000000E+00,
   0.612699692815774E+01,   0.678108173424126E+00,   0.926776700000000E+00,
   0.596562197508342E+01,   0.116359916534462E+01,   0.926776700000000E+00,
   0.803261458182179E+01,   0.113585042904290E+01,   0.853553400000000E+00,
   0.770905448222718E+01,   0.153340891427650E+01,   0.853553400000000E+00,
   0.738678717863007E+01,   0.192943251118702E+01,   0.853553400000000E+00,
   0.935647456407751E+01,   0.270450686625520E+01,   0.853553400000000E+00,
   0.891296668136462E+01,   0.295742225187523E+01,   0.853553400000000E+00,
   0.847079198288340E+01,   0.320892289890744E+01,   0.853553400000000E+00,
   0.100013469770733E+02,   0.455971615000694E+01,   0.926776700000000E+00,
   0.949925440626568E+01,   0.464414813909882E+01,   0.926776700000000E+00,
   0.900070805951655E+01,   0.472843016579086E+01,   0.926776700000000E+00,
   0.100000000000000E+02,   0.550000000000000E+01,   0.100000000000000E+01,
   0.950000000000000E+01,   0.550000000000000E+01,   0.100000000000000E+01,
   0.900000000000000E+01,   0.550000000000000E+01,   0.100000000000000E+01,
   2,
   3,   3,
  11,   3,
   2,   2,
   2,   2,
   0.000000000000000E+00,   0.000000000000000E+00,   0.000000000000000E+00,   0.100000000000000E+01,   0.100000000000000E+01,   0.100000000000000E+01,
   0.000000000000000E+00,   0.000000000000000E+00,   0.000000000000000E+00,   0.100000000000000E+01,   0.100000000000000E+01,   0.100000000000000E+01,
  -0.200000000000000E+01,  -0.100000000000000E+01,   0.100000000000000E+01,
  -0.200000000000000E+01,  -0.500000000000000E+00,   0.100000000000000E+01,
  -0.200000000000000E+01,   0.000000000000000E+00,   0.100000000000000E+01,
   0.500000000000000E+01,  -0.100000000000000E+01,   0.100000000000000E+01,
   0.500000000000000E+01,  -0.500000000000000E+00,   0.100000000000000E+01,
   0.500000000000000E+01,   0.000000000000000E+00,   0.100000000000000E+01,
   0.120000000000000E+02,  -0.100000000000000E+01,   0.100000000000000E+01,
   0.120000000000000E+02,  -0.500000000000000E+00,   0.100000000000000E+01,
   0.120000000000000E+02,   0.000000000000000E+00,   0.100000000000000E+01,
   0.000000000000000E+00,   0.000000000000000E+00,   0.000000000000000E+00,   0.125000000000000E+00,   0.250000000000000E+00,   0.375000000000000E+00,   0.500000000000000E+00,   0.500000000000000E+00,   0.625000000000000E+00,   0.750000000000000E+00,   0.875000000000000E+00,   0.100000000000000E+01,   0.100000000000000E+01,   0.100000000000000E+01,
   0.000000000000000E+00,   0.000000000000000E+00,   0.000000000000000E+00,   0.100000000000000E+01,   0.100000000000000E+01,   0.100000000000000E+01,
  -0.684724614113327E+00,   0.408823612701372E+01,   0.100000000000000E+01,
  -0.184605018997238E+00,   0.419801476042237E+01,   0.100000000000000E+01,
   0.315637143830663E+00,   0.430566330442567E+01,   0.100000000000000E+01,
  -0.476867608945201E+00,   0.313525541795062E+01,   0.926776700000000E+00,
   0.232102523580510E-02,   0.333918712431379E+01,   0.926776700000000E+00,
   0.481430671345286E+00,   0.354368528067574E+01,   0.926776700000000E+00,
   0.655302198751531E+00,   0.144733820754592E+01,   0.853553400000000E+00,
   0.102205860139337E+01,   0.181898818162635E+01,   0.853553400000000E+00,
   0.138841652553359E+01,   0.219036807514947E+01,   0.853553400000000E+00,
   0.241881676790806E+01,   0.296129586071974E+00,   0.853553400000000E+00,
   0.261351702353681E+01,   0.778672176229665E+00,   0.853553400000000E+00,
   0.280762485222007E+01,   0.126020642076957E+01,   0.853553400000000E+00,
   0.438799794169720E+01,  -0.821194828882755E-01,   0.926776700000000E+00,
   0.439764556811747E+01,   0.433470096597151E+00,   0.926776700000000E+00,
   0.440676722455457E+01,   0.947401063854001E+00,   0.926776700000000E+00,
   0.532953044619347E+01,   0.638848508760929E-01,   0.100000000000000E+01,
   0.525347350264984E+01,   0.565165313407540E+00,   0.100000000000000E+01,
   0.517736421577402E+01,   0.106433448775048E+01,   0.100000000000000E+01,
   0.627157643491149E+01,   0.208746899837222E+00,   0.926776700000000E+00,
   0.610940496038595E+01,   0.695480947839569E+00,   0.926776700000000E+00,
   0.594753688202071E+01,   0.118015071370143E+01,   0.926776700000000E+00,
   0.801353679857128E+01,   0.114631755260012E+01,   0.853553400000000E+00,
   0.769238995060311E+01,   0.154537298374283E+01,   0.853553400000000E+00,
   0.737260937610049E+01,   0.194272903342597E+01,   0.853553400000000E+00,
   0.934672839279388E+01,   0.270465017331379E+01,   0.853553400000000E+00,
   0.890486696498902E+01,   0.296022889099520E+01,   0.853553400000000E+00,
   0.846432980774537E+01,   0.321449137424097E+01,   0.853553400000000E+00,
   0.100011179881129E+02,   0.455823405579668E+01,   0.926776700000000E+00,
   0.949925910066589E+01,   0.464399430354278E+01,   0.926776700000000E+00,
   0.900053616709637E+01,   0.472963298087954E+01,   0.926776700000000E+00,
   0.100000000000000E+02,   0.550000000000000E+01,   0.100000000000000E+01,
   0.950000000000000E+01,   0.550000000000000E+01,   0.100000000000000E+01,
   0.900000000000000E+01,   0.550000000000000E+01,   0.100000000000000E+01,
   2,
   3,   3,
  11,   3,
   2,   2,
   2,   2,
   0.000000000000000E+00,   0.000000000000000E+00,   0.000000000000000E+00,   0.100000000000000E+01,   0.100000000000000E+01,   0.100000000000000E+01,
   0.000000000000000E+00,   0.000000000000000E+00,   0.000000000000000E+00,   0.100000000000000E+01,   0.100000000000000E+01,   0.100000000000000E+01,
  -0.200000000000000E+01,  -0.100000000000000E+01,   0.100000000000000E+01,
  -0.200000000000000E+01,  -0.500000000000000E+00,   0.100000000000000E+01,
  -0.200000000000000E+01,   0.000000000000000E+00,   0.100000000000000E+01,
   0.500000000000000E+01,  -0.100000000000000E+01,   0.100000000000000E+01,
   0.500000000000000E+01,  -0.500000000000000E+00,   0.100000000000000E+01,
   0.500000000000000E+01,   0.000000000000000E+00,   0.100000000000000E+01,
   0.120000000000000E+02,  -0.100000000000000E+01,   0.100000000000000E+01,
   0.120000000000000E+02,  -0.500000000000000E+00,   0.100000000000000E+01,
   0.120000000000000E+02,   0.000000000000000E+00,   0.100000000000000E+01,
   0.000000000000000E+00,   0.000000000000000E+00,   0.000000000000000E+00,   0.125000000000000E+00,   0.250000000000000E+00,   0.375000000000000E+00,   0.500000000000000E+00,   0.500000000000000E+00,   0.625000000000000E+00,   0.750000000000000E+00,   0.875000000000000E+00,   0.100000000000000E+01,   0.100000000000000E+01,   0.100000000000000E+01,
   0.000000000000000E+00,   0.000000000000000E+00,   0.000000000000000E+00,   0.100000000000000E+01,   0.100000000000000E+01,   0.100000000000000E+01,
  -0.860021942644651E+00,   0.395642479135128E+01,   0.100000000000000E+01,
  -0.359842163252517E+00,   0.408657947191462E+01,   0.100000000000000E+01,
   0.140523061209077E+00,   0.421354393510121E+01,   0.100000000000000E+01,
  -0.614062985878322E+00,   0.300381079524546E+01,   0.926776700000000E+00,
  -0.138698068615341E+00,   0.322752107892850E+01,   0.926776700000000E+00,
   0.336546382910372E+00,   0.345205983031348E+01,   0.926776700000000E+00,
   0.590418401998221E+00,   0.134618542717356E+01,   0.853553400000000E+00,
   0.946513262917505E+00,   0.173402507978196E+01,   0.853553400000000E+00,
   0.130201200937020E+01,   0.212149424093418E+01,   0.853553400000000E+00,
   0.240238470254424E+01,   0.250548136508584E+00,   0.853553400000000E+00,
   0.258372669613897E+01,   0.741656805632102E+00,   0.853553400000000E+00,
   0.276417698749162E+01,   0.123118670714082E+01,   0.853553400000000E+00,
   0.438070993405759E+01,  -0.784778549021753E-01,   0.926776700000000E+00,
   0.438205281125035E+01,   0.438210745670043E+00,   0.926776700000000E+00,
   0.438265373148967E+01,   0.952551241235806E+00,   0.926776700000000E+00,
   0.531685979440217E+01,   0.749005115830089E-01,   0.100000000000000E+01,
   0.523675956391308E+01,   0.576680455505636E+00,   0.100000000000000E+01,
   0.515646988779650E+01,   0.107550655422294E+01,   0.100000000000000E+01,
   0.625469980698693E+01,   0.226418766177860E+00,   0.926776700000000E+00,
   0.609181299261416E+01,   0.712853722255011E+00,   0.926776700000000E+00,
   0.592945178895801E+01,   0.119670226205824E+01,   0.926776700000000E+00,
   0.799445901532077E+01,   0.115678467615734E+01,   0.853553400000000E+00,
   0.767572541897904E+01,   0.155733705320917E+01,   0.853553400000000E+00,
   0.735843157357091E+01,   0.195602555566491E+01,   0.853553400000000E+00,
   0.933698222151024E+01,   0.270479348037237E+01,   0.853553400000000E+00,
   0.889676724861342E+01,   0.296303553011517E+01,   0.853553400000000E+00,
   0.845786763260734E+01,   0.322005984957451E+01,   0.853553400000000E+00,
   0.100008889991526E+02,   0.455675196158641E+01,   0.926776700000000E+00,
   0.949926379506611E+01,   0.464384046798674E+01,   0.926776700000000E+00,
   0.900036427467620E+01,   0.473083579596821E+01,   0.926776700000000E+00,
   0.100000000000000E+02,   0.550000000000000E+01,   0.100000000000000E+01,
   0.950000000000000E+01,   0.550000000000000E+01,   0.100000000000000E+01,
   0.900000000000000E+01,   0.550000000000000E+01,   0.100000000000000E+01,
   2,
   3,   3,
  11,   3,
   2,   2,
   2,   2,
   0.000000000000000E+00,   0.000000000000000E+00,   0.000000000000000E+00,   0.100000000000000E+01,   0.100000000000000E+01,   0.100000000000000E+01,
   0.000000000000000E+00,   0.000000000000000E+00,   0.000000000000000E+00,   0.100000000000000E+01,   0.100000000000000E+01,   0.100000000000000E+01,
  -0.200000000000000E+01,  -0.100000000000000E+01,   0.100000000000000E+01,
  -0.200000000000000E+01,  -0.500000000000000E+00,   0.100000000000000E+01,
  -0.200000000000000E+01,   0.000000000000000E+00,   0.100000000000000E+01,
   0.500000000000000E+01,  -0.100000000000000E+01,   0.100000000000000E+01,
   0.500000000000000E+01,  -0.500000000000000E+00,   0.100000000000000E+01,
   0.500000000000000E+01,   0.000000000000000E+00,   0.100000000000000E+01,
   0.120000000000000E+02,  -0.100000000000000E+01,   0.100000000000000E+01,
   0.120000000000000E+02,  -0.500000000000000E+00,   0.100000000000000E+01,
   0.120000000000000E+02,   0.000000000000000E+00,   0.100000000000000E+01,
   0.000000000000000E+00,   0.000000000000000E+00,   0.000000000000000E+00,   0.125000000000000E+00,   0.250000000000000E+00,   0.375000000000000E+00,   0.500000000000000E+00,   0.500000000000000E+00,   0.625000000000000E+00,   0.750000000000000E+00,   0.875000000000000E+00,   0.100000000000000E+01,   0.100000000000000E+01,   0.100000000000000E+01,
   0.000000000000000E+00,   0.000000000000000E+00,   0.000000000000000E+00,   0.100000000000000E+01,   0.100000000000000E+01,   0.100000000000000E+01,
  -0.103531927117597E+01,   0.382461345568884E+01,   0.100000000000000E+01,
  -0.535079307507796E+00,   0.397514418340686E+01,   0.100000000000000E+01,
  -0.345910214125079E-01,   0.412142456577675E+01,   0.100000000000000E+01,
  -0.751258362811443E+00,   0.287236617254030E+01,   0.926776700000000E+00,
  -0.279717162466486E+00,   0.311585503354322E+01,   0.926776700000000E+00,
   0.191662094475459E+00,   0.336043437995122E+01,   0.926776700000000E+00,
   0.525534605244910E+00,   0.124503264680120E+01,   0.853553400000000E+00,
   0.870967924441643E+00,   0.164906197793758E+01,   0.853553400000000E+00,
   0.121560749320681E+01,   0.205262040671889E+01,   0.853553400000000E+00,
   0.238595263718042E+01,   0.204966686945194E+00,   0.853553400000000E+00,
   0.255393636874114E+01,   0.704641435034540E+00,   0.853553400000000E+00,
   0.272072912276317E+01,   0.120216699351206E+01,   0.853553400000000E+00,
   0.437342192641798E+01,  -0.748362269160751E-01,   0.926776700000000E+00,
   0.436646005438322E+01,   0.442951394742936E+00,   0.926776700000000E+00,
   0.435854023842478E+01,   0.957701418617611E+00,   0.926776700000000E+00,
   0.530418914261086E+01,   0.859161722899249E-01,   0.100000000000000E+01,
   0.522004562517633E+01,   0.588195597603732E+00,   0.100000000000000E+01,
   0.513557555981899E+01,   0.108667862069540E+01,   0.100000000000000E+01,
   0.623782317906237E+01,   0.244090632518498E+00,   0.926776700000000E+00,
   0.607422102484238E+01,   0.730226496670454E+00,   0.926776700000000E+00,
   0.591136669589531E+01,   0.121325381041505E+01,   0.926776700000000E+00,
   0.797538123207026E+01,   0.116725179971456E+01,   0.853553400000000E+00,
   0.765906088735498E+01,   0.156930112267550E+01,   0.853553400000000E+00,
   0.734425377104133E+01,   0.196932207790385E+01,   0.853553400000000E+00,
   0.932723605022660E+01,   0.270493678743096E+01,   0.853553400000000E+00,
   0.888866753223783E+01,   0.296584216923514E+01,   0.853553400000000E+00,
   0.845140545746931E+01,   0.322562832490804E+01,   0.853553400000000E+00,
   0.100006600101922E+02,   0.455526986737614E+01,   0.926776700000000E+00,
   0.949926848946632E+01,   0.464368663243069E+01,   0.926776700000000E+00,
   0.900019238225602E+01,   0.473203861105689E+01,   0.926776700000000E+00,
   0.100000000000000E+02,   0.550000000000000E+01,   0.100000000000000E+01,
   0.950000000000000E+01,   0.550000000000000E+01,   0.100000000000000E+01,
   0.900000000000000E+01,   0.550000000000000E+01,   0.100000000000000E+01,
   2,
   3,   3,
  11,   3,
   2,   2,
   2,   2,
   0.000000000000000E+00,   0.000000000000000E+00,   0.000000000000000E+00,   0.100000000000000E+01,   0.100000000000000E+01,   0.100000000000000E+01,
   0.000000000000000E+00,   0.000000000000000E+00,   0.000000000000000E+00,   0.100000000000000E+01,   0.100000000000000E+01,   0.100000000000000E+01,
  -0.200000000000000E+01,  -0.100000000000000E+01,   0.100000000000000E+01,
  -0.200000000000000E+01,  -0.500000000000000E+00,   0.100000000000000E+01,
  -0.200000000000000E+01,   0.000000000000000E+00,   0.100000000000000E+01,
   0.500000000000000E+01,  -0.100000000000000E+01,   0.100000000000000E+01,
   0.500000000000000E+01,  -0.500000000000000E+00,   0.100000000000000E+01,
   0.500000000000000E+01,   0.000000000000000E+00,   0.100000000000000E+01,
   0.120000000000000E+02,  -0.100000000000000E+01,   0.100000000000000E+01,
   0.120000000000000E+02,  -0.500000000000000E+00,   0.100000000000000E+01,
   0.120000000000000E+02,   0.000000000000000E+00,   0.100000000000000E+01,
   0.000000000000000E+00,   0.000000000000000E+00,   0.000000000000000E+00,   0.125000000000000E+00,   0.250000000000000E+00,   0.375000000000000E+00,   0.500000000000000E+00,   0.500000000000000E+00,   0.625000000000000E+00,   0.750000000000000E+00,   0.875000000000000E+00,   0.100000000000000E+01,   0.100000000000000E+01,   0.100000000000000E+01,
   0.000000000000000E+00,   0.000000000000000E+00,   0.000000000000000E+00,   0.100000000000000E+01,   0.100000000000000E+01,   0.100000000000000E+01,
  -0.121061659970730E+01,   0.369280212002639E+01,   0.100000000000000E+01,
  -0.710316451763075E+00,   0.386370889489911E+01,   0.100000000000000E+01,
  -0.209705104034093E+00,   0.402930519645229E+01,   0.100000000000000E+01,
  -0.888453739744564E+00,   0.274092154983514E+01,   0.926776700000000E+00,
  -0.420736256317632E+00,   0.300418898815794E+01,   0.926776700000000E+00,
   0.467778060405462E-01,   0.326880892958895E+01,   0.926776700000000E+00,
   0.460650808491600E+00,   0.114387986642884E+01,   0.853553400000000E+00,
   0.795422585965781E+00,   0.156409887609319E+01,   0.853553400000000E+00,
   0.112920297704343E+01,   0.198374657250360E+01,   0.853553400000000E+00,
   0.236952057181660E+01,   0.159385237381805E+00,   0.853553400000000E+00,
   0.252414604134331E+01,   0.667626064436977E+00,   0.853553400000000E+00,
   0.267728125803472E+01,   0.117314727988331E+01,   0.853553400000000E+00,
   0.436613391877837E+01,  -0.711945989299748E-01,   0.926776700000000E+00,
   0.435086729751609E+01,   0.447692043815828E+00,   0.926776700000000E+00,
   0.433442674535988E+01,   0.962851595999416E+00,   0.926776700000000E+00,
   0.529151849081956E+01,   0.969318329968408E-01,   0.100000000000000E+01,
   0.520333168643958E+01,   0.599710739701828E+00,   0.100000000000000E+01,
   0.511468123184147E+01,   0.109785068716786E+01,   0.100000000000000E+01,
   0.622094655113782E+01,   0.261762498859137E+00,   0.926776700000000E+00,
   0.605662905707059E+01,   0.747599271085897E+00,   0.926776700000000E+00,
   0.589328160283261E+01,   0.122980535877187E+01,   0.926776700000000E+00,
   0.795630344881975E+01,   0.117771892327178E+01,   0.853553400000000E+00,
   0.764239635573091E+01,   0.158126519214183E+01,   0.853553400000000E+00,
   0.733007596851175E+01,   0.198261860014280E+01,   0.853553400000000E+00,
   0.931748987894296E+01,   0.270508009448955E+01,   0.853553400000000E+00,
   0.888056781586223E+01,   0.296864880835511E+01,   0.853553400000000E+00,
   0.844494328233129E+01,   0.323119680024157E+01,   0.853553400000000E+00,
   0.100004310212318E+02,   0.455378777316588E+01,   0.926776700000000E+00,
   0.949927318386654E+01,   0.464353279687465E+01,   0.926776700000000E+00,
   0.900002048983585E+01,   0.473324142614557E+01,   0.926776700000000E+00,
   0.100000000000000E+02,   0.550000000000000E+01,   0.100000000000000E+01,
   0.950000000000000E+01,   0.550000000000000E+01,   0.100000000000000E+01,
   0.900000000000000E+01,   0.550000000000000E+01,   0.100000000000000E+01,
   2,
   3,   3,
  11,   3,
   2,   2,
   2,   2,
   0.000000000000000E+00,   0.000000000000000E+00,   0.000000000000000E+00,   0.100000000000000E+01,   0.100000000000000E+01,   0.100000000000000E+01,
   0.000000000000000E+00,   0.000000000000000E+00,   0.000000000000000E+00,   0.100000000000000E+01,   0.100000000000000E+01,   0.100000000000000E+01,
  -0.200000000000000E+01,  -0.100000000000000E+01,   0.100000000000000E+01,
  -0.200000000000000E+01,  -0.500000000000000E+00,   0.100000000000000E+01,
  -0.200000000000000E+01,   0.000000000000000E+00,   0.100000000000000E+01,
   0.500000000000000E+01,  -0.100000000000000E+01,   0.100000000000000E+01,
   0.500000000000000E+01,  -0.500000000000000E+00,   0.100000000000000E+01,
   0.500000000000000E+01,   0.000000000000000E+00,   0.100000000000000E+01,
   0.120000000000000E+02,  -0.100000000000000E+01,   0.100000000000000E+01,
   0.120000000000000E+02,  -0.500000000000000E+00,   0.100000000000000E+01,
   0.120000000000000E+02,   0.000000000000000E+00,   0.100000000000000E+01,
   0.000000000000000E+00,   0.000000000000000E+00,   0.000000000000000E+00,   0.125000000000000E+00,   0.250000000000000E+00,   0.375000000000000E+00,   0.500000000000000E+00,   0.500000000000000E+00,   0.625000000000000E+00,   0.750000000000000E+00,   0.875000000000000E+00,   0.100000000000000E+01,   0.100000000000000E+01,   0.100000000000000E+01,
   0.000000000000000E+00,   0.000000000000000E+00,   0.000000000000000E+00,   0.100000000000000E+01,   0.100000000000000E+01,   0.100000000000000E+01,
  -0.138591392823862E+01,   0.356099078436395E+01,   0.100000000000000E+01,
  -0.885553596018353E+00,   0.375227360639135E+01,   0.100000000000000E+01,
  -0.384819186655677E+00,   0.393718582712783E+01,   0.100000000000000E+01,
  -0.102564911667768E+01,   0.260947692712998E+01,   0.926776700000000E+00,
  -0.561755350168777E+00,   0.289252294277266E+01,   0.926776700000000E+00,
  -0.981064823943660E-01,   0.317718347922669E+01,   0.926776700000000E+00,
   0.395767011738290E+00,   0.104272708605648E+01,   0.853553400000000E+00,
   0.719877247489919E+00,   0.147913577424880E+01,   0.853553400000000E+00,
   0.104279846088004E+01,   0.191487273828831E+01,   0.853553400000000E+00,
   0.235308850645278E+01,   0.113803787818415E+00,   0.853553400000000E+00,
   0.249435571394547E+01,   0.630610693839414E+00,   0.853553400000000E+00,
   0.263383339330628E+01,   0.114412756625455E+01,   0.853553400000000E+00,
   0.435884591113876E+01,  -0.675529709438746E-01,   0.926776700000000E+00,
   0.433527454064897E+01,   0.452432692888721E+00,   0.926776700000000E+00,
   0.431031325229499E+01,   0.968001773381220E+00,   0.926776700000000E+00,
   0.527884783902826E+01,   0.107947493703757E+00,   0.100000000000000E+01,
   0.518661774770282E+01,   0.611225881799924E+00,   0.100000000000000E+01,
   0.509378690386395E+01,   0.110902275364032E+01,   0.100000000000000E+01,
   0.620406992321326E+01,   0.279434365199775E+00,   0.926776700000000E+00,
   0.603903708929881E+01,   0.764972045501340E+00,   0.926776700000000E+00,
   0.587519650976991E+01,   0.124635690712868E+01,   0.926776700000000E+00,
   0.793722566556924E+01,   0.118818604682901E+01,   0.853553400000000E+00,
   0.762573182410684E+01,   0.159322926160816E+01,   0.853553400000000E+00,
   0.731589816598217E+01,   0.199591512238174E+01,   0.853553400000000E+00,
   0.930774370765932E+01,   0.270522340154813E+01,   0.853553400000000E+00,
   0.887246809948663E+01,   0.297145544747508E+01,   0.853553400000000E+00,
   0.843848110719326E+01,   0.323676527557510E+01,   0.853553400000000E+00,
   0.100002020322715E+02,   0.455230567895561E+01,   0.926776700000000E+00,
   0.949927787826676E+01,   0.464337896131860E+01,   0.926776700000000E+00,
   0.899984859741567E+01,   0.473444424123425E+01,   0.926776700000000E+00,
   0.100000000000000E+02,   0.550000000000000E+01,   0.100000000000000E+01,
   0.950000000000000E+01,   0.550000000000000E+01,   0.100000000000000E+01,
   0.900000000000000E+01,   0.550000000000000E+01,   0.100000000000000E+01,
   2,
   3,   3,
  11,   3,
   2,   2,
   2,   2,
   0.000000000000000E+00,   0.000000000000000E+00,   0.000000000000000E+00,   0.100000000000000E+01,   0.100000000000000E+01,   0.100000000000000E+01,
   0.000000000000000E+00,   0.000000000000000E+00,   0.000000000000000E+00,   0.100000000000000E+01,   0.100000000000000E+01,   0.100000000000000E+01,
  -0.200000000000000E+01,  -0.100000000000000E+01,   0.100000000000000E+01,
  -0.200000000000000E+01,  -0.500000000000000E+00,   0.100000000000000E+01,
  -0.200000000000000E+01,   0.000000000000000E+00,   0.100000000000000E+01,
   0.500000000000000E+01,  -0.100000000000000E+01,   0.100000000000000E+01,
   0.500000000000000E+01,  -0.500000000000000E+00,   0.100000000000000E+01,
   0.500000000000000E+01,   0.000000000000000E+00,   0.100000000000000E+01,
   0.120000000000000E+02,  -0.100000000000000E+01,   0.100000000000000E+01,
   0.120000000000000E+02,  -0.500000000000000E+00,   0.100000000000000E+01,
   0.120000000000000E+02,   0.000000000000000E+00,   0.100000000000000E+01,
   0.000000000000000E+00,   0.000000000000000E+00,   0.000000000000000E+00,   0.125000000000000E+00,   0.250000000000000E+00,   0.375000000000000E+00,   0.500000000000000E+00,   0.500000000000000E+00,   0.625000000000000E+00,   0.750000000000000E+00,   0.875000000000000E+00,   0.100000000000000E+01,   0.100000000000000E+01,   0.100000000000000E+01,
   0.000000000000000E+00,   0.000000000000000E+00,   0.000000000000000E+00,   0.100000000000000E+01,   0.100000000000000E+01,   0.100000000000000E+01,
  -0.156121125676994E+01,   0.342917944870151E+01,   0.100000000000000E+01,
  -0.106079074027363E+01,   0.364083831788360E+01,   0.100000000000000E+01,
  -0.559933269277262E+00,   0.384506645780337E+01,   0.100000000000000E+01,
  -0.116284449361080E+01,   0.247803230442483E+01,   0.926776700000000E+00,
  -0.702774444019923E+00,   0.278085689738737E+01,   0.926776700000000E+00,
  -0.242990770829279E+00,   0.308555802886443E+01,   0.926776700000000E+00,
   0.330883214984979E+00,   0.941574305684125E+00,   0.853553400000000E+00,
   0.644331909014057E+00,   0.139417267240442E+01,   0.853553400000000E+00,
   0.956393944716654E+00,   0.184599890407302E+01,   0.853553400000000E+00,
   0.233665644108896E+01,   0.682223382550250E-01,   0.853553400000000E+00,
   0.246456538654764E+01,   0.593595323241852E+00,   0.853553400000000E+00,
   0.259038552857783E+01,   0.111510785262580E+01,   0.853553400000000E+00,
   0.435155790349915E+01,  -0.639113429577744E-01,   0.926776700000000E+00,
   0.431968178378184E+01,   0.457173341961613E+00,   0.926776700000000E+00,
   0.428619975923009E+01,   0.973151950763025E+00,   0.926776700000000E+00,
   0.526617718723696E+01,   0.118963154410673E+00,   0.100000000000000E+01,
   0.516990380896607E+01,   0.622741023898020E+00,   0.100000000000000E+01,
   0.507289257588643E+01,   0.112019482011278E+01,   0.100000000000000E+01,
   0.618719329528871E+01,   0.297106231540413E+00,   0.926776700000000E+00,
   0.602144512152702E+01,   0.782344819916783E+00,   0.926776700000000E+00,
   0.585711141670720E+01,   0.126290845548549E+01,   0.926776700000000E+00,
   0.791814788231873E+01,   0.119865317038623E+01,   0.853553400000000E+00,
   0.760906729248278E+01,   0.160519333107450E+01,   0.853553400000000E+00,
   0.730172036345259E+01,   0.200921164462068E+01,   0.853553400000000E+00,
   0.929799753637568E+01,   0.270536670860672E+01,   0.853553400000000E+00,
   0.886436838311104E+01,   0.297426208659504E+01,   0.853553400000000E+00,
   0.843201893205523E+01,   0.324233375090863E+01,   0.853553400000000E+00,
   0.999997304331111E+01,   0.455082358474534E+01,   0.926776700000000E+00,
   0.949928257266697E+01,   0.464322512576256E+01,   0.926776700000000E+00,
   0.899967670499550E+01,   0.473564705632293E+01,   0.926776700000000E+00,
   0.100000000000000E+02,   0.550000000000000E+01,   0.100000000000000E+01,
   0.950000000000000E+01,   0.550000000000000E+01,   0.100000000000000E+01,
   0.900000000000000E+01,   0.550000000000000E+01,   0.100000000000000E+01,
   2,
   3,   3,
  11,   3,
   2,   2,
   2,   2,
   0.000000000000000E+00,   0.000000000000000E+00,   0.000000000000000E+00,   0.100000000000000E+01,   0.100000000000000E+01,   0.100000000000000E+01,
   0.000000000000000E+00,   0.000000000000000E+00,   0.000000000000000E+00,   0.100000000000000E+01,   0.100000000000000E+01,   0.100000000000000E+01,
  -0.200000000000000E+01,  -0.100000000000000E+01,   0.100000000000000E+01,
  -0.200000000000000E+01,  -0.500000000000000E+00,   0.100000000000000E+01,
  -0.200000000000000E+01,   0.000000000000000E+00,   0.100000000000000E+01,
   0.500000000000000E+01,  -0.100000000000000E+01,   0.100000000000000E+01,
   0.500000000000000E+01,  -0.500000000000000E+00,   0.100000000000000E+01,
   0.500000000000000E+01,   0.000000000000000E+00,   0.100000000000000E+01,
   0.120000000000000E+02,  -0.100000000000000E+01,   0.100000000000000E+01,
   0.120000000000000E+02,  -0.500000000000000E+00,   0.100000000000000E+01,
   0.120000000000000E+02,   0.000000000000000E+00,   0.100000000000000E+01,
   0.000000000000000E+00,   0.000000000000000E+00,   0.000000000000000E+00,   0.125000000000000E+00,   0.250000000000000E+00,   0.375000000000000E+00,   0.500000000000000E+00,   0.500000000000000E+00,   0.625000000000000E+00,   0.750000000000000E+00,   0.875000000000000E+00,   0.100000000000000E+01,   0.100000000000000E+01,   0.100000000000000E+01,
   0.000000000000000E+00,   0.000000000000000E+00,   0.000000000000000E+00,   0.100000000000000E+01,   0.100000000000000E+01,   0.100000000000000E+01,
  -0.173650858530127E+01,   0.329736811303907E+01,   0.100000000000000E+01,
  -0.123602788452891E+01,   0.352940302937584E+01,   0.100000000000000E+01,
  -0.735047351898847E+00,   0.375294708847891E+01,   0.100000000000000E+01,
  -0.130003987054393E+01,   0.234658768171967E+01,   0.926776700000000E+00,
  -0.843793537871069E+00,   0.266919085200209E+01,   0.926776700000000E+00,
  -0.387875059264192E+00,   0.299393257850217E+01,   0.926776700000000E+00,
   0.265999418231669E+00,   0.840421525311765E+00,   0.853553400000000E+00,
   0.568786570538195E+00,   0.130920957056003E+01,   0.853553400000000E+00,
   0.869989428553266E+00,   0.177712506985773E+01,   0.853553400000000E+00,
   0.232022437572514E+01,   0.226408886916349E-01,   0.853553400000000E+00,
   0.243477505914980E+01,   0.556579952644289E+00,   0.853553400000000E+00,
   0.254693766384938E+01,   0.108608813899704E+01,   0.853553400000000E+00,
   0.434426989585954E+01,  -0.602697149716741E-01,   0.926776700000000E+00,
   0.430408902691471E+01,   0.461913991034505E+00,   0.926776700000000E+00,
   0.426208626616520E+01,   0.978302128144830E+00,   0.926776700000000E+00,
   0.525350653544565E+01,   0.129978815117589E+00,   0.100000000000000E+01,
   0.515318987022931E+01,   0.634256165996115E+00,   0.100000000000000E+01,
   0.505199824790892E+01,   0.113136688658525E+01,   0.100000000000000E+01,
   0.617031666736415E+01,   0.314778097881051E+00,   0.926776700000000E+00,
   0.600385315375523E+01,   0.799717594332225E+00,   0.926776700000000E+00,
   0.583902632364450E+01,   0.127946000384230E+01,   0.926776700000000E+00,
   0.789907009906822E+01,   0.120912029394345E+01,   0.853553400000000E+00,
   0.759240276085871E+01,   0.161715740054083E+01,   0.853553400000000E+00,
   0.728754256092302E+01,   0.202250816685962E+01,   0.853553400000000E+00,
   0.928825136509205E+01,   0.270551001566531E+01,   0.853553400000000E+00,
   0.885626866673544E+01,   0.297706872571501E+01,   0.853553400000000E+00,
   0.842555675691720E+01,   0.324790222624216E+01,   0.853553400000000E+00,
   0.999974405435074E+01,   0.454934149053508E+01,   0.926776700000000E+00,
   0.949928726706719E+01,   0.464307129020651E+01,   0.926776700000000E+00,
   0.899950481257533E+01,   0.473684987141160E+01,   0.926776700000000E+00,
   0.100000000000000E+02,   0.550000000000000E+01,   0.100000000000000E+01,
   0.950000000000000E+01,   0.550000000000000E+01,   0.100000000000000E+01,
   0.900000000000000E+01,   0.550000000000000E+01,   0.100000000000000E+01,
   2,
   3,   3,
  11,   3,
   2,   2,
   2,   2,
   0.000000000000000E+00,   0.000000000000000E+00,   0.000000000000000E+00,   0.100000000000000E+01,   0.100000000000000E+01,   0.100000000000000E+01,
   0.000000000000000E+00,   0.000000000000000E+00,   0.000000000000000E+00,   0.100000000000000E+01,   0.100000000000000E+01,   0.100000000000000E+01,
  -0.200000000000000E+01,  -0.100000000000000E+01,   0.100000000000000E+01,
  -0.200000000000000E+01,  -0.500000000000000E+00,   0.100000000000000E+01,
  -0.200000000000000E+01,   0.000000000000000E+00,   0.100000000000000E+01,
   0.500000000000000E+01,  -0.100000000000000E+01,   0.100000000000000E+01,
   0.500000000000000E+01,  -0.500000000000000E+00,   0.100000000000000E+01,
   0.500000000000000E+01,   0.000000000000000E+00,   0.100000000000000E+01,
   0.120000000000000E+02,  -0.100000000000000E+01,   0.100000000000000E+01,
   0.120000000000000E+02,  -0.500000000000000E+00,   0.100000000000000E+01,
   0.120000000000000E+02,   0.000000000000000E+00,   0.100000000000000E+01,
   0.000000000000000E+00,   0.000000000000000E+00,   0.000000000000000E+00,   0.125000000000000E+00,   0.250000000000000E+00,   0.375000000000000E+00,   0.500000000000000E+00,   0.500000000000000E+00,   0.625000000000000E+00,   0.750000000000000E+00,   0.875000000000000E+00,   0.100000000000000E+01,   0.100000000000000E+01,   0.100000000000000E+01,
   0.000000000000000E+00,   0.000000000000000E+00,   0.000000000000000E+00,   0.100000000000000E+01,   0.100000000000000E+01,   0.100000000000000E+01,
  -0.191180591383259E+01,   0.316555677737662E+01,   0.100000000000000E+01,
  -0.141126502878419E+01,   0.341796774086809E+01,   0.100000000000000E+01,
  -0.910161434520432E+00,   0.366082771915445E+01,   0.100000000000000E+01,
  -0.143723524747705E+01,   0.221514305901451E+01,   0.926776700000000E+00,
  -0.984812631722214E+00,   0.255752480661681E+01,   0.926776700000000E+00,
  -0.532759347699105E+00,   0.290230712813991E+01,   0.926776700000000E+00,
   0.201115621478358E+00,   0.739268744939405E+00,   0.853553400000000E+00,
   0.493241232062333E+00,   0.122424646871565E+01,   0.853553400000000E+00,
   0.783584912389880E+00,   0.170825123564244E+01,   0.853553400000000E+00,
   0.230379231036132E+01,  -0.229405608717548E-01,   0.853553400000000E+00,
   0.240498473175197E+01,   0.519564582046727E+00,   0.853553400000000E+00,
   0.250348979912093E+01,   0.105706842536829E+01,   0.853553400000000E+00,
   0.433698188821993E+01,  -0.566280869855739E-01,   0.926776700000000E+00,
   0.428849627004759E+01,   0.466654640107398E+00,   0.926776700000000E+00,
   0.423797277310031E+01,   0.983452305526635E+00,   0.926776700000000E+00,
   0.524083588365435E+01,   0.140994475824504E+00,   0.100000000000000E+01,
   0.513647593149256E+01,   0.645771308094211E+00,   0.100000000000000E+01,
   0.503110391993140E+01,   0.114253895305771E+01,   0.100000000000000E+01,
   0.615344003943959E+01,   0.332449964221689E+00,   0.926776700000000E+00,
   0.598626118598345E+01,   0.817090368747668E+00,   0.926776700000000E+00,
   0.582094123058180E+01,   0.129601155219912E+01,   0.926776700000000E+00,
   0.787999231581771E+01,   0.121958741750067E+01,   0.853553400000000E+00,
   0.757573822923464E+01,   0.162912147000716E+01,   0.853553400000000E+00,
   0.727336475839344E+01,   0.203580468909857E+01,   0.853553400000000E+00,
   0.927850519380841E+01,   0.270565332272390E+01,   0.853553400000000E+00,
   0.884816895035984E+01,   0.297987536483498E+01,   0.853553400000000E+00,
   0.841909458177918E+01,   0.325347070157570E+01,   0.853553400000000E+00,
   0.999951506539037E+01,   0.454785939632481E+01,   0.926776700000000E+00,
   0.949929196146740E+01,   0.464291745465047E+01,   0.926776700000000E+00,
   0.899933292015515E+01,   0.473805268650028E+01,   0.926776700000000E+00,
   0.100000000000000E+02,   0.550000000000000E+01,   0.100000000000000E+01,
   0.950000000000000E+01,   0.550000000000000E+01,   0.100000000000000E+01,
   0.900000000000000E+01,   0.550000000000000E+01,   0.100000000000000E+01,
   2,
   3,   3,
  11,   3,
   2,   2,
   2,   2,
   0.000000000000000E+00,   0.000000000000000E+00,   0.000000000000000E+00,   0.100000000000000E+01,   0.100000000000000E+01,   0.100000000000000E+01,
   0.000000000000000E+00,   0.000000000000000E+00,   0.000000000000000E+00,   0.100000000000000E+01,   0.100000000000000E+01,   0.100000000000000E+01,
  -0.200000000000000E+01,  -0.100000000000000E+01,   0.100000000000000E+01,
  -0.200000000000000E+01,  -0.500000000000000E+00,   0.100000000000000E+01,
  -0.200000000000000E+01,   0.000000000000000E+00,   0.100000000000000E+01,
   0.500000000000000E+01,  -0.100000000000000E+01,   0.100000000000000E+01,
   0.500000000000000E+01,  -0.500000000000000E+00,   0.100000000000000E+01,
   0.500000000000000E+01,   0.000000000000000E+00,   0.100000000000000E+01,
   0.120000000000000E+02,  -0.100000000000000E+01,   0.100000000000000E+01,
   0.120000000000000E+02,  -0.500000000000000E+00,   0.100000000000000E+01,
   0.120000000000000E+02,   0.000000000000000E+00,   0.100000000000000E+01,
   0.000000000000000E+00,   0.000000000000000E+00,   0.000000000000000E+00,   0.125000000000000E+00,   0.250000000000000E+00,   0.375000000000000E+00,   0.500000000000000E+00,   0.500000000000000E+00,   0.625000000000000E+00,   0.750000000000000E+00,   0.875000000000000E+00,   0.100000000000000E+01,   0.100000000000000E+01,   0.100000000000000E+01,
   0.000000000000000E+00,   0.000000000000000E+00,   0.000000000000000E+00,   0.100000000000000E+01,   0.100000000000000E+01,   0.100000000000000E+01,
  -0.208710324236392E+01,   0.303374544171418E+01,   0.100000000000000E+01,
  -0.158650217303947E+01,   0.330653245236033E+01,   0.100000000000000E+01,
  -0.108527551714202E+01,   0.356870834982999E+01,   0.100000000000000E+01,
  -0.157443062441017E+01,   0.208369843630935E+01,   0.926776700000000E+00,
  -0.112583172557336E+01,   0.244585876123152E+01,   0.926776700000000E+00,
  -0.677643636134019E+00,   0.281068167777765E+01,   0.926776700000000E+00,
   0.136231824725047E+00,   0.638115964567045E+00,   0.853553400000000E+00,
   0.417695893586470E+00,   0.113928336687126E+01,   0.853553400000000E+00,
   0.697180396226492E+00,   0.163937740142714E+01,   0.853553400000000E+00,
   0.228736024499750E+01,  -0.685220104351449E-01,   0.853553400000000E+00,
   0.237519440435414E+01,   0.482549211449164E+00,   0.853553400000000E+00,
   0.246004193439248E+01,   0.102804871173953E+01,   0.853553400000000E+00,
   0.432969388058032E+01,  -0.529864589994737E-01,   0.926776700000000E+00,
   0.427290351318046E+01,   0.471395289180290E+00,   0.926776700000000E+00,
   0.421385928003541E+01,   0.988602482908439E+00,   0.926776700000000E+00,
   0.522816523186305E+01,   0.152010136531420E+00,   0.100000000000000E+01,
   0.511976199275581E+01,   0.657286450192307E+00,   0.100000000000000E+01,
   0.501020959195388E+01,   0.115371101953017E+01,   0.100000000000000E+01,
   0.613656341151504E+01,   0.350121830562328E+00,   0.926776700000000E+00,
   0.596866921821166E+01,   0.834463143163111E+00,   0.926776700000000E+00,
   0.580285613751910E+01,   0.131256310055593E+01,   0.926776700000000E+00,
   0.786091453256720E+01,   0.123005454105790E+01,   0.853553400000000E+00,
   0.755907369761058E+01,   0.164108553947349E+01,   0.853553400000000E+00,
   0.725918695586386E+01,   0.204910121133751E+01,   0.853553400000000E+00,
   0.926875902252477E+01,   0.270579662978248E+01,   0.853553400000000E+00,
   0.884006923398425E+01,   0.298268200395495E+01,   0.853553400000000E+00,
   0.841263240664115E+01,   0.325903917690923E+01,   0.853553400000000E+00,
   0.999928607643000E+01,   0.454637730211454E+01,   0.926776700000000E+00,
   0.949929665586762E+01,   0.464276361909443E+01,   0.926776700000000E+00,
   0.899916102773498E+01,   0.473925550158896E+01,   0.926776700000000E+00,
   0.100000000000000E+02,   0.550000000000000E+01,   0.100000000000000E+01,
   0.950000000000000E+01,   0.550000000000000E+01,   0.100000000000000E+01,
   0.900000000000000E+01,   0.550000000000000E+01,   0.100000000000000E+01,
   2,
   3,   3,
  11,   3,
   2,   2,
   2,   2,
   0.000000000000000E+00,   0.000000000000000E+00,   0.000000000000000E+00,   0.100000000000000E+01,   0.100000000000000E+01,   0.100000000000000E+01,
   0.000000000000000E+00,   0.000000000000000E+00,   0.000000000000000E+00,   0.100000000000000E+01,   0.100000000000000E+01,   0.100000000000000E+01,
  -0.200000000000000E+01,  -0.100000000000000E+01,   0.100000000000000E+01,
  -0.200000000000000E+01,  -0.500000000000000E+00,   0.100000000000000E+01,
  -0.200000000000000E+01,   0.000000000000000E+00,   0.100000000000000E+01,
   0.500000000000000E+01,  -0.100000000000000E+01,   0.100000000000000E+01,
   0.500000000000000E+01,  -0.500000000000000E+00,   0.100000000000000E+01,
   0.500000000000000E+01,   0.000000000000000E+00,   0.100000000000000E+01,
   0.120000000000000E+02,  -0.100000000000000E+01,   0.100000000000000E+01,
   0.120000000000000E+02,  -0.500000000000000E+00,   0.100000000000000E+01,
   0.120000000000000E+02,   0.000000000000000E+00,   0.100000000000000E+01,
   0.000000000000000E+00,   0.000000000000000E+00,   0.000000000000000E+00,   0.125000000000000E+00,   0.250000000000000E+00,   0.375000000000000E+00,   0.500000000000000E+00,   0.500000000000000E+00,   0.625000000000000E+00,   0.750000000000000E+00,   0.875000000000000E+00,   0.100000000000000E+01,   0.100000000000000E+01,   0.100000000000000E+01,
   0.000000000000000E+00,   0.000000000000000E+00,   0.000000000000000E+00,   0.100000000000000E+01,   0.100000000000000E+01,   0.100000000000000E+01,
  -0.218438196582609E+01,   0.296237959586265E+01,   0.100000000000000E+01,
  -0.168373014634952E+01,   0.324772648186719E+01,   0.100000000000000E+01,
  -0.118238726140684E+01,   0.352139123815937E+01,   0.100000000000000E+01,
  -0.164853391965118E+01,   0.201267774561118E+01,   0.926776700000000E+00,
  -0.120225319959293E+01,   0.238677250069618E+01,   0.926776700000000E+00,
  -0.756432042251391E+00,   0.276388707214268E+01,   0.926776700000000E+00,
   0.105509420604754E+00,   0.586046494665579E+00,   0.853553400000000E+00,
   0.380699427379149E+00,   0.109674708435631E+01,   0.853553400000000E+00,
   0.653723340270008E+00,   0.160609749094719E+01,   0.853553400000000E+00,
   0.228161048535943E+01,  -0.883914809553203E-01,   0.853553400000000E+00,
   0.236287815145460E+01,   0.466624123165118E+00,   0.853553400000000E+00,
   0.244083005561731E+01,   0.101588978713447E+01,   0.853553400000000E+00,
   0.432650993624723E+01,  -0.512970206061437E-01,   0.926776700000000E+00,
   0.426642160507890E+01,   0.473637727296905E+00,   0.926776700000000E+00,
   0.420399243014293E+01,   0.990887756921204E+00,   0.926776700000000E+00,
   0.522290887748297E+01,   0.156575633243209E+00,   0.100000000000000E+01,
   0.511280584334093E+01,   0.662050894855159E+00,   0.100000000000000E+01,
   0.500152900648666E+01,   0.115835881293730E+01,   0.100000000000000E+01,
   0.612955157613360E+01,   0.357466069475045E+00,   0.926776700000000E+00,
   0.596135911613191E+01,   0.841685199799806E+00,   0.926776700000000E+00,
   0.579533418414053E+01,   0.131943122534529E+01,   0.926776700000000E+00,
   0.785298272189628E+01,   0.123440752175715E+01,   0.853553400000000E+00,
   0.755214431973816E+01,   0.164605963806266E+01,   0.853553400000000E+00,
   0.725329228087502E+01,   0.205463329908049E+01,   0.853553400000000E+00,
   0.926470692410234E+01,   0.270585609220406E+01,   0.853553400000000E+00,
   0.883670201251964E+01,   0.298384932531979E+01,   0.853553400000000E+00,
   0.840994585771124E+01,   0.326135299914620E+01,   0.853553400000000E+00,
   0.999919075163676E+01,   0.454576124520633E+01,   0.926776700000000E+00,
   0.949929828553511E+01,   0.464269952417833E+01,   0.926776700000000E+00,
   0.899908922247769E+01,   0.473975632086624E+01,   0.926776700000000E+00,
   0.100000000000000E+02,   0.550000000000000E+01,   0.100000000000000E+01,
   0.950000000000000E+01,   0.550000000000000E+01,   0.100000000000000E+01,
   0.900000000000000E+01,   0.550000000000000E+01,   0.100000000000000E+01,
   2,
   3,   3,
  11,   3,
   2,   2,
   2,   2,
   0.000000000000000E+00,   0.000000000000000E+00,   0.000000000000000E+00,   0.100000000000000E+01,   0.100000000000000E+01,   0.100000000000000E+01,
   0.000000000000000E+00,   0.000000000000000E+00,   0.000000000000000E+00,   0.100000000000000E+01,   0.100000000000000E+01,   0.100000000000000E+01,
  -0.200000000000000E+01,  -0.100000000000000E+01,   0.100000000000000E+01,
  -0.200000000000000E+01,  -0.500000000000000E+00,   0.100000000000000E+01,
  -0.200000000000000E+01,   0.000000000000000E+00,   0.100000000000000E+01,
   0.500000000000000E+01,  -0.100000000000000E+01,   0.100000000000000E+01,
   0.500000000000000E+01,  -0.500000000000000E+00,   0.100000000000000E+01,
   0.500000000000000E+01,   0.000000000000000E+00,   0.100000000000000E+01,
   0.120000000000000E+02,  -0.100000000000000E+01,   0.100000000000000E+01,
   0.120000000000000E+02,  -0.500000000000000E+00,   0.100000000000000E+01,
   0.120000000000000E+02,   0.000000000000000E+00,   0.100000000000000E+01,
   0.000000000000000E+00,   0.000000000000000E+00,   0.000000000000000E+00,   0.125000000000000E+00,   0.250000000000000E+00,   0.375000000000000E+00,   0.500000000000000E+00,   0.500000000000000E+00,   0.625000000000000E+00,   0.750000000000000E+00,   0.875000000000000E+00,   0.100000000000000E+01,   0.100000000000000E+01,   0.100000000000000E+01,
   0.000000000000000E+00,   0.000000000000000E+00,   0.000000000000000E+00,   0.100000000000000E+01,   0.100000000000000E+01,   0.100000000000000E+01,
  -0.221596452158681E+01,   0.294191234057032E+01,   0.100000000000000E+01,
  -0.171526989603487E+01,   0.323323743423157E+01,   0.100000000000000E+01,
  -0.121381653548074E+01,   0.351180021284498E+01,   0.100000000000000E+01,
  -0.166951004124168E+01,   0.199253749255725E+01,   0.926776700000000E+00,
  -0.122427974996822E+01,   0.237196145323530E+01,   0.926776700000000E+00,
  -0.779563901250798E+00,   0.275484262482945E+01,   0.926776700000000E+00,
   0.103552880438897E+00,   0.575308004639755E+00,   0.853553400000000E+00,
   0.376163336168426E+00,   0.108993663204858E+01,   0.853553400000000E+00,
   0.646430524184304E+00,   0.160278971827715E+01,   0.853553400000000E+00,
   0.228485584358810E+01,  -0.866099813554549E-01,   0.853553400000000E+00,
   0.236527607766209E+01,   0.468458269649650E+00,   0.853553400000000E+00,
   0.244202627560505E+01,   0.101792861987585E+01,   0.853553400000000E+00,
   0.432678185005213E+01,  -0.512514385052713E-01,   0.926776700000000E+00,
   0.426761155739929E+01,   0.473776527623639E+00,   0.926776700000000E+00,
   0.420612207593513E+01,   0.990760616971758E+00,   0.926776700000000E+00,
   0.522389578938128E+01,   0.155709719650363E+00,   0.100000000000000E+01,
   0.511406631562952E+01,   0.661130862713862E+00,   0.100000000000000E+01,
   0.500313309703366E+01,   0.115751279192605E+01,   0.100000000000000E+01,
   0.613084646534277E+01,   0.356113850115257E+00,   0.926776700000000E+00,
   0.596270693830226E+01,   0.840359766297556E+00,   0.926776700000000E+00,
   0.579670700394494E+01,   0.131814534868784E+01,   0.926776700000000E+00,
   0.785443646333994E+01,   0.123361204134009E+01,   0.853553400000000E+00,
   0.755341250311284E+01,   0.164514777780180E+01,   0.853553400000000E+00,
   0.725437247727135E+01,   0.205362728491429E+01,   0.853553400000000E+00,
   0.926544956361790E+01,   0.270584495260283E+01,   0.853553400000000E+00,
   0.883731982486900E+01,   0.298363624653443E+01,   0.853553400000000E+00,
   0.841043860392930E+01,   0.326092621565903E+01,   0.853553400000000E+00,
   0.999920797978563E+01,   0.454587444168302E+01,   0.926776700000000E+00,
   0.949929733452080E+01,   0.464271099605975E+01,   0.926776700000000E+00,
   0.899910169638731E+01,   0.473966601916013E+01,   0.926776700000000E+00,
   0.100000000000000E+02,   0.550000000000000E+01,   0.100000000000000E+01,
   0.950000000000000E+01,   0.550000000000000E+01,   0.100000000000000E+01,
   0.900000000000000E+01,   0.550000000000000E+01,   0.100000000000000E+01,
   2,
   3,   3,
  11,   3,
   2,   2,
   2,   2,
   0.000000000000000E+00,   0.000000000000000E+00,   0.000000000000000E+00,   0.100000000000000E+01,   0.100000000000000E+01,   0.100000000000000E+01,
   0.000000000000000E+00,   0.000000000000000E+00,   0.000000000000000E+00,   0.100000000000000E+01,   0.100000000000000E+01,   0.100000000000000E+01,
  -0.200000000000000E+01,  -0.100000000000000E+01,   0.100000000000000E+01,
  -0.200000000000000E+01,  -0.500000000000000E+00,   0.100000000000000E+01,
  -0.200000000000000E+01,   0.000000000000000E+00,   0.100000000000000E+01,
   0.500000000000000E+01,  -0.100000000000000E+01,   0.100000000000000E+01,
   0.500000000000000E+01,  -0.500000000000000E+00,   0.100000000000000E+01,
   0.500000000000000E+01,   0.000000000000000E+00,   0.100000000000000E+01,
   0.120000000000000E+02,  -0.100000000000000E+01,   0.100000000000000E+01,
   0.120000000000000E+02,  -0.500000000000000E+00,   0.100000000000000E+01,
   0.120000000000000E+02,   0.000000000000000E+00,   0.100000000000000E+01,
   0.000000000000000E+00,   0.000000000000000E+00,   0.000000000000000E+00,   0.125000000000000E+00,   0.250000000000000E+00,   0.375000000000000E+00,   0.500000000000000E+00,   0.500000000000000E+00,   0.625000000000000E+00,   0.750000000000000E+00,   0.875000000000000E+00,   0.100000000000000E+01,   0.100000000000000E+01,   0.100000000000000E+01,
   0.000000000000000E+00,   0.000000000000000E+00,   0.000000000000000E+00,   0.100000000000000E+01,   0.100000000000000E+01,   0.100000000000000E+01,
  -0.224754707734754E+01,   0.292144508527799E+01,   0.100000000000000E+01,
  -0.174680964572023E+01,   0.321874838659595E+01,   0.100000000000000E+01,
  -0.124524580955464E+01,   0.350220918753060E+01,   0.100000000000000E+01,
  -0.169048616283219E+01,   0.197239723950333E+01,   0.926776700000000E+00,
  -0.124630630034351E+01,   0.235715040577442E+01,   0.926776700000000E+00,
  -0.802695760250204E+00,   0.274579817751623E+01,   0.926776700000000E+00,
   0.101596340273040E+00,   0.564569514613931E+00,   0.853553400000000E+00,
   0.371627244957703E+00,   0.108312617974086E+01,   0.853553400000000E+00,
   0.639137708098600E+00,   0.159948194560711E+01,   0.853553400000000E+00,
   0.228810120181678E+01,  -0.848284817555895E-01,   0.853553400000000E+00,
   0.236767400386959E+01,   0.470292416134181E+00,   0.853553400000000E+00,
   0.244322249559279E+01,   0.101996745261722E+01,   0.853553400000000E+00,
   0.432705376385702E+01,  -0.512058564043989E-01,   0.926776700000000E+00,
   0.426880150971967E+01,   0.473915327950372E+00,   0.926776700000000E+00,
   0.420825172172733E+01,   0.990633477022313E+00,   0.926776700000000E+00,
   0.522488270127960E+01,   0.154843806057517E+00,   0.100000000000000E+01,
   0.511532678791811E+01,   0.660210830572565E+00,   0.100000000000000E+01,
   0.500473718758067E+01,   0.115666677091480E+01,   0.100000000000000E+01,
   0.613214135455194E+01,   0.354761630755470E+00,   0.926776700000000E+00,
   0.596405476047262E+01,   0.839034332795306E+00,   0.926776700000000E+00,
   0.579807982374936E+01,   0.131685947203039E+01,   0.926776700000000E+00,
   0.785589020478361E+01,   0.123281656092303E+01,   0.853553400000000E+00,
   0.755468068648753E+01,   0.164423591754094E+01,   0.853553400000000E+00,
   0.725545267366769E+01,   0.205262127074809E+01,   0.853553400000000E+00,
   0.926619220313347E+01,   0.270583381300161E+01,   0.853553400000000E+00,
   0.883793763721835E+01,   0.298342316774906E+01,   0.853553400000000E+00,
   0.841093135014735E+01,   0.326049943217185E+01,   0.853553400000000E+00,
   0.999922520793450E+01,   0.454598763815971E+01,   0.926776700000000E+00,
   0.949929638350648E+01,   0.464272246794116E+01,   0.926776700000000E+00,
   0.899911417029692E+01,   0.473957571745402E+01,   0.926776700000000E+00,
   0.100000000000000E+02,   0.550000000000000E+01,   0.100000000000000E+01,
   0.950000000000000E+01,   0.550000000000000E+01,   0.100000000000000E+01,
   0.900000000000000E+01,   0.550000000000000E+01,   0.100000000000000E+01,
   2,
   3,   3,
  11,   3,
   2,   2,
   2,   2,
   0.000000000000000E+00,   0.000000000000000E+00,   0.000000000000000E+00,   0.100000000000000E+01,   0.100000000000000E+01,   0.100000000000000E+01,
   0.000000000000000E+00,   0.000000000000000E+00,   0.000000000000000E+00,   0.100000000000000E+01,   0.100000000000000E+01,   0.100000000000000E+01,
  -0.200000000000000E+01,  -0.100000000000000E+01,   0.100000000000000E+01,
  -0.200000000000000E+01,  -0.500000000000000E+00,   0.100000000000000E+01,
  -0.200000000000000E+01,   0.000000000000000E+00,   0.100000000000000E+01,
   0.500000000000000E+01,  -0.100000000000000E+01,   0.100000000000000E+01,
   0.500000000000000E+01,  -0.500000000000000E+00,   0.100000000000000E+01,
   0.500000000000000E+01,   0.000000000000000E+00,   0.100000000000000E+01,
   0.120000000000000E+02,  -0.100000000000000E+01,   0.100000000000000E+01,
   0.120000000000000E+02,  -0.500000000000000E+00,   0.100000000000000E+01,
   0.120000000000000E+02,   0.000000000000000E+00,   0.100000000000000E+01,
   0.000000000000000E+00,   0.000000000000000E+00,   0.000000000000000E+00,   0.125000000000000E+00,   0.250000000000000E+00,   0.375000000000000E+00,   0.500000000000000E+00,   0.500000000000000E+00,   0.625000000000000E+00,   0.750000000000000E+00,   0.875000000000000E+00,   0.100000000000000E+01,   0.100000000000000E+01,   0.100000000000000E+01,
   0.000000000000000E+00,   0.000000000000000E+00,   0.000000000000000E+00,   0.100000000000000E+01,   0.100000000000000E+01,   0.100000000000000E+01,
  -0.227912963310826E+01,   0.290097782998566E+01,   0.100000000000000E+01,
  -0.177834939540558E+01,   0.320425933896033E+01,   0.100000000000000E+01,
  -0.127667508362854E+01,   0.349261816221621E+01,   0.100000000000000E+01,
  -0.171146228442269E+01,   0.195225698644941E+01,   0.926776700000000E+00,
  -0.126833285071880E+01,   0.234233935831354E+01,   0.926776700000000E+00,
  -0.825827619249610E+00,   0.273675373020300E+01,   0.926776700000000E+00,
   0.996398001071833E-01,   0.553831024588107E+00,   0.853553400000000E+00,
   0.367091153746981E+00,   0.107631572743314E+01,   0.853553400000000E+00,
   0.631844892012896E+00,   0.159617417293706E+01,   0.853553400000000E+00,
   0.229134656004545E+01,  -0.830469821557240E-01,   0.853553400000000E+00,
   0.237007193007708E+01,   0.472126562618713E+00,   0.853553400000000E+00,
   0.244441871558054E+01,   0.102200628535860E+01,   0.853553400000000E+00,
   0.432732567766192E+01,  -0.511602743035265E-01,   0.926776700000000E+00,
   0.426999146204006E+01,   0.474054128277106E+00,   0.926776700000000E+00,
   0.421038136751953E+01,   0.990506337072867E+00,   0.926776700000000E+00,
   0.522586961317792E+01,   0.153977892464671E+00,   0.100000000000000E+01,
   0.511658726020671E+01,   0.659290798431268E+00,   0.100000000000000E+01,
   0.500634127812767E+01,   0.115582074990355E+01,   0.100000000000000E+01,
   0.613343624376111E+01,   0.353409411395682E+00,   0.926776700000000E+00,
   0.596540258264298E+01,   0.837708899293055E+00,   0.926776700000000E+00,
   0.579945264355377E+01,   0.131557359537294E+01,   0.926776700000000E+00,
   0.785734394622728E+01,   0.123202108050597E+01,   0.853553400000000E+00,
   0.755594886986221E+01,   0.164332405728007E+01,   0.853553400000000E+00,
   0.725653287006403E+01,   0.205161525658189E+01,   0.853553400000000E+00,
   0.926693484264903E+01,   0.270582267340038E+01,   0.853553400000000E+00,
   0.883855544956771E+01,   0.298321008896370E+01,   0.853553400000000E+00,
   0.841142409636540E+01,   0.326007264868468E+01,   0.853553400000000E+00,
   0.999924243608337E+01,   0.454610083463640E+01,   0.926776700000000E+00,
   0.949929543249217E+01,   0.464273393982258E+01,   0.926776700000000E+00,
   0.899912664420654E+01,   0.473948541574792E+01,   0.926776700000000E+00,
   0.100000000000000E+02,   0.550000000000000E+01,   0.100000000000000E+01,
   0.950000000000000E+01,   0.550000000000000E+01,   0.100000000000000E+01,
   0.900000000000000E+01,   0.550000000000000E+01,   0.100000000000000E+01,
   2,
   3,   3,
  11,   3,
   2,   2,
   2,   2,
   0.000000000000000E+00,   0.000000000000000E+00,   0.000000000000000E+00,   0.100000000000000E+01,   0.100000000000000E+01,   0.100000000000000E+01,
   0.000000000000000E+00,   0.000000000000000E+00,   0.000000000000000E+00,   0.100000000000000E+01,   0.100000000000000E+01,   0.100000000000000E+01,
  -0.200000000000000E+01,  -0.100000000000000E+01,   0.100000000000000E+01,
  -0.200000000000000E+01,  -0.500000000000000E+00,   0.100000000000000E+01,
  -0.200000000000000E+01,   0.000000000000000E+00,   0.100000000000000E+01,
   0.500000000000000E+01,  -0.100000000000000E+01,   0.100000000000000E+01,
   0.500000000000000E+01,  -0.500000000000000E+00,   0.100000000000000E+01,
   0.500000000000000E+01,   0.000000000000000E+00,   0.100000000000000E+01,
   0.120000000000000E+02,  -0.100000000000000E+01,   0.100000000000000E+01,
   0.120000000000000E+02,  -0.500000000000000E+00,   0.100000000000000E+01,
   0.120000000000000E+02,   0.000000000000000E+00,   0.100000000000000E+01,
   0.000000000000000E+00,   0.000000000000000E+00,   0.000000000000000E+00,   0.125000000000000E+00,   0.250000000000000E+00,   0.375000000000000E+00,   0.500000000000000E+00,   0.500000000000000E+00,   0.625000000000000E+00,   0.750000000000000E+00,   0.875000000000000E+00,   0.100000000000000E+01,   0.100000000000000E+01,   0.100000000000000E+01,
   0.000000000000000E+00,   0.000000000000000E+00,   0.000000000000000E+00,   0.100000000000000E+01,   0.100000000000000E+01,   0.100000000000000E+01,
  -0.231071218886898E+01,   0.288051057469333E+01,   0.100000000000000E+01,
  -0.180988914509093E+01,   0.318977029132472E+01,   0.100000000000000E+01,
  -0.130810435770245E+01,   0.348302713690182E+01,   0.100000000000000E+01,
  -0.173243840601319E+01,   0.193211673339549E+01,   0.926776700000000E+00,
  -0.129035940109409E+01,   0.232752831085265E+01,   0.926776700000000E+00,
  -0.848959478249018E+00,   0.272770928288978E+01,   0.926776700000000E+00,
   0.976832599413261E-01,   0.543092534562283E+00,   0.853553400000000E+00,
   0.362555062536258E+00,   0.106950527512542E+01,   0.853553400000000E+00,
   0.624552075927192E+00,   0.159286640026702E+01,   0.853553400000000E+00,
   0.229459191827413E+01,  -0.812654825558586E-01,   0.853553400000000E+00,
   0.237246985628457E+01,   0.473960709103244E+00,   0.853553400000000E+00,
   0.244561493556828E+01,   0.102404511809998E+01,   0.853553400000000E+00,
   0.432759759146681E+01,  -0.511146922026540E-01,   0.926776700000000E+00,
   0.427118141436045E+01,   0.474192928603840E+00,   0.926776700000000E+00,
   0.421251101331174E+01,   0.990379197123421E+00,   0.926776700000000E+00,
   0.522685652507624E+01,   0.153111978871826E+00,   0.100000000000000E+01,
   0.511784773249530E+01,   0.658370766289971E+00,   0.100000000000000E+01,
   0.500794536867468E+01,   0.115497472889230E+01,   0.100000000000000E+01,
   0.613473113297028E+01,   0.352057192035894E+00,   0.926776700000000E+00,
   0.596675040481333E+01,   0.836383465790805E+00,   0.926776700000000E+00,
   0.580082546335819E+01,   0.131428771871549E+01,   0.926776700000000E+00,
   0.785879768767094E+01,   0.123122560008891E+01,   0.853553400000000E+00,
   0.755721705323689E+01,   0.164241219701921E+01,   0.853553400000000E+00,
   0.725761306646037E+01,   0.205060924241569E+01,   0.853553400000000E+00,
   0.926767748216459E+01,   0.270581153379915E+01,   0.853553400000000E+00,
   0.883917326191706E+01,   0.298299701017833E+01,   0.853553400000000E+00,
   0.841191684258346E+01,   0.325964586519751E+01,   0.853553400000000E+00,
   0.999925966423224E+01,   0.454621403111308E+01,   0.926776700000000E+00,
   0.949929448147785E+01,   0.464274541170400E+01,   0.926776700000000E+00,
   0.899913911811615E+01,   0.473939511404181E+01,   0.926776700000000E+00,
   0.100000000000000E+02,   0.550000000000000E+01,   0.100000000000000E+01,
   0.950000000000000E+01,   0.550000000000000E+01,   0.100000000000000E+01,
   0.900000000000000E+01,   0.550000000000000E+01,   0.100000000000000E+01,
