!----------------------------------------------------------------
!
! Contact Patch Test
!
!----------------------------------------------------------------
*begin_MP
2       !number of patches
2       !problem dimension
2, 2	!degree of each dimension patch1
2, 2    !degree of each dimension patch2
5, 3    !control points in each direction patch1
12, 4    !control points in each direction patch2
0, 0    !open(0) or closed(1) knot vector patch1
0, 0    !open(0) or closed(1) knot vector patch2
63      !total number of control points
-----------------------------------------------------------------
*knots    !knot spans
0.0, 0.0, 0.0, 0.3333333333, 0.6666666666, 1.0, 1.0, 1.0
0.0, 0.0, 0.0, 1.0, 1.0, 1.0
0.0, 0.0, 0.0, 0.1, 0.2, 0.3, 0.4, 0.5, 0.6, 0.7, 0.8, 0.9, 1.0, 1.0, 1.0
0.0, 0.0, 0.0, 0.5, 1.0, 1.0, 1.0
-----------------------------------------------------------------
*element
Quad9S  !Element for patch 1
Quad9S  !Element for patch 2
*bnet     
0.00000E+00	0.00000E+00	1.00000E+00
0.00000E+00	2.50000E-01	1.00000E+00
0.00000E+00	5.00000E-01	1.00000E+00
1.66667E-01	0.00000E+00	1.00000E+00
1.66667E-01	2.50000E-01	1.00000E+00
1.66667E-01	5.00000E-01	1.00000E+00
5.00000E-01	0.00000E+00	1.00000E+00
5.00000E-01	2.50000E-01	1.00000E+00
5.00000E-01	5.00000E-01	1.00000E+00
8.33333E-01	0.00000E+00	1.00000E+00
8.33333E-01	2.50000E-01	1.00000E+00
8.33333E-01	5.00000E-01	1.00000E+00
1.00000E+00	0.00000E+00	1.00000E+00
1.00000E+00	2.50000E-01	1.00000E+00
1.00000E+00	5.00000E-01	1.00000E+00
0.00000E+00	5.00000E-01	1.00000E+00
0.00000E+00	6.25000E-01	1.00000E+00
0.00000E+00	8.75000E-01	1.00000E+00
0.00000E+00	1.00000E+00	1.00000E+00
5.00000E-02	5.00000E-01	1.00000E+00
5.00000E-02	6.25000E-01	1.00000E+00
5.00000E-02	8.75000E-01	1.00000E+00
5.00000E-02	1.00000E+00	1.00000E+00
1.50000E-01	5.00000E-01	1.00000E+00
1.50000E-01	6.25000E-01	1.00000E+00
1.50000E-01	8.75000E-01	1.00000E+00
1.50000E-01	1.00000E+00	1.00000E+00
2.50000E-01	5.00000E-01	1.00000E+00
2.50000E-01	6.25000E-01	1.00000E+00
2.50000E-01	8.75000E-01	1.00000E+00
2.50000E-01	1.00000E+00	1.00000E+00
3.50000E-01	5.00000E-01	1.00000E+00
3.50000E-01	6.25000E-01	1.00000E+00
3.50000E-01	8.75000E-01	1.00000E+00
3.50000E-01	1.00000E+00	1.00000E+00
4.50000E-01	5.00000E-01	1.00000E+00
4.50000E-01	6.25000E-01	1.00000E+00
4.50000E-01	8.75000E-01	1.00000E+00
4.50000E-01	1.00000E+00	1.00000E+00
5.50000E-01	5.00000E-01	1.00000E+00
5.50000E-01	6.25000E-01	1.00000E+00
5.50000E-01	8.75000E-01	1.00000E+00
5.50000E-01	1.00000E+00	1.00000E+00
6.50000E-01	5.00000E-01	1.00000E+00
6.50000E-01	6.25000E-01	1.00000E+00
6.50000E-01	8.75000E-01	1.00000E+00
6.50000E-01	1.00000E+00	1.00000E+00
7.50000E-01	5.00000E-01	1.00000E+00
7.50000E-01	6.25000E-01	1.00000E+00
7.50000E-01	8.75000E-01	1.00000E+00
7.50000E-01	1.00000E+00	1.00000E+00
8.50000E-01	5.00000E-01	1.00000E+00
8.50000E-01	6.25000E-01	1.00000E+00
8.50000E-01	8.75000E-01	1.00000E+00
8.50000E-01	1.00000E+00	1.00000E+00
9.50000E-01	5.00000E-01	1.00000E+00
9.50000E-01	6.25000E-01	1.00000E+00
9.50000E-01	8.75000E-01	1.00000E+00
9.50000E-01	1.00000E+00	1.00000E+00
1.00000E+00	5.00000E-01	1.00000E+00
1.00000E+00	6.25000E-01	1.00000E+00
1.00000E+00	8.75000E-01	1.00000E+00
1.00000E+00	1.00000E+00	1.00000E+00
-----------------------------------------------------------------
*MP_conn
1	13	12	11	8	7	6	3	2	1
2	14	13	12	9	8	7	4	3	2
3	15	14	13	10	9	8	5	4	3
4	42	41	40	30	29	28	18	17	16
5	43	42	41	31	30	29	19	18	17
6	44	43	42	32	31	30	20	19	18
7	45	44	43	33	32	31	21	20	19
8	46	45	44	34	33	32	22	21	20
9	47	46	45	35	34	33	23	22	21
10	48	47	46	36	35	34	24	23	22
11	49	48	47	37	36	35	25	24	23
12	50	49	48	38	37	36	26	25	24
13	51	50	49	39	38	37	27	26	25
14	54	53	52	42	41	40	30	29	28
15	55	54	53	43	42	41	31	30	29
16	56	55	54	44	43	42	32	31	30
17	57	56	55	45	44	43	33	32	31
18	58	57	56	46	45	44	34	33	32
19	59	58	57	47	46	45	35	34	33
20	60	59	58	48	47	46	36	35	34
21	61	60	59	49	48	47	37	36	35
22	62	61	60	50	49	48	38	37	36
23	63	62	61	51	50	49	39	38	37
-----------------------------------------------------------------
*material
5
1000.0, 0.0, 1.0, 0.0, 1.0e25
1000.0, 0.0, 1.0, 0.0, 1.0e25
-----------------------------------------------------------------
*ContactPTS
*Master
2
5
0.0, 0.0, 0.0, 0.3333333333, 0.6666666666, 1.0, 1.0, 1.0
11, 12, 13, 14, 15
*Slave
2
12
0.0, 0.0, 0.0, 0.1, 0.2, 0.3, 0.4, 0.5, 0.6, 0.7, 0.8, 0.9, 1.0, 1.0, 1.0
16	17	18	19	20	21	22	23	24	25	26	27
-----------------------------------------------------------------
*Multistep
1
*step
*increment
1
*iteration
100
*bcdof
7
1	,	1
1	,	2
2	,	2
3	,	2
4	,	2
5	,	2
52	,	1
*dispdof
12
52	,	2	,	-0.001
53	,	2	,	-0.001
54	,	2	,	-0.001
55	,	2	,	-0.001
56	,	2	,	-0.001
57	,	2	,	-0.001
58	,	2	,	-0.001
59	,	2	,	-0.001
60	,	2	,	-0.001
61	,	2	,	-0.001
62	,	2	,	-0.001
63	,	2	,	-0.001
*endstep
*end
