-----------------------------------------------------------------------------------------------
Cook's membrane with 32 elements per side
Obtained from a cook_18p34_p2 by p-refinement
-----------------------------------------------------------------------------------------------
*begin
2        !problem dimension
2, 2     !degree of each dimension
34, 34     !control points in each direction
0, 0     !open(0) or closed(1) knot vector
-----------------------------------------------------------------------------------------------
*knots    !knot spans
0 0	0	0.03125	0.0625	0.09375	0.125	0.15625	0.1875	0.21875	0.25	0.28125	0.3125	0.34375	0.375	0.40625	0.4375	0.46875	0.5	0.53125	0.5625	0.59375	0.625	0.65625	0.6875	0.71875	0.75	0.78125	0.8125	0.84375	0.875	0.90625	0.9375	0.96875	1	1 1
0 0	0	0.03125	0.0625	0.09375	0.125	0.15625	0.1875	0.21875	0.25	0.28125	0.3125	0.34375	0.375	0.40625	0.4375	0.46875	0.5	0.53125	0.5625	0.59375	0.625	0.65625	0.6875	0.71875	0.75	0.78125	0.8125	0.84375	0.875	0.90625	0.9375	0.96875	1	1 1
-----------------------------------------------------------------------------------------------
*element
Quad9E
-----------------------------------------------------------------------------------------------
*bnet     !nurbs control points
0.000000E+000 0.000000E+000 1.000000E+000
0.000000E+000 6.875000E-001 1.000000E+000
0.000000E+000 2.062500E+000 1.000000E+000
0.000000E+000 3.437500E+000 1.000000E+000
0.000000E+000 4.812500E+000 1.000000E+000
0.000000E+000 6.187500E+000 1.000000E+000
0.000000E+000 7.562500E+000 1.000000E+000
0.000000E+000 8.937500E+000 1.000000E+000
0.000000E+000 1.031250E+001 1.000000E+000
0.000000E+000 1.168750E+001 1.000000E+000
0.000000E+000 1.306250E+001 1.000000E+000
0.000000E+000 1.443750E+001 1.000000E+000
0.000000E+000 1.581250E+001 1.000000E+000
0.000000E+000 1.718750E+001 1.000000E+000
0.000000E+000 1.856250E+001 1.000000E+000
0.000000E+000 1.993750E+001 1.000000E+000
0.000000E+000 2.131250E+001 1.000000E+000
0.000000E+000 2.268750E+001 1.000000E+000
0.000000E+000 2.406250E+001 1.000000E+000
0.000000E+000 2.543750E+001 1.000000E+000
0.000000E+000 2.681250E+001 1.000000E+000
0.000000E+000 2.818750E+001 1.000000E+000
0.000000E+000 2.956250E+001 1.000000E+000
0.000000E+000 3.093750E+001 1.000000E+000
0.000000E+000 3.231250E+001 1.000000E+000
0.000000E+000 3.368750E+001 1.000000E+000
0.000000E+000 3.506250E+001 1.000000E+000
0.000000E+000 3.643750E+001 1.000000E+000
0.000000E+000 3.781250E+001 1.000000E+000
0.000000E+000 3.918750E+001 1.000000E+000
0.000000E+000 4.056250E+001 1.000000E+000
0.000000E+000 4.193750E+001 1.000000E+000
0.000000E+000 4.331250E+001 1.000000E+000
0.000000E+000 4.400000E+001 1.000000E+000
7.500000E-001 6.875000E-001 1.000000E+000
7.500000E-001 1.368164E+000 1.000000E+000
7.500000E-001 2.729492E+000 1.000000E+000
7.500000E-001 4.090820E+000 1.000000E+000
7.500000E-001 5.452148E+000 1.000000E+000
7.500000E-001 6.813477E+000 1.000000E+000
7.500000E-001 8.174805E+000 1.000000E+000
7.500000E-001 9.536133E+000 1.000000E+000
7.500000E-001 1.089746E+001 1.000000E+000
7.500000E-001 1.225879E+001 1.000000E+000
7.500000E-001 1.362012E+001 1.000000E+000
7.500000E-001 1.498145E+001 1.000000E+000
7.500000E-001 1.634277E+001 1.000000E+000
7.500000E-001 1.770410E+001 1.000000E+000
7.500000E-001 1.906543E+001 1.000000E+000
7.500000E-001 2.042676E+001 1.000000E+000
7.500000E-001 2.178809E+001 1.000000E+000
7.500000E-001 2.314941E+001 1.000000E+000
7.500000E-001 2.451074E+001 1.000000E+000
7.500000E-001 2.587207E+001 1.000000E+000
7.500000E-001 2.723340E+001 1.000000E+000
7.500000E-001 2.859473E+001 1.000000E+000
7.500000E-001 2.995605E+001 1.000000E+000
7.500000E-001 3.131738E+001 1.000000E+000
7.500000E-001 3.267871E+001 1.000000E+000
7.500000E-001 3.404004E+001 1.000000E+000
7.500000E-001 3.540137E+001 1.000000E+000
7.500000E-001 3.676270E+001 1.000000E+000
7.500000E-001 3.812402E+001 1.000000E+000
7.500000E-001 3.948535E+001 1.000000E+000
7.500000E-001 4.084668E+001 1.000000E+000
7.500000E-001 4.220801E+001 1.000000E+000
7.500000E-001 4.356934E+001 1.000000E+000
7.500000E-001 4.425000E+001 1.000000E+000
2.250000E+000 2.062500E+000 1.000000E+000
2.250000E+000 2.729492E+000 1.000000E+000
2.250000E+000 4.063477E+000 1.000000E+000
2.250000E+000 5.397461E+000 1.000000E+000
2.250000E+000 6.731445E+000 1.000000E+000
2.250000E+000 8.065430E+000 1.000000E+000
2.250000E+000 9.399414E+000 1.000000E+000
2.250000E+000 1.073340E+001 1.000000E+000
2.250000E+000 1.206738E+001 1.000000E+000
2.250000E+000 1.340137E+001 1.000000E+000
2.250000E+000 1.473535E+001 1.000000E+000
2.250000E+000 1.606934E+001 1.000000E+000
2.250000E+000 1.740332E+001 1.000000E+000
2.250000E+000 1.873730E+001 1.000000E+000
2.250000E+000 2.007129E+001 1.000000E+000
2.250000E+000 2.140527E+001 1.000000E+000
2.250000E+000 2.273926E+001 1.000000E+000
2.250000E+000 2.407324E+001 1.000000E+000
2.250000E+000 2.540723E+001 1.000000E+000
2.250000E+000 2.674121E+001 1.000000E+000
2.250000E+000 2.807520E+001 1.000000E+000
2.250000E+000 2.940918E+001 1.000000E+000
2.250000E+000 3.074316E+001 1.000000E+000
2.250000E+000 3.207715E+001 1.000000E+000
2.250000E+000 3.341113E+001 1.000000E+000
2.250000E+000 3.474512E+001 1.000000E+000
2.250000E+000 3.607910E+001 1.000000E+000
2.250000E+000 3.741309E+001 1.000000E+000
2.250000E+000 3.874707E+001 1.000000E+000
2.250000E+000 4.008105E+001 1.000000E+000
2.250000E+000 4.141504E+001 1.000000E+000
2.250000E+000 4.274902E+001 1.000000E+000
2.250000E+000 4.408301E+001 1.000000E+000
2.250000E+000 4.475000E+001 1.000000E+000
3.750000E+000 3.437500E+000 1.000000E+000
3.750000E+000 4.090820E+000 1.000000E+000
3.750000E+000 5.397461E+000 1.000000E+000
3.750000E+000 6.704102E+000 1.000000E+000
3.750000E+000 8.010742E+000 1.000000E+000
3.750000E+000 9.317383E+000 1.000000E+000
3.750000E+000 1.062402E+001 1.000000E+000
3.750000E+000 1.193066E+001 1.000000E+000
3.750000E+000 1.323730E+001 1.000000E+000
3.750000E+000 1.454395E+001 1.000000E+000
3.750000E+000 1.585059E+001 1.000000E+000
3.750000E+000 1.715723E+001 1.000000E+000
3.750000E+000 1.846387E+001 1.000000E+000
3.750000E+000 1.977051E+001 1.000000E+000
3.750000E+000 2.107715E+001 1.000000E+000
3.750000E+000 2.238379E+001 1.000000E+000
3.750000E+000 2.369043E+001 1.000000E+000
3.750000E+000 2.499707E+001 1.000000E+000
3.750000E+000 2.630371E+001 1.000000E+000
3.750000E+000 2.761035E+001 1.000000E+000
3.750000E+000 2.891699E+001 1.000000E+000
3.750000E+000 3.022363E+001 1.000000E+000
3.750000E+000 3.153027E+001 1.000000E+000
3.750000E+000 3.283691E+001 1.000000E+000
3.750000E+000 3.414355E+001 1.000000E+000
3.750000E+000 3.545020E+001 1.000000E+000
3.750000E+000 3.675684E+001 1.000000E+000
3.750000E+000 3.806348E+001 1.000000E+000
3.750000E+000 3.937012E+001 1.000000E+000
3.750000E+000 4.067676E+001 1.000000E+000
3.750000E+000 4.198340E+001 1.000000E+000
3.750000E+000 4.329004E+001 1.000000E+000
3.750000E+000 4.459668E+001 1.000000E+000
3.750000E+000 4.525000E+001 1.000000E+000
5.250000E+000 4.812500E+000 1.000000E+000
5.250000E+000 5.452148E+000 1.000000E+000
5.250000E+000 6.731445E+000 1.000000E+000
5.250000E+000 8.010742E+000 1.000000E+000
5.250000E+000 9.290039E+000 1.000000E+000
5.250000E+000 1.056934E+001 1.000000E+000
5.250000E+000 1.184863E+001 1.000000E+000
5.250000E+000 1.312793E+001 1.000000E+000
5.250000E+000 1.440723E+001 1.000000E+000
5.250000E+000 1.568652E+001 1.000000E+000
5.250000E+000 1.696582E+001 1.000000E+000
5.250000E+000 1.824512E+001 1.000000E+000
5.250000E+000 1.952441E+001 1.000000E+000
5.250000E+000 2.080371E+001 1.000000E+000
5.250000E+000 2.208301E+001 1.000000E+000
5.250000E+000 2.336230E+001 1.000000E+000
5.250000E+000 2.464160E+001 1.000000E+000
5.250000E+000 2.592090E+001 1.000000E+000
5.250000E+000 2.720020E+001 1.000000E+000
5.250000E+000 2.847949E+001 1.000000E+000
5.250000E+000 2.975879E+001 1.000000E+000
5.250000E+000 3.103809E+001 1.000000E+000
5.250000E+000 3.231738E+001 1.000000E+000
5.250000E+000 3.359668E+001 1.000000E+000
5.250000E+000 3.487598E+001 1.000000E+000
5.250000E+000 3.615527E+001 1.000000E+000
5.250000E+000 3.743457E+001 1.000000E+000
5.250000E+000 3.871387E+001 1.000000E+000
5.250000E+000 3.999316E+001 1.000000E+000
5.250000E+000 4.127246E+001 1.000000E+000
5.250000E+000 4.255176E+001 1.000000E+000
5.250000E+000 4.383105E+001 1.000000E+000
5.250000E+000 4.511035E+001 1.000000E+000
5.250000E+000 4.575000E+001 1.000000E+000
6.750000E+000 6.187500E+000 1.000000E+000
6.750000E+000 6.813477E+000 1.000000E+000
6.750000E+000 8.065430E+000 1.000000E+000
6.750000E+000 9.317383E+000 1.000000E+000
6.750000E+000 1.056934E+001 1.000000E+000
6.750000E+000 1.182129E+001 1.000000E+000
6.750000E+000 1.307324E+001 1.000000E+000
6.750000E+000 1.432520E+001 1.000000E+000
6.750000E+000 1.557715E+001 1.000000E+000
6.750000E+000 1.682910E+001 1.000000E+000
6.750000E+000 1.808105E+001 1.000000E+000
6.750000E+000 1.933301E+001 1.000000E+000
6.750000E+000 2.058496E+001 1.000000E+000
6.750000E+000 2.183691E+001 1.000000E+000
6.750000E+000 2.308887E+001 1.000000E+000
6.750000E+000 2.434082E+001 1.000000E+000
6.750000E+000 2.559277E+001 1.000000E+000
6.750000E+000 2.684473E+001 1.000000E+000
6.750000E+000 2.809668E+001 1.000000E+000
6.750000E+000 2.934863E+001 1.000000E+000
6.750000E+000 3.060059E+001 1.000000E+000
6.750000E+000 3.185254E+001 1.000000E+000
6.750000E+000 3.310449E+001 1.000000E+000
6.750000E+000 3.435645E+001 1.000000E+000
6.750000E+000 3.560840E+001 1.000000E+000
6.750000E+000 3.686035E+001 1.000000E+000
6.750000E+000 3.811230E+001 1.000000E+000
6.750000E+000 3.936426E+001 1.000000E+000
6.750000E+000 4.061621E+001 1.000000E+000
6.750000E+000 4.186816E+001 1.000000E+000
6.750000E+000 4.312012E+001 1.000000E+000
6.750000E+000 4.437207E+001 1.000000E+000
6.750000E+000 4.562402E+001 1.000000E+000
6.750000E+000 4.625000E+001 1.000000E+000
8.250000E+000 7.562500E+000 1.000000E+000
8.250000E+000 8.174805E+000 1.000000E+000
8.250000E+000 9.399414E+000 1.000000E+000
8.250000E+000 1.062402E+001 1.000000E+000
8.250000E+000 1.184863E+001 1.000000E+000
8.250000E+000 1.307324E+001 1.000000E+000
8.250000E+000 1.429785E+001 1.000000E+000
8.250000E+000 1.552246E+001 1.000000E+000
8.250000E+000 1.674707E+001 1.000000E+000
8.250000E+000 1.797168E+001 1.000000E+000
8.250000E+000 1.919629E+001 1.000000E+000
8.250000E+000 2.042090E+001 1.000000E+000
8.250000E+000 2.164551E+001 1.000000E+000
8.250000E+000 2.287012E+001 1.000000E+000
8.250000E+000 2.409473E+001 1.000000E+000
8.250000E+000 2.531934E+001 1.000000E+000
8.250000E+000 2.654395E+001 1.000000E+000
8.250000E+000 2.776855E+001 1.000000E+000
8.250000E+000 2.899316E+001 1.000000E+000
8.250000E+000 3.021777E+001 1.000000E+000
8.250000E+000 3.144238E+001 1.000000E+000
8.250000E+000 3.266699E+001 1.000000E+000
8.250000E+000 3.389160E+001 1.000000E+000
8.250000E+000 3.511621E+001 1.000000E+000
8.250000E+000 3.634082E+001 1.000000E+000
8.250000E+000 3.756543E+001 1.000000E+000
8.250000E+000 3.879004E+001 1.000000E+000
8.250000E+000 4.001465E+001 1.000000E+000
8.250000E+000 4.123926E+001 1.000000E+000
8.250000E+000 4.246387E+001 1.000000E+000
8.250000E+000 4.368848E+001 1.000000E+000
8.250000E+000 4.491309E+001 1.000000E+000
8.250000E+000 4.613770E+001 1.000000E+000
8.250000E+000 4.675000E+001 1.000000E+000
9.750000E+000 8.937500E+000 1.000000E+000
9.750000E+000 9.536133E+000 1.000000E+000
9.750000E+000 1.073340E+001 1.000000E+000
9.750000E+000 1.193066E+001 1.000000E+000
9.750000E+000 1.312793E+001 1.000000E+000
9.750000E+000 1.432520E+001 1.000000E+000
9.750000E+000 1.552246E+001 1.000000E+000
9.750000E+000 1.671973E+001 1.000000E+000
9.750000E+000 1.791699E+001 1.000000E+000
9.750000E+000 1.911426E+001 1.000000E+000
9.750000E+000 2.031152E+001 1.000000E+000
9.750000E+000 2.150879E+001 1.000000E+000
9.750000E+000 2.270605E+001 1.000000E+000
9.750000E+000 2.390332E+001 1.000000E+000
9.750000E+000 2.510059E+001 1.000000E+000
9.750000E+000 2.629785E+001 1.000000E+000
9.750000E+000 2.749512E+001 1.000000E+000
9.750000E+000 2.869238E+001 1.000000E+000
9.750000E+000 2.988965E+001 1.000000E+000
9.750000E+000 3.108691E+001 1.000000E+000
9.750000E+000 3.228418E+001 1.000000E+000
9.750000E+000 3.348145E+001 1.000000E+000
9.750000E+000 3.467871E+001 1.000000E+000
9.750000E+000 3.587598E+001 1.000000E+000
9.750000E+000 3.707324E+001 1.000000E+000
9.750000E+000 3.827051E+001 1.000000E+000
9.750000E+000 3.946777E+001 1.000000E+000
9.750000E+000 4.066504E+001 1.000000E+000
9.750000E+000 4.186230E+001 1.000000E+000
9.750000E+000 4.305957E+001 1.000000E+000
9.750000E+000 4.425684E+001 1.000000E+000
9.750000E+000 4.545410E+001 1.000000E+000
9.750000E+000 4.665137E+001 1.000000E+000
9.750000E+000 4.725000E+001 1.000000E+000
1.125000E+001 1.031250E+001 1.000000E+000
1.125000E+001 1.089746E+001 1.000000E+000
1.125000E+001 1.206738E+001 1.000000E+000
1.125000E+001 1.323730E+001 1.000000E+000
1.125000E+001 1.440723E+001 1.000000E+000
1.125000E+001 1.557715E+001 1.000000E+000
1.125000E+001 1.674707E+001 1.000000E+000
1.125000E+001 1.791699E+001 1.000000E+000
1.125000E+001 1.908691E+001 1.000000E+000
1.125000E+001 2.025684E+001 1.000000E+000
1.125000E+001 2.142676E+001 1.000000E+000
1.125000E+001 2.259668E+001 1.000000E+000
1.125000E+001 2.376660E+001 1.000000E+000
1.125000E+001 2.493652E+001 1.000000E+000
1.125000E+001 2.610645E+001 1.000000E+000
1.125000E+001 2.727637E+001 1.000000E+000
1.125000E+001 2.844629E+001 1.000000E+000
1.125000E+001 2.961621E+001 1.000000E+000
1.125000E+001 3.078613E+001 1.000000E+000
1.125000E+001 3.195605E+001 1.000000E+000
1.125000E+001 3.312598E+001 1.000000E+000
1.125000E+001 3.429590E+001 1.000000E+000
1.125000E+001 3.546582E+001 1.000000E+000
1.125000E+001 3.663574E+001 1.000000E+000
1.125000E+001 3.780566E+001 1.000000E+000
1.125000E+001 3.897559E+001 1.000000E+000
1.125000E+001 4.014551E+001 1.000000E+000
1.125000E+001 4.131543E+001 1.000000E+000
1.125000E+001 4.248535E+001 1.000000E+000
1.125000E+001 4.365527E+001 1.000000E+000
1.125000E+001 4.482520E+001 1.000000E+000
1.125000E+001 4.599512E+001 1.000000E+000
1.125000E+001 4.716504E+001 1.000000E+000
1.125000E+001 4.775000E+001 1.000000E+000
1.275000E+001 1.168750E+001 1.000000E+000
1.275000E+001 1.225879E+001 1.000000E+000
1.275000E+001 1.340137E+001 1.000000E+000
1.275000E+001 1.454395E+001 1.000000E+000
1.275000E+001 1.568652E+001 1.000000E+000
1.275000E+001 1.682910E+001 1.000000E+000
1.275000E+001 1.797168E+001 1.000000E+000
1.275000E+001 1.911426E+001 1.000000E+000
1.275000E+001 2.025684E+001 1.000000E+000
1.275000E+001 2.139941E+001 1.000000E+000
1.275000E+001 2.254199E+001 1.000000E+000
1.275000E+001 2.368457E+001 1.000000E+000
1.275000E+001 2.482715E+001 1.000000E+000
1.275000E+001 2.596973E+001 1.000000E+000
1.275000E+001 2.711230E+001 1.000000E+000
1.275000E+001 2.825488E+001 1.000000E+000
1.275000E+001 2.939746E+001 1.000000E+000
1.275000E+001 3.054004E+001 1.000000E+000
1.275000E+001 3.168262E+001 1.000000E+000
1.275000E+001 3.282520E+001 1.000000E+000
1.275000E+001 3.396777E+001 1.000000E+000
1.275000E+001 3.511035E+001 1.000000E+000
1.275000E+001 3.625293E+001 1.000000E+000
1.275000E+001 3.739551E+001 1.000000E+000
1.275000E+001 3.853809E+001 1.000000E+000
1.275000E+001 3.968066E+001 1.000000E+000
1.275000E+001 4.082324E+001 1.000000E+000
1.275000E+001 4.196582E+001 1.000000E+000
1.275000E+001 4.310840E+001 1.000000E+000
1.275000E+001 4.425098E+001 1.000000E+000
1.275000E+001 4.539355E+001 1.000000E+000
1.275000E+001 4.653613E+001 1.000000E+000
1.275000E+001 4.767871E+001 1.000000E+000
1.275000E+001 4.825000E+001 1.000000E+000
1.425000E+001 1.306250E+001 1.000000E+000
1.425000E+001 1.362012E+001 1.000000E+000
1.425000E+001 1.473535E+001 1.000000E+000
1.425000E+001 1.585059E+001 1.000000E+000
1.425000E+001 1.696582E+001 1.000000E+000
1.425000E+001 1.808105E+001 1.000000E+000
1.425000E+001 1.919629E+001 1.000000E+000
1.425000E+001 2.031152E+001 1.000000E+000
1.425000E+001 2.142676E+001 1.000000E+000
1.425000E+001 2.254199E+001 1.000000E+000
1.425000E+001 2.365723E+001 1.000000E+000
1.425000E+001 2.477246E+001 1.000000E+000
1.425000E+001 2.588770E+001 1.000000E+000
1.425000E+001 2.700293E+001 1.000000E+000
1.425000E+001 2.811816E+001 1.000000E+000
1.425000E+001 2.923340E+001 1.000000E+000
1.425000E+001 3.034863E+001 1.000000E+000
1.425000E+001 3.146387E+001 1.000000E+000
1.425000E+001 3.257910E+001 1.000000E+000
1.425000E+001 3.369434E+001 1.000000E+000
1.425000E+001 3.480957E+001 1.000000E+000
1.425000E+001 3.592480E+001 1.000000E+000
1.425000E+001 3.704004E+001 1.000000E+000
1.425000E+001 3.815527E+001 1.000000E+000
1.425000E+001 3.927051E+001 1.000000E+000
1.425000E+001 4.038574E+001 1.000000E+000
1.425000E+001 4.150098E+001 1.000000E+000
1.425000E+001 4.261621E+001 1.000000E+000
1.425000E+001 4.373145E+001 1.000000E+000
1.425000E+001 4.484668E+001 1.000000E+000
1.425000E+001 4.596191E+001 1.000000E+000
1.425000E+001 4.707715E+001 1.000000E+000
1.425000E+001 4.819238E+001 1.000000E+000
1.425000E+001 4.875000E+001 1.000000E+000
1.575000E+001 1.443750E+001 1.000000E+000
1.575000E+001 1.498145E+001 1.000000E+000
1.575000E+001 1.606934E+001 1.000000E+000
1.575000E+001 1.715723E+001 1.000000E+000
1.575000E+001 1.824512E+001 1.000000E+000
1.575000E+001 1.933301E+001 1.000000E+000
1.575000E+001 2.042090E+001 1.000000E+000
1.575000E+001 2.150879E+001 1.000000E+000
1.575000E+001 2.259668E+001 1.000000E+000
1.575000E+001 2.368457E+001 1.000000E+000
1.575000E+001 2.477246E+001 1.000000E+000
1.575000E+001 2.586035E+001 1.000000E+000
1.575000E+001 2.694824E+001 1.000000E+000
1.575000E+001 2.803613E+001 1.000000E+000
1.575000E+001 2.912402E+001 1.000000E+000
1.575000E+001 3.021191E+001 1.000000E+000
1.575000E+001 3.129980E+001 1.000000E+000
1.575000E+001 3.238770E+001 1.000000E+000
1.575000E+001 3.347559E+001 1.000000E+000
1.575000E+001 3.456348E+001 1.000000E+000
1.575000E+001 3.565137E+001 1.000000E+000
1.575000E+001 3.673926E+001 1.000000E+000
1.575000E+001 3.782715E+001 1.000000E+000
1.575000E+001 3.891504E+001 1.000000E+000
1.575000E+001 4.000293E+001 1.000000E+000
1.575000E+001 4.109082E+001 1.000000E+000
1.575000E+001 4.217871E+001 1.000000E+000
1.575000E+001 4.326660E+001 1.000000E+000
1.575000E+001 4.435449E+001 1.000000E+000
1.575000E+001 4.544238E+001 1.000000E+000
1.575000E+001 4.653027E+001 1.000000E+000
1.575000E+001 4.761816E+001 1.000000E+000
1.575000E+001 4.870605E+001 1.000000E+000
1.575000E+001 4.925000E+001 1.000000E+000
1.725000E+001 1.581250E+001 1.000000E+000
1.725000E+001 1.634277E+001 1.000000E+000
1.725000E+001 1.740332E+001 1.000000E+000
1.725000E+001 1.846387E+001 1.000000E+000
1.725000E+001 1.952441E+001 1.000000E+000
1.725000E+001 2.058496E+001 1.000000E+000
1.725000E+001 2.164551E+001 1.000000E+000
1.725000E+001 2.270605E+001 1.000000E+000
1.725000E+001 2.376660E+001 1.000000E+000
1.725000E+001 2.482715E+001 1.000000E+000
1.725000E+001 2.588770E+001 1.000000E+000
1.725000E+001 2.694824E+001 1.000000E+000
1.725000E+001 2.800879E+001 1.000000E+000
1.725000E+001 2.906934E+001 1.000000E+000
1.725000E+001 3.012988E+001 1.000000E+000
1.725000E+001 3.119043E+001 1.000000E+000
1.725000E+001 3.225098E+001 1.000000E+000
1.725000E+001 3.331152E+001 1.000000E+000
1.725000E+001 3.437207E+001 1.000000E+000
1.725000E+001 3.543262E+001 1.000000E+000
1.725000E+001 3.649316E+001 1.000000E+000
1.725000E+001 3.755371E+001 1.000000E+000
1.725000E+001 3.861426E+001 1.000000E+000
1.725000E+001 3.967480E+001 1.000000E+000
1.725000E+001 4.073535E+001 1.000000E+000
1.725000E+001 4.179590E+001 1.000000E+000
1.725000E+001 4.285645E+001 1.000000E+000
1.725000E+001 4.391699E+001 1.000000E+000
1.725000E+001 4.497754E+001 1.000000E+000
1.725000E+001 4.603809E+001 1.000000E+000
1.725000E+001 4.709863E+001 1.000000E+000
1.725000E+001 4.815918E+001 1.000000E+000
1.725000E+001 4.921973E+001 1.000000E+000
1.725000E+001 4.975000E+001 1.000000E+000
1.875000E+001 1.718750E+001 1.000000E+000
1.875000E+001 1.770410E+001 1.000000E+000
1.875000E+001 1.873730E+001 1.000000E+000
1.875000E+001 1.977051E+001 1.000000E+000
1.875000E+001 2.080371E+001 1.000000E+000
1.875000E+001 2.183691E+001 1.000000E+000
1.875000E+001 2.287012E+001 1.000000E+000
1.875000E+001 2.390332E+001 1.000000E+000
1.875000E+001 2.493652E+001 1.000000E+000
1.875000E+001 2.596973E+001 1.000000E+000
1.875000E+001 2.700293E+001 1.000000E+000
1.875000E+001 2.803613E+001 1.000000E+000
1.875000E+001 2.906934E+001 1.000000E+000
1.875000E+001 3.010254E+001 1.000000E+000
1.875000E+001 3.113574E+001 1.000000E+000
1.875000E+001 3.216895E+001 1.000000E+000
1.875000E+001 3.320215E+001 1.000000E+000
1.875000E+001 3.423535E+001 1.000000E+000
1.875000E+001 3.526855E+001 1.000000E+000
1.875000E+001 3.630176E+001 1.000000E+000
1.875000E+001 3.733496E+001 1.000000E+000
1.875000E+001 3.836816E+001 1.000000E+000
1.875000E+001 3.940137E+001 1.000000E+000
1.875000E+001 4.043457E+001 1.000000E+000
1.875000E+001 4.146777E+001 1.000000E+000
1.875000E+001 4.250098E+001 1.000000E+000
1.875000E+001 4.353418E+001 1.000000E+000
1.875000E+001 4.456738E+001 1.000000E+000
1.875000E+001 4.560059E+001 1.000000E+000
1.875000E+001 4.663379E+001 1.000000E+000
1.875000E+001 4.766699E+001 1.000000E+000
1.875000E+001 4.870020E+001 1.000000E+000
1.875000E+001 4.973340E+001 1.000000E+000
1.875000E+001 5.025000E+001 1.000000E+000
2.025000E+001 1.856250E+001 1.000000E+000
2.025000E+001 1.906543E+001 1.000000E+000
2.025000E+001 2.007129E+001 1.000000E+000
2.025000E+001 2.107715E+001 1.000000E+000
2.025000E+001 2.208301E+001 1.000000E+000
2.025000E+001 2.308887E+001 1.000000E+000
2.025000E+001 2.409473E+001 1.000000E+000
2.025000E+001 2.510059E+001 1.000000E+000
2.025000E+001 2.610645E+001 1.000000E+000
2.025000E+001 2.711230E+001 1.000000E+000
2.025000E+001 2.811816E+001 1.000000E+000
2.025000E+001 2.912402E+001 1.000000E+000
2.025000E+001 3.012988E+001 1.000000E+000
2.025000E+001 3.113574E+001 1.000000E+000
2.025000E+001 3.214160E+001 1.000000E+000
2.025000E+001 3.314746E+001 1.000000E+000
2.025000E+001 3.415332E+001 1.000000E+000
2.025000E+001 3.515918E+001 1.000000E+000
2.025000E+001 3.616504E+001 1.000000E+000
2.025000E+001 3.717090E+001 1.000000E+000
2.025000E+001 3.817676E+001 1.000000E+000
2.025000E+001 3.918262E+001 1.000000E+000
2.025000E+001 4.018848E+001 1.000000E+000
2.025000E+001 4.119434E+001 1.000000E+000
2.025000E+001 4.220020E+001 1.000000E+000
2.025000E+001 4.320605E+001 1.000000E+000
2.025000E+001 4.421191E+001 1.000000E+000
2.025000E+001 4.521777E+001 1.000000E+000
2.025000E+001 4.622363E+001 1.000000E+000
2.025000E+001 4.722949E+001 1.000000E+000
2.025000E+001 4.823535E+001 1.000000E+000
2.025000E+001 4.924121E+001 1.000000E+000
2.025000E+001 5.024707E+001 1.000000E+000
2.025000E+001 5.075000E+001 1.000000E+000
2.175000E+001 1.993750E+001 1.000000E+000
2.175000E+001 2.042676E+001 1.000000E+000
2.175000E+001 2.140527E+001 1.000000E+000
2.175000E+001 2.238379E+001 1.000000E+000
2.175000E+001 2.336230E+001 1.000000E+000
2.175000E+001 2.434082E+001 1.000000E+000
2.175000E+001 2.531934E+001 1.000000E+000
2.175000E+001 2.629785E+001 1.000000E+000
2.175000E+001 2.727637E+001 1.000000E+000
2.175000E+001 2.825488E+001 1.000000E+000
2.175000E+001 2.923340E+001 1.000000E+000
2.175000E+001 3.021191E+001 1.000000E+000
2.175000E+001 3.119043E+001 1.000000E+000
2.175000E+001 3.216895E+001 1.000000E+000
2.175000E+001 3.314746E+001 1.000000E+000
2.175000E+001 3.412598E+001 1.000000E+000
2.175000E+001 3.510449E+001 1.000000E+000
2.175000E+001 3.608301E+001 1.000000E+000
2.175000E+001 3.706152E+001 1.000000E+000
2.175000E+001 3.804004E+001 1.000000E+000
2.175000E+001 3.901855E+001 1.000000E+000
2.175000E+001 3.999707E+001 1.000000E+000
2.175000E+001 4.097559E+001 1.000000E+000
2.175000E+001 4.195410E+001 1.000000E+000
2.175000E+001 4.293262E+001 1.000000E+000
2.175000E+001 4.391113E+001 1.000000E+000
2.175000E+001 4.488965E+001 1.000000E+000
2.175000E+001 4.586816E+001 1.000000E+000
2.175000E+001 4.684668E+001 1.000000E+000
2.175000E+001 4.782520E+001 1.000000E+000
2.175000E+001 4.880371E+001 1.000000E+000
2.175000E+001 4.978223E+001 1.000000E+000
2.175000E+001 5.076074E+001 1.000000E+000
2.175000E+001 5.125000E+001 1.000000E+000
2.325000E+001 2.131250E+001 1.000000E+000
2.325000E+001 2.178809E+001 1.000000E+000
2.325000E+001 2.273926E+001 1.000000E+000
2.325000E+001 2.369043E+001 1.000000E+000
2.325000E+001 2.464160E+001 1.000000E+000
2.325000E+001 2.559277E+001 1.000000E+000
2.325000E+001 2.654395E+001 1.000000E+000
2.325000E+001 2.749512E+001 1.000000E+000
2.325000E+001 2.844629E+001 1.000000E+000
2.325000E+001 2.939746E+001 1.000000E+000
2.325000E+001 3.034863E+001 1.000000E+000
2.325000E+001 3.129980E+001 1.000000E+000
2.325000E+001 3.225098E+001 1.000000E+000
2.325000E+001 3.320215E+001 1.000000E+000
2.325000E+001 3.415332E+001 1.000000E+000
2.325000E+001 3.510449E+001 1.000000E+000
2.325000E+001 3.605566E+001 1.000000E+000
2.325000E+001 3.700684E+001 1.000000E+000
2.325000E+001 3.795801E+001 1.000000E+000
2.325000E+001 3.890918E+001 1.000000E+000
2.325000E+001 3.986035E+001 1.000000E+000
2.325000E+001 4.081152E+001 1.000000E+000
2.325000E+001 4.176270E+001 1.000000E+000
2.325000E+001 4.271387E+001 1.000000E+000
2.325000E+001 4.366504E+001 1.000000E+000
2.325000E+001 4.461621E+001 1.000000E+000
2.325000E+001 4.556738E+001 1.000000E+000
2.325000E+001 4.651855E+001 1.000000E+000
2.325000E+001 4.746973E+001 1.000000E+000
2.325000E+001 4.842090E+001 1.000000E+000
2.325000E+001 4.937207E+001 1.000000E+000
2.325000E+001 5.032324E+001 1.000000E+000
2.325000E+001 5.127441E+001 1.000000E+000
2.325000E+001 5.175000E+001 1.000000E+000
2.475000E+001 2.268750E+001 1.000000E+000
2.475000E+001 2.314941E+001 1.000000E+000
2.475000E+001 2.407324E+001 1.000000E+000
2.475000E+001 2.499707E+001 1.000000E+000
2.475000E+001 2.592090E+001 1.000000E+000
2.475000E+001 2.684473E+001 1.000000E+000
2.475000E+001 2.776855E+001 1.000000E+000
2.475000E+001 2.869238E+001 1.000000E+000
2.475000E+001 2.961621E+001 1.000000E+000
2.475000E+001 3.054004E+001 1.000000E+000
2.475000E+001 3.146387E+001 1.000000E+000
2.475000E+001 3.238770E+001 1.000000E+000
2.475000E+001 3.331152E+001 1.000000E+000
2.475000E+001 3.423535E+001 1.000000E+000
2.475000E+001 3.515918E+001 1.000000E+000
2.475000E+001 3.608301E+001 1.000000E+000
2.475000E+001 3.700684E+001 1.000000E+000
2.475000E+001 3.793066E+001 1.000000E+000
2.475000E+001 3.885449E+001 1.000000E+000
2.475000E+001 3.977832E+001 1.000000E+000
2.475000E+001 4.070215E+001 1.000000E+000
2.475000E+001 4.162598E+001 1.000000E+000
2.475000E+001 4.254980E+001 1.000000E+000
2.475000E+001 4.347363E+001 1.000000E+000
2.475000E+001 4.439746E+001 1.000000E+000
2.475000E+001 4.532129E+001 1.000000E+000
2.475000E+001 4.624512E+001 1.000000E+000
2.475000E+001 4.716895E+001 1.000000E+000
2.475000E+001 4.809277E+001 1.000000E+000
2.475000E+001 4.901660E+001 1.000000E+000
2.475000E+001 4.994043E+001 1.000000E+000
2.475000E+001 5.086426E+001 1.000000E+000
2.475000E+001 5.178809E+001 1.000000E+000
2.475000E+001 5.225000E+001 1.000000E+000
2.625000E+001 2.406250E+001 1.000000E+000
2.625000E+001 2.451074E+001 1.000000E+000
2.625000E+001 2.540723E+001 1.000000E+000
2.625000E+001 2.630371E+001 1.000000E+000
2.625000E+001 2.720020E+001 1.000000E+000
2.625000E+001 2.809668E+001 1.000000E+000
2.625000E+001 2.899316E+001 1.000000E+000
2.625000E+001 2.988965E+001 1.000000E+000
2.625000E+001 3.078613E+001 1.000000E+000
2.625000E+001 3.168262E+001 1.000000E+000
2.625000E+001 3.257910E+001 1.000000E+000
2.625000E+001 3.347559E+001 1.000000E+000
2.625000E+001 3.437207E+001 1.000000E+000
2.625000E+001 3.526855E+001 1.000000E+000
2.625000E+001 3.616504E+001 1.000000E+000
2.625000E+001 3.706152E+001 1.000000E+000
2.625000E+001 3.795801E+001 1.000000E+000
2.625000E+001 3.885449E+001 1.000000E+000
2.625000E+001 3.975098E+001 1.000000E+000
2.625000E+001 4.064746E+001 1.000000E+000
2.625000E+001 4.154395E+001 1.000000E+000
2.625000E+001 4.244043E+001 1.000000E+000
2.625000E+001 4.333691E+001 1.000000E+000
2.625000E+001 4.423340E+001 1.000000E+000
2.625000E+001 4.512988E+001 1.000000E+000
2.625000E+001 4.602637E+001 1.000000E+000
2.625000E+001 4.692285E+001 1.000000E+000
2.625000E+001 4.781934E+001 1.000000E+000
2.625000E+001 4.871582E+001 1.000000E+000
2.625000E+001 4.961230E+001 1.000000E+000
2.625000E+001 5.050879E+001 1.000000E+000
2.625000E+001 5.140527E+001 1.000000E+000
2.625000E+001 5.230176E+001 1.000000E+000
2.625000E+001 5.275000E+001 1.000000E+000
2.775000E+001 2.543750E+001 1.000000E+000
2.775000E+001 2.587207E+001 1.000000E+000
2.775000E+001 2.674121E+001 1.000000E+000
2.775000E+001 2.761035E+001 1.000000E+000
2.775000E+001 2.847949E+001 1.000000E+000
2.775000E+001 2.934863E+001 1.000000E+000
2.775000E+001 3.021777E+001 1.000000E+000
2.775000E+001 3.108691E+001 1.000000E+000
2.775000E+001 3.195605E+001 1.000000E+000
2.775000E+001 3.282520E+001 1.000000E+000
2.775000E+001 3.369434E+001 1.000000E+000
2.775000E+001 3.456348E+001 1.000000E+000
2.775000E+001 3.543262E+001 1.000000E+000
2.775000E+001 3.630176E+001 1.000000E+000
2.775000E+001 3.717090E+001 1.000000E+000
2.775000E+001 3.804004E+001 1.000000E+000
2.775000E+001 3.890918E+001 1.000000E+000
2.775000E+001 3.977832E+001 1.000000E+000
2.775000E+001 4.064746E+001 1.000000E+000
2.775000E+001 4.151660E+001 1.000000E+000
2.775000E+001 4.238574E+001 1.000000E+000
2.775000E+001 4.325488E+001 1.000000E+000
2.775000E+001 4.412402E+001 1.000000E+000
2.775000E+001 4.499316E+001 1.000000E+000
2.775000E+001 4.586230E+001 1.000000E+000
2.775000E+001 4.673145E+001 1.000000E+000
2.775000E+001 4.760059E+001 1.000000E+000
2.775000E+001 4.846973E+001 1.000000E+000
2.775000E+001 4.933887E+001 1.000000E+000
2.775000E+001 5.020801E+001 1.000000E+000
2.775000E+001 5.107715E+001 1.000000E+000
2.775000E+001 5.194629E+001 1.000000E+000
2.775000E+001 5.281543E+001 1.000000E+000
2.775000E+001 5.325000E+001 1.000000E+000
2.925000E+001 2.681250E+001 1.000000E+000
2.925000E+001 2.723340E+001 1.000000E+000
2.925000E+001 2.807520E+001 1.000000E+000
2.925000E+001 2.891699E+001 1.000000E+000
2.925000E+001 2.975879E+001 1.000000E+000
2.925000E+001 3.060059E+001 1.000000E+000
2.925000E+001 3.144238E+001 1.000000E+000
2.925000E+001 3.228418E+001 1.000000E+000
2.925000E+001 3.312598E+001 1.000000E+000
2.925000E+001 3.396777E+001 1.000000E+000
2.925000E+001 3.480957E+001 1.000000E+000
2.925000E+001 3.565137E+001 1.000000E+000
2.925000E+001 3.649316E+001 1.000000E+000
2.925000E+001 3.733496E+001 1.000000E+000
2.925000E+001 3.817676E+001 1.000000E+000
2.925000E+001 3.901855E+001 1.000000E+000
2.925000E+001 3.986035E+001 1.000000E+000
2.925000E+001 4.070215E+001 1.000000E+000
2.925000E+001 4.154395E+001 1.000000E+000
2.925000E+001 4.238574E+001 1.000000E+000
2.925000E+001 4.322754E+001 1.000000E+000
2.925000E+001 4.406934E+001 1.000000E+000
2.925000E+001 4.491113E+001 1.000000E+000
2.925000E+001 4.575293E+001 1.000000E+000
2.925000E+001 4.659473E+001 1.000000E+000
2.925000E+001 4.743652E+001 1.000000E+000
2.925000E+001 4.827832E+001 1.000000E+000
2.925000E+001 4.912012E+001 1.000000E+000
2.925000E+001 4.996191E+001 1.000000E+000
2.925000E+001 5.080371E+001 1.000000E+000
2.925000E+001 5.164551E+001 1.000000E+000
2.925000E+001 5.248730E+001 1.000000E+000
2.925000E+001 5.332910E+001 1.000000E+000
2.925000E+001 5.375000E+001 1.000000E+000
3.075000E+001 2.818750E+001 1.000000E+000
3.075000E+001 2.859473E+001 1.000000E+000
3.075000E+001 2.940918E+001 1.000000E+000
3.075000E+001 3.022363E+001 1.000000E+000
3.075000E+001 3.103809E+001 1.000000E+000
3.075000E+001 3.185254E+001 1.000000E+000
3.075000E+001 3.266699E+001 1.000000E+000
3.075000E+001 3.348145E+001 1.000000E+000
3.075000E+001 3.429590E+001 1.000000E+000
3.075000E+001 3.511035E+001 1.000000E+000
3.075000E+001 3.592480E+001 1.000000E+000
3.075000E+001 3.673926E+001 1.000000E+000
3.075000E+001 3.755371E+001 1.000000E+000
3.075000E+001 3.836816E+001 1.000000E+000
3.075000E+001 3.918262E+001 1.000000E+000
3.075000E+001 3.999707E+001 1.000000E+000
3.075000E+001 4.081152E+001 1.000000E+000
3.075000E+001 4.162598E+001 1.000000E+000
3.075000E+001 4.244043E+001 1.000000E+000
3.075000E+001 4.325488E+001 1.000000E+000
3.075000E+001 4.406934E+001 1.000000E+000
3.075000E+001 4.488379E+001 1.000000E+000
3.075000E+001 4.569824E+001 1.000000E+000
3.075000E+001 4.651270E+001 1.000000E+000
3.075000E+001 4.732715E+001 1.000000E+000
3.075000E+001 4.814160E+001 1.000000E+000
3.075000E+001 4.895605E+001 1.000000E+000
3.075000E+001 4.977051E+001 1.000000E+000
3.075000E+001 5.058496E+001 1.000000E+000
3.075000E+001 5.139941E+001 1.000000E+000
3.075000E+001 5.221387E+001 1.000000E+000
3.075000E+001 5.302832E+001 1.000000E+000
3.075000E+001 5.384277E+001 1.000000E+000
3.075000E+001 5.425000E+001 1.000000E+000
3.225000E+001 2.956250E+001 1.000000E+000
3.225000E+001 2.995605E+001 1.000000E+000
3.225000E+001 3.074316E+001 1.000000E+000
3.225000E+001 3.153027E+001 1.000000E+000
3.225000E+001 3.231738E+001 1.000000E+000
3.225000E+001 3.310449E+001 1.000000E+000
3.225000E+001 3.389160E+001 1.000000E+000
3.225000E+001 3.467871E+001 1.000000E+000
3.225000E+001 3.546582E+001 1.000000E+000
3.225000E+001 3.625293E+001 1.000000E+000
3.225000E+001 3.704004E+001 1.000000E+000
3.225000E+001 3.782715E+001 1.000000E+000
3.225000E+001 3.861426E+001 1.000000E+000
3.225000E+001 3.940137E+001 1.000000E+000
3.225000E+001 4.018848E+001 1.000000E+000
3.225000E+001 4.097559E+001 1.000000E+000
3.225000E+001 4.176270E+001 1.000000E+000
3.225000E+001 4.254980E+001 1.000000E+000
3.225000E+001 4.333691E+001 1.000000E+000
3.225000E+001 4.412402E+001 1.000000E+000
3.225000E+001 4.491113E+001 1.000000E+000
3.225000E+001 4.569824E+001 1.000000E+000
3.225000E+001 4.648535E+001 1.000000E+000
3.225000E+001 4.727246E+001 1.000000E+000
3.225000E+001 4.805957E+001 1.000000E+000
3.225000E+001 4.884668E+001 1.000000E+000
3.225000E+001 4.963379E+001 1.000000E+000
3.225000E+001 5.042090E+001 1.000000E+000
3.225000E+001 5.120801E+001 1.000000E+000
3.225000E+001 5.199512E+001 1.000000E+000
3.225000E+001 5.278223E+001 1.000000E+000
3.225000E+001 5.356934E+001 1.000000E+000
3.225000E+001 5.435645E+001 1.000000E+000
3.225000E+001 5.475000E+001 1.000000E+000
3.375000E+001 3.093750E+001 1.000000E+000
3.375000E+001 3.131738E+001 1.000000E+000
3.375000E+001 3.207715E+001 1.000000E+000
3.375000E+001 3.283691E+001 1.000000E+000
3.375000E+001 3.359668E+001 1.000000E+000
3.375000E+001 3.435645E+001 1.000000E+000
3.375000E+001 3.511621E+001 1.000000E+000
3.375000E+001 3.587598E+001 1.000000E+000
3.375000E+001 3.663574E+001 1.000000E+000
3.375000E+001 3.739551E+001 1.000000E+000
3.375000E+001 3.815527E+001 1.000000E+000
3.375000E+001 3.891504E+001 1.000000E+000
3.375000E+001 3.967480E+001 1.000000E+000
3.375000E+001 4.043457E+001 1.000000E+000
3.375000E+001 4.119434E+001 1.000000E+000
3.375000E+001 4.195410E+001 1.000000E+000
3.375000E+001 4.271387E+001 1.000000E+000
3.375000E+001 4.347363E+001 1.000000E+000
3.375000E+001 4.423340E+001 1.000000E+000
3.375000E+001 4.499316E+001 1.000000E+000
3.375000E+001 4.575293E+001 1.000000E+000
3.375000E+001 4.651270E+001 1.000000E+000
3.375000E+001 4.727246E+001 1.000000E+000
3.375000E+001 4.803223E+001 1.000000E+000
3.375000E+001 4.879199E+001 1.000000E+000
3.375000E+001 4.955176E+001 1.000000E+000
3.375000E+001 5.031152E+001 1.000000E+000
3.375000E+001 5.107129E+001 1.000000E+000
3.375000E+001 5.183105E+001 1.000000E+000
3.375000E+001 5.259082E+001 1.000000E+000
3.375000E+001 5.335059E+001 1.000000E+000
3.375000E+001 5.411035E+001 1.000000E+000
3.375000E+001 5.487012E+001 1.000000E+000
3.375000E+001 5.525000E+001 1.000000E+000
3.525000E+001 3.231250E+001 1.000000E+000
3.525000E+001 3.267871E+001 1.000000E+000
3.525000E+001 3.341113E+001 1.000000E+000
3.525000E+001 3.414355E+001 1.000000E+000
3.525000E+001 3.487598E+001 1.000000E+000
3.525000E+001 3.560840E+001 1.000000E+000
3.525000E+001 3.634082E+001 1.000000E+000
3.525000E+001 3.707324E+001 1.000000E+000
3.525000E+001 3.780566E+001 1.000000E+000
3.525000E+001 3.853809E+001 1.000000E+000
3.525000E+001 3.927051E+001 1.000000E+000
3.525000E+001 4.000293E+001 1.000000E+000
3.525000E+001 4.073535E+001 1.000000E+000
3.525000E+001 4.146777E+001 1.000000E+000
3.525000E+001 4.220020E+001 1.000000E+000
3.525000E+001 4.293262E+001 1.000000E+000
3.525000E+001 4.366504E+001 1.000000E+000
3.525000E+001 4.439746E+001 1.000000E+000
3.525000E+001 4.512988E+001 1.000000E+000
3.525000E+001 4.586230E+001 1.000000E+000
3.525000E+001 4.659473E+001 1.000000E+000
3.525000E+001 4.732715E+001 1.000000E+000
3.525000E+001 4.805957E+001 1.000000E+000
3.525000E+001 4.879199E+001 1.000000E+000
3.525000E+001 4.952441E+001 1.000000E+000
3.525000E+001 5.025684E+001 1.000000E+000
3.525000E+001 5.098926E+001 1.000000E+000
3.525000E+001 5.172168E+001 1.000000E+000
3.525000E+001 5.245410E+001 1.000000E+000
3.525000E+001 5.318652E+001 1.000000E+000
3.525000E+001 5.391895E+001 1.000000E+000
3.525000E+001 5.465137E+001 1.000000E+000
3.525000E+001 5.538379E+001 1.000000E+000
3.525000E+001 5.575000E+001 1.000000E+000
3.675000E+001 3.368750E+001 1.000000E+000
3.675000E+001 3.404004E+001 1.000000E+000
3.675000E+001 3.474512E+001 1.000000E+000
3.675000E+001 3.545020E+001 1.000000E+000
3.675000E+001 3.615527E+001 1.000000E+000
3.675000E+001 3.686035E+001 1.000000E+000
3.675000E+001 3.756543E+001 1.000000E+000
3.675000E+001 3.827051E+001 1.000000E+000
3.675000E+001 3.897559E+001 1.000000E+000
3.675000E+001 3.968066E+001 1.000000E+000
3.675000E+001 4.038574E+001 1.000000E+000
3.675000E+001 4.109082E+001 1.000000E+000
3.675000E+001 4.179590E+001 1.000000E+000
3.675000E+001 4.250098E+001 1.000000E+000
3.675000E+001 4.320605E+001 1.000000E+000
3.675000E+001 4.391113E+001 1.000000E+000
3.675000E+001 4.461621E+001 1.000000E+000
3.675000E+001 4.532129E+001 1.000000E+000
3.675000E+001 4.602637E+001 1.000000E+000
3.675000E+001 4.673145E+001 1.000000E+000
3.675000E+001 4.743652E+001 1.000000E+000
3.675000E+001 4.814160E+001 1.000000E+000
3.675000E+001 4.884668E+001 1.000000E+000
3.675000E+001 4.955176E+001 1.000000E+000
3.675000E+001 5.025684E+001 1.000000E+000
3.675000E+001 5.096191E+001 1.000000E+000
3.675000E+001 5.166699E+001 1.000000E+000
3.675000E+001 5.237207E+001 1.000000E+000
3.675000E+001 5.307715E+001 1.000000E+000
3.675000E+001 5.378223E+001 1.000000E+000
3.675000E+001 5.448730E+001 1.000000E+000
3.675000E+001 5.519238E+001 1.000000E+000
3.675000E+001 5.589746E+001 1.000000E+000
3.675000E+001 5.625000E+001 1.000000E+000
3.825000E+001 3.506250E+001 1.000000E+000
3.825000E+001 3.540137E+001 1.000000E+000
3.825000E+001 3.607910E+001 1.000000E+000
3.825000E+001 3.675684E+001 1.000000E+000
3.825000E+001 3.743457E+001 1.000000E+000
3.825000E+001 3.811230E+001 1.000000E+000
3.825000E+001 3.879004E+001 1.000000E+000
3.825000E+001 3.946777E+001 1.000000E+000
3.825000E+001 4.014551E+001 1.000000E+000
3.825000E+001 4.082324E+001 1.000000E+000
3.825000E+001 4.150098E+001 1.000000E+000
3.825000E+001 4.217871E+001 1.000000E+000
3.825000E+001 4.285645E+001 1.000000E+000
3.825000E+001 4.353418E+001 1.000000E+000
3.825000E+001 4.421191E+001 1.000000E+000
3.825000E+001 4.488965E+001 1.000000E+000
3.825000E+001 4.556738E+001 1.000000E+000
3.825000E+001 4.624512E+001 1.000000E+000
3.825000E+001 4.692285E+001 1.000000E+000
3.825000E+001 4.760059E+001 1.000000E+000
3.825000E+001 4.827832E+001 1.000000E+000
3.825000E+001 4.895605E+001 1.000000E+000
3.825000E+001 4.963379E+001 1.000000E+000
3.825000E+001 5.031152E+001 1.000000E+000
3.825000E+001 5.098926E+001 1.000000E+000
3.825000E+001 5.166699E+001 1.000000E+000
3.825000E+001 5.234473E+001 1.000000E+000
3.825000E+001 5.302246E+001 1.000000E+000
3.825000E+001 5.370020E+001 1.000000E+000
3.825000E+001 5.437793E+001 1.000000E+000
3.825000E+001 5.505566E+001 1.000000E+000
3.825000E+001 5.573340E+001 1.000000E+000
3.825000E+001 5.641113E+001 1.000000E+000
3.825000E+001 5.675000E+001 1.000000E+000
3.975000E+001 3.643750E+001 1.000000E+000
3.975000E+001 3.676270E+001 1.000000E+000
3.975000E+001 3.741309E+001 1.000000E+000
3.975000E+001 3.806348E+001 1.000000E+000
3.975000E+001 3.871387E+001 1.000000E+000
3.975000E+001 3.936426E+001 1.000000E+000
3.975000E+001 4.001465E+001 1.000000E+000
3.975000E+001 4.066504E+001 1.000000E+000
3.975000E+001 4.131543E+001 1.000000E+000
3.975000E+001 4.196582E+001 1.000000E+000
3.975000E+001 4.261621E+001 1.000000E+000
3.975000E+001 4.326660E+001 1.000000E+000
3.975000E+001 4.391699E+001 1.000000E+000
3.975000E+001 4.456738E+001 1.000000E+000
3.975000E+001 4.521777E+001 1.000000E+000
3.975000E+001 4.586816E+001 1.000000E+000
3.975000E+001 4.651855E+001 1.000000E+000
3.975000E+001 4.716895E+001 1.000000E+000
3.975000E+001 4.781934E+001 1.000000E+000
3.975000E+001 4.846973E+001 1.000000E+000
3.975000E+001 4.912012E+001 1.000000E+000
3.975000E+001 4.977051E+001 1.000000E+000
3.975000E+001 5.042090E+001 1.000000E+000
3.975000E+001 5.107129E+001 1.000000E+000
3.975000E+001 5.172168E+001 1.000000E+000
3.975000E+001 5.237207E+001 1.000000E+000
3.975000E+001 5.302246E+001 1.000000E+000
3.975000E+001 5.367285E+001 1.000000E+000
3.975000E+001 5.432324E+001 1.000000E+000
3.975000E+001 5.497363E+001 1.000000E+000
3.975000E+001 5.562402E+001 1.000000E+000
3.975000E+001 5.627441E+001 1.000000E+000
3.975000E+001 5.692480E+001 1.000000E+000
3.975000E+001 5.725000E+001 1.000000E+000
4.125000E+001 3.781250E+001 1.000000E+000
4.125000E+001 3.812402E+001 1.000000E+000
4.125000E+001 3.874707E+001 1.000000E+000
4.125000E+001 3.937012E+001 1.000000E+000
4.125000E+001 3.999316E+001 1.000000E+000
4.125000E+001 4.061621E+001 1.000000E+000
4.125000E+001 4.123926E+001 1.000000E+000
4.125000E+001 4.186230E+001 1.000000E+000
4.125000E+001 4.248535E+001 1.000000E+000
4.125000E+001 4.310840E+001 1.000000E+000
4.125000E+001 4.373145E+001 1.000000E+000
4.125000E+001 4.435449E+001 1.000000E+000
4.125000E+001 4.497754E+001 1.000000E+000
4.125000E+001 4.560059E+001 1.000000E+000
4.125000E+001 4.622363E+001 1.000000E+000
4.125000E+001 4.684668E+001 1.000000E+000
4.125000E+001 4.746973E+001 1.000000E+000
4.125000E+001 4.809277E+001 1.000000E+000
4.125000E+001 4.871582E+001 1.000000E+000
4.125000E+001 4.933887E+001 1.000000E+000
4.125000E+001 4.996191E+001 1.000000E+000
4.125000E+001 5.058496E+001 1.000000E+000
4.125000E+001 5.120801E+001 1.000000E+000
4.125000E+001 5.183105E+001 1.000000E+000
4.125000E+001 5.245410E+001 1.000000E+000
4.125000E+001 5.307715E+001 1.000000E+000
4.125000E+001 5.370020E+001 1.000000E+000
4.125000E+001 5.432324E+001 1.000000E+000
4.125000E+001 5.494629E+001 1.000000E+000
4.125000E+001 5.556934E+001 1.000000E+000
4.125000E+001 5.619238E+001 1.000000E+000
4.125000E+001 5.681543E+001 1.000000E+000
4.125000E+001 5.743848E+001 1.000000E+000
4.125000E+001 5.775000E+001 1.000000E+000
4.275000E+001 3.918750E+001 1.000000E+000
4.275000E+001 3.948535E+001 1.000000E+000
4.275000E+001 4.008105E+001 1.000000E+000
4.275000E+001 4.067676E+001 1.000000E+000
4.275000E+001 4.127246E+001 1.000000E+000
4.275000E+001 4.186816E+001 1.000000E+000
4.275000E+001 4.246387E+001 1.000000E+000
4.275000E+001 4.305957E+001 1.000000E+000
4.275000E+001 4.365527E+001 1.000000E+000
4.275000E+001 4.425098E+001 1.000000E+000
4.275000E+001 4.484668E+001 1.000000E+000
4.275000E+001 4.544238E+001 1.000000E+000
4.275000E+001 4.603809E+001 1.000000E+000
4.275000E+001 4.663379E+001 1.000000E+000
4.275000E+001 4.722949E+001 1.000000E+000
4.275000E+001 4.782520E+001 1.000000E+000
4.275000E+001 4.842090E+001 1.000000E+000
4.275000E+001 4.901660E+001 1.000000E+000
4.275000E+001 4.961230E+001 1.000000E+000
4.275000E+001 5.020801E+001 1.000000E+000
4.275000E+001 5.080371E+001 1.000000E+000
4.275000E+001 5.139941E+001 1.000000E+000
4.275000E+001 5.199512E+001 1.000000E+000
4.275000E+001 5.259082E+001 1.000000E+000
4.275000E+001 5.318652E+001 1.000000E+000
4.275000E+001 5.378223E+001 1.000000E+000
4.275000E+001 5.437793E+001 1.000000E+000
4.275000E+001 5.497363E+001 1.000000E+000
4.275000E+001 5.556934E+001 1.000000E+000
4.275000E+001 5.616504E+001 1.000000E+000
4.275000E+001 5.676074E+001 1.000000E+000
4.275000E+001 5.735645E+001 1.000000E+000
4.275000E+001 5.795215E+001 1.000000E+000
4.275000E+001 5.825000E+001 1.000000E+000
4.425000E+001 4.056250E+001 1.000000E+000
4.425000E+001 4.084668E+001 1.000000E+000
4.425000E+001 4.141504E+001 1.000000E+000
4.425000E+001 4.198340E+001 1.000000E+000
4.425000E+001 4.255176E+001 1.000000E+000
4.425000E+001 4.312012E+001 1.000000E+000
4.425000E+001 4.368848E+001 1.000000E+000
4.425000E+001 4.425684E+001 1.000000E+000
4.425000E+001 4.482520E+001 1.000000E+000
4.425000E+001 4.539355E+001 1.000000E+000
4.425000E+001 4.596191E+001 1.000000E+000
4.425000E+001 4.653027E+001 1.000000E+000
4.425000E+001 4.709863E+001 1.000000E+000
4.425000E+001 4.766699E+001 1.000000E+000
4.425000E+001 4.823535E+001 1.000000E+000
4.425000E+001 4.880371E+001 1.000000E+000
4.425000E+001 4.937207E+001 1.000000E+000
4.425000E+001 4.994043E+001 1.000000E+000
4.425000E+001 5.050879E+001 1.000000E+000
4.425000E+001 5.107715E+001 1.000000E+000
4.425000E+001 5.164551E+001 1.000000E+000
4.425000E+001 5.221387E+001 1.000000E+000
4.425000E+001 5.278223E+001 1.000000E+000
4.425000E+001 5.335059E+001 1.000000E+000
4.425000E+001 5.391895E+001 1.000000E+000
4.425000E+001 5.448730E+001 1.000000E+000
4.425000E+001 5.505566E+001 1.000000E+000
4.425000E+001 5.562402E+001 1.000000E+000
4.425000E+001 5.619238E+001 1.000000E+000
4.425000E+001 5.676074E+001 1.000000E+000
4.425000E+001 5.732910E+001 1.000000E+000
4.425000E+001 5.789746E+001 1.000000E+000
4.425000E+001 5.846582E+001 1.000000E+000
4.425000E+001 5.875000E+001 1.000000E+000
4.575000E+001 4.193750E+001 1.000000E+000
4.575000E+001 4.220801E+001 1.000000E+000
4.575000E+001 4.274902E+001 1.000000E+000
4.575000E+001 4.329004E+001 1.000000E+000
4.575000E+001 4.383105E+001 1.000000E+000
4.575000E+001 4.437207E+001 1.000000E+000
4.575000E+001 4.491309E+001 1.000000E+000
4.575000E+001 4.545410E+001 1.000000E+000
4.575000E+001 4.599512E+001 1.000000E+000
4.575000E+001 4.653613E+001 1.000000E+000
4.575000E+001 4.707715E+001 1.000000E+000
4.575000E+001 4.761816E+001 1.000000E+000
4.575000E+001 4.815918E+001 1.000000E+000
4.575000E+001 4.870020E+001 1.000000E+000
4.575000E+001 4.924121E+001 1.000000E+000
4.575000E+001 4.978223E+001 1.000000E+000
4.575000E+001 5.032324E+001 1.000000E+000
4.575000E+001 5.086426E+001 1.000000E+000
4.575000E+001 5.140527E+001 1.000000E+000
4.575000E+001 5.194629E+001 1.000000E+000
4.575000E+001 5.248730E+001 1.000000E+000
4.575000E+001 5.302832E+001 1.000000E+000
4.575000E+001 5.356934E+001 1.000000E+000
4.575000E+001 5.411035E+001 1.000000E+000
4.575000E+001 5.465137E+001 1.000000E+000
4.575000E+001 5.519238E+001 1.000000E+000
4.575000E+001 5.573340E+001 1.000000E+000
4.575000E+001 5.627441E+001 1.000000E+000
4.575000E+001 5.681543E+001 1.000000E+000
4.575000E+001 5.735645E+001 1.000000E+000
4.575000E+001 5.789746E+001 1.000000E+000
4.575000E+001 5.843848E+001 1.000000E+000
4.575000E+001 5.897949E+001 1.000000E+000
4.575000E+001 5.925000E+001 1.000000E+000
4.725000E+001 4.331250E+001 1.000000E+000
4.725000E+001 4.356934E+001 1.000000E+000
4.725000E+001 4.408301E+001 1.000000E+000
4.725000E+001 4.459668E+001 1.000000E+000
4.725000E+001 4.511035E+001 1.000000E+000
4.725000E+001 4.562402E+001 1.000000E+000
4.725000E+001 4.613770E+001 1.000000E+000
4.725000E+001 4.665137E+001 1.000000E+000
4.725000E+001 4.716504E+001 1.000000E+000
4.725000E+001 4.767871E+001 1.000000E+000
4.725000E+001 4.819238E+001 1.000000E+000
4.725000E+001 4.870605E+001 1.000000E+000
4.725000E+001 4.921973E+001 1.000000E+000
4.725000E+001 4.973340E+001 1.000000E+000
4.725000E+001 5.024707E+001 1.000000E+000
4.725000E+001 5.076074E+001 1.000000E+000
4.725000E+001 5.127441E+001 1.000000E+000
4.725000E+001 5.178809E+001 1.000000E+000
4.725000E+001 5.230176E+001 1.000000E+000
4.725000E+001 5.281543E+001 1.000000E+000
4.725000E+001 5.332910E+001 1.000000E+000
4.725000E+001 5.384277E+001 1.000000E+000
4.725000E+001 5.435645E+001 1.000000E+000
4.725000E+001 5.487012E+001 1.000000E+000
4.725000E+001 5.538379E+001 1.000000E+000
4.725000E+001 5.589746E+001 1.000000E+000
4.725000E+001 5.641113E+001 1.000000E+000
4.725000E+001 5.692480E+001 1.000000E+000
4.725000E+001 5.743848E+001 1.000000E+000
4.725000E+001 5.795215E+001 1.000000E+000
4.725000E+001 5.846582E+001 1.000000E+000
4.725000E+001 5.897949E+001 1.000000E+000
4.725000E+001 5.949316E+001 1.000000E+000
4.725000E+001 5.975000E+001 1.000000E+000
4.800000E+001 4.400000E+001 1.000000E+000
4.800000E+001 4.425000E+001 1.000000E+000
4.800000E+001 4.475000E+001 1.000000E+000
4.800000E+001 4.525000E+001 1.000000E+000
4.800000E+001 4.575000E+001 1.000000E+000
4.800000E+001 4.625000E+001 1.000000E+000
4.800000E+001 4.675000E+001 1.000000E+000
4.800000E+001 4.725000E+001 1.000000E+000
4.800000E+001 4.775000E+001 1.000000E+000
4.800000E+001 4.825000E+001 1.000000E+000
4.800000E+001 4.875000E+001 1.000000E+000
4.800000E+001 4.925000E+001 1.000000E+000
4.800000E+001 4.975000E+001 1.000000E+000
4.800000E+001 5.025000E+001 1.000000E+000
4.800000E+001 5.075000E+001 1.000000E+000
4.800000E+001 5.125000E+001 1.000000E+000
4.800000E+001 5.175000E+001 1.000000E+000
4.800000E+001 5.225000E+001 1.000000E+000
4.800000E+001 5.275000E+001 1.000000E+000
4.800000E+001 5.325000E+001 1.000000E+000
4.800000E+001 5.375000E+001 1.000000E+000
4.800000E+001 5.425000E+001 1.000000E+000
4.800000E+001 5.475000E+001 1.000000E+000
4.800000E+001 5.525000E+001 1.000000E+000
4.800000E+001 5.575000E+001 1.000000E+000
4.800000E+001 5.625000E+001 1.000000E+000
4.800000E+001 5.675000E+001 1.000000E+000
4.800000E+001 5.725000E+001 1.000000E+000
4.800000E+001 5.775000E+001 1.000000E+000
4.800000E+001 5.825000E+001 1.000000E+000
4.800000E+001 5.875000E+001 1.000000E+000
4.800000E+001 5.925000E+001 1.000000E+000
4.800000E+001 5.975000E+001 1.000000E+000
4.800000E+001 6.000000E+001 1.000000E+000
-----------------------------------------------------------------------------------------------
*material
5
240.565, 0.49990, 1.0, 0.0, 1.0e25
!Young Modulus, Poisson coef, thickness (set to 1.0 if not used), density, Yield Stress
-----------------------------------------------------------------------------------------------
*boundary   !boundary condition
68
1	,	1	,	1
1	,	2	,	1
1	,	3	,	1
1	,	4	,	1
1	,	5	,	1
1	,	6	,	1
1	,	7	,	1
1	,	8	,	1
1	,	9	,	1
1	,	10	,	1
1	,	11	,	1
1	,	12	,	1
1	,	13	,	1
1	,	14	,	1
1	,	15	,	1
1	,	16	,	1
1	,	17	,	1
1	,	18	,	1
1	,	19	,	1
1	,	20	,	1
1	,	21	,	1
1	,	22	,	1
1	,	23	,	1
1	,	24	,	1
1	,	25	,	1
1	,	26	,	1
1	,	27	,	1
1	,	28	,	1
1	,	29	,	1
1	,	30	,	1
1	,	31	,	1
1	,	32	,	1
1	,	33	,	1
1	,	34	,	1
1	,	1	,	2
1	,	2	,	2
1	,	3	,	2
1	,	4	,	2
1	,	5	,	2
1	,	6	,	2
1	,	7	,	2
1	,	8	,	2
1	,	9	,	2
1	,	10	,	2
1	,	11	,	2
1	,	12	,	2
1	,	13	,	2
1	,	14	,	2
1	,	15	,	2
1	,	16	,	2
1	,	17	,	2
1	,	18	,	2
1	,	19	,	2
1	,	20	,	2
1	,	21	,	2
1	,	22	,	2
1	,	23	,	2
1	,	24	,	2
1	,	25	,	2
1	,	26	,	2
1	,	27	,	2
1	,	28	,	2
1	,	29	,	2
1	,	30	,	2
1	,	31	,	2
1	,	32	,	2
1	,	33	,	2
1	,	34	,	2
--------------------------------------------------------
*load       !load vector
34
34	,	1	,	2	,	0.78125
34	,	2	,	2	,	2.34375
34	,	3	,	2	,	3.125
34	,	4	,	2	,	3.125
34	,	5	,	2	,	3.125
34	,	6	,	2	,	3.125
34	,	7	,	2	,	3.125
34	,	8	,	2	,	3.125
34	,	9	,	2	,	3.125
34	,	10	,	2	,	3.125
34	,	11	,	2	,	3.125
34	,	12	,	2	,	3.125
34	,	13	,	2	,	3.125
34	,	14	,	2	,	3.125
34	,	15	,	2	,	3.125
34	,	16	,	2	,	3.125
34	,	17	,	2	,	3.125
34	,	18	,	2	,	3.125
34	,	19	,	2	,	3.125
34	,	20	,	2	,	3.125
34	,	21	,	2	,	3.125
34	,	22	,	2	,	3.125
34	,	23	,	2	,	3.125
34	,	24	,	2	,	3.125
34	,	25	,	2	,	3.125
34	,	26	,	2	,	3.125
34	,	27	,	2	,	3.125
34	,	28	,	2	,	3.125
34	,	29	,	2	,	3.125
34	,	30	,	2	,	3.125
34	,	31	,	2	,	3.125
34	,	32	,	2	,	3.125
34	,	33	,	2	,	2.34375
34	,	34	,	2	,	0.78125
-----------------------------------------------------------------------------------------------
*end