-----------------------------------------------------------------------------------------------
Curved Beam subjected to a shear load with 5 control points per side
-----------------------------------------------------------------------------------------------
*begin
2        !problem dimension
3, 2     !degree of each dimension
7, 6     !control points in each direction
0, 0     !open(0) or closed(1) knot vector
-----------------------------------------------------------------------------------------------
*knots    !knot spans
0.0, 0.0, 0.0, 0.0, 0.25, 0.5, 0.75, 1.0, 1.0, 1.0, 1.0 
0.0, 0.0, 0.0, 0.25, 0.5, 0.75, 1.0, 1.0, 1.0  
-----------------------------------------------------------------------------------------------
*element
Quad16E
-----------------------------------------------------------------------------------------------
*bnet     !nurbs control points
0.000000E+000 5.000000E+000 1.000000E+000
0.000000E+000 5.625000E+000 1.000000E+000
0.000000E+000 6.875000E+000 1.000000E+000
0.000000E+000 8.125000E+000 1.000000E+000
0.000000E+000 9.375000E+000 1.000000E+000
0.000000E+000 1.000000E+001 1.000000E+000
6.194967E-001 5.000000E+000 9.511845E-001
6.969338E-001 5.625000E+000 9.511845E-001
8.518080E-001 6.875000E+000 9.511845E-001
1.006682E+000 8.125000E+000 9.511845E-001
1.161556E+000 9.375000E+000 9.511845E-001
1.238993E+000 1.000000E+001 9.511845E-001
1.915201E+000 4.762708E+000 8.779612E-001
2.154602E+000 5.358046E+000 8.779612E-001
2.633402E+000 6.548723E+000 8.779612E-001
3.112202E+000 7.739400E+000 8.779612E-001
3.591003E+000 8.930077E+000 8.779612E-001
3.830403E+000 9.525416E+000 8.779612E-001
3.638101E+000 3.638101E+000 8.413495E-001
4.092863E+000 4.092863E+000 8.413495E-001
5.002388E+000 5.002388E+000 8.413495E-001
5.911914E+000 5.911914E+000 8.413495E-001
6.821439E+000 6.821439E+000 8.413495E-001
7.276201E+000 7.276201E+000 8.413495E-001
4.762708E+000 1.915201E+000 8.779612E-001
5.358046E+000 2.154602E+000 8.779612E-001
6.548723E+000 2.633402E+000 8.779612E-001
7.739400E+000 3.112202E+000 8.779612E-001
8.930077E+000 3.591003E+000 8.779612E-001
9.525416E+000 3.830403E+000 8.779612E-001
5.000000E+000 6.194967E-001 9.511845E-001
5.625000E+000 6.969338E-001 9.511845E-001
6.875000E+000 8.518080E-001 9.511845E-001
8.125000E+000 1.006682E+000 9.511845E-001
9.375000E+000 1.161556E+000 9.511845E-001
1.000000E+001 1.238993E+000 9.511845E-001
5.000000E+000 0.000000E+000 1.000000E+000
5.625000E+000 0.000000E+000 1.000000E+000
6.875000E+000 0.000000E+000 1.000000E+000
8.125000E+000 0.000000E+000 1.000000E+000
9.375000E+000 0.000000E+000 1.000000E+000
1.000000E+001 0.000000E+000 1.000000E+000
-----------------------------------------------------------------------------------------------
*material
5
9600.0, 0.0, 1.0, 0.0, 1.0e25
!Young Modulus, Poisson coef, thickness (set to 1.0 if not used), density, Yield Stress
-----------------------------------------------------------------------------------------------
*boundary   !boundary condition
7
1, 1, 1
1, 1, 2
1, 2, 1
1, 3, 1
1, 4, 1
1, 5, 1
1, 6, 1
--------------------------------------------------------
*load       !load vector
6
7, 1, 1, -6.25
7, 2, 1, -18.75
7, 3, 1, -25.0
7, 4, 1, -25.0
7, 5, 1, -18.75
7, 6, 1, -6.25
-----------------------------------------------------------------------------------------------
*end