-----------------------------------------------------------------------------------------------
Curved Beam subjected to a shear load with 5 control points per side
-----------------------------------------------------------------------------------------------
*begin
2        !problem dimension
3, 3     !degree of each dimension
19, 19     !control points in each direction
0, 0     !open(0) or closed(1) knot vector
-----------------------------------------------------------------------------------------------
*knots    !knot spans
0.0, 0.0, 0.0, 0.0, 0.0625, 0.125, 0.1875, 0.25, 0.3125, 0.375, 0.4375, 0.5, 0.5625, 0.625, 0.6875, 0.75, 0.8125 0.875, 0.9375 1.0, 1.0, 1.0, 1.0 
0.0, 0.0, 0.0, 0.0, 0.0625, 0.125, 0.1875, 0.25, 0.3125, 0.375, 0.4375, 0.5, 0.5625, 0.625, 0.6875, 0.75, 0.8125 0.875, 0.9375 1.0, 1.0, 1.0, 1.0 
-----------------------------------------------------------------------------------------------
*element
Quad16E
-----------------------------------------------------------------------------------------------
*bnet     !nurbs control points
0.000000E+000 5.000000E+000 1.000000E+000
0.000000E+000 5.104167E+000 1.000000E+000
0.000000E+000 5.312500E+000 1.000000E+000
0.000000E+000 5.625000E+000 1.000000E+000
0.000000E+000 5.937500E+000 1.000000E+000
0.000000E+000 6.250000E+000 1.000000E+000
0.000000E+000 6.562500E+000 1.000000E+000
0.000000E+000 6.875000E+000 1.000000E+000
0.000000E+000 7.187500E+000 1.000000E+000
0.000000E+000 7.500000E+000 1.000000E+000
0.000000E+000 7.812500E+000 1.000000E+000
0.000000E+000 8.125000E+000 1.000000E+000
0.000000E+000 8.437500E+000 1.000000E+000
0.000000E+000 8.750000E+000 1.000000E+000
0.000000E+000 9.062500E+000 1.000000E+000
0.000000E+000 9.375000E+000 1.000000E+000
0.000000E+000 9.687500E+000 1.000000E+000
0.000000E+000 9.895833E+000 1.000000E+000
0.000000E+000 1.000000E+001 1.000000E+000
1.491339E-001 5.000000E+000 9.877961E-001
1.522409E-001 5.104167E+000 9.877961E-001
1.584548E-001 5.312500E+000 9.877961E-001
1.677757E-001 5.625000E+000 9.877961E-001
1.770965E-001 5.937500E+000 9.877961E-001
1.864174E-001 6.250000E+000 9.877961E-001
1.957383E-001 6.562500E+000 9.877961E-001
2.050592E-001 6.875000E+000 9.877961E-001
2.143800E-001 7.187500E+000 9.877961E-001
2.237009E-001 7.500000E+000 9.877961E-001
2.330218E-001 7.812500E+000 9.877961E-001
2.423426E-001 8.125000E+000 9.877961E-001
2.516635E-001 8.437500E+000 9.877961E-001
2.609844E-001 8.750000E+000 9.877961E-001
2.703052E-001 9.062500E+000 9.877961E-001
2.796261E-001 9.375000E+000 9.877961E-001
2.889470E-001 9.687500E+000 9.877961E-001
2.951609E-001 9.895833E+000 9.877961E-001
2.982679E-001 1.000000E+001 9.877961E-001
4.524221E-001 4.986506E+000 9.649138E-001
4.618476E-001 5.090391E+000 9.649138E-001
4.806985E-001 5.298162E+000 9.649138E-001
5.089749E-001 5.609819E+000 9.649138E-001
5.372512E-001 5.921476E+000 9.649138E-001
5.655276E-001 6.233132E+000 9.649138E-001
5.938040E-001 6.544789E+000 9.649138E-001
6.220804E-001 6.856445E+000 9.649138E-001
6.503568E-001 7.168102E+000 9.649138E-001
6.786332E-001 7.479759E+000 9.649138E-001
7.069095E-001 7.791415E+000 9.649138E-001
7.351859E-001 8.103072E+000 9.649138E-001
7.634623E-001 8.414728E+000 9.649138E-001
7.917387E-001 8.726385E+000 9.649138E-001
8.200151E-001 9.038042E+000 9.649138E-001
8.482914E-001 9.349698E+000 9.649138E-001
8.765678E-001 9.661355E+000 9.649138E-001
8.954187E-001 9.869126E+000 9.649138E-001
9.048442E-001 9.973011E+000 9.649138E-001
9.134410E-001 4.923421E+000 9.351669E-001
9.324710E-001 5.025992E+000 9.351669E-001
9.705311E-001 5.231134E+000 9.351669E-001
1.027621E+000 5.538848E+000 9.351669E-001
1.084711E+000 5.846562E+000 9.351669E-001
1.141801E+000 6.154276E+000 9.351669E-001
1.198891E+000 6.461989E+000 9.351669E-001
1.255981E+000 6.769703E+000 9.351669E-001
1.313071E+000 7.077417E+000 9.351669E-001
1.370162E+000 7.385131E+000 9.351669E-001
1.427252E+000 7.692845E+000 9.351669E-001
1.484342E+000 8.000558E+000 9.351669E-001
1.541432E+000 8.308272E+000 9.351669E-001
1.598522E+000 8.615986E+000 9.351669E-001
1.655612E+000 8.923700E+000 9.351669E-001
1.712702E+000 9.231413E+000 9.351669E-001
1.769792E+000 9.539127E+000 9.351669E-001
1.807852E+000 9.744270E+000 9.351669E-001
1.826882E+000 9.846841E+000 9.351669E-001
1.379908E+000 4.813987E+000 9.099964E-001
1.408656E+000 4.914279E+000 9.099964E-001
1.466152E+000 5.114862E+000 9.099964E-001
1.552396E+000 5.415736E+000 9.099964E-001
1.638640E+000 5.716610E+000 9.099964E-001
1.724885E+000 6.017484E+000 9.099964E-001
1.811129E+000 6.318358E+000 9.099964E-001
1.897373E+000 6.619233E+000 9.099964E-001
1.983617E+000 6.920107E+000 9.099964E-001
2.069862E+000 7.220981E+000 9.099964E-001
2.156106E+000 7.521855E+000 9.099964E-001
2.242350E+000 7.822729E+000 9.099964E-001
2.328594E+000 8.123604E+000 9.099964E-001
2.414838E+000 8.424478E+000 9.099964E-001
2.501083E+000 8.725352E+000 9.099964E-001
2.587327E+000 9.026226E+000 9.099964E-001
2.673571E+000 9.327100E+000 9.099964E-001
2.731067E+000 9.527683E+000 9.099964E-001
2.759815E+000 9.627975E+000 9.099964E-001
1.845084E+000 4.655960E+000 8.894023E-001
1.883523E+000 4.752960E+000 8.894023E-001
1.960402E+000 4.946958E+000 8.894023E-001
2.075719E+000 5.237955E+000 8.894023E-001
2.191037E+000 5.528953E+000 8.894023E-001
2.306355E+000 5.819951E+000 8.894023E-001
2.421673E+000 6.110948E+000 8.894023E-001
2.536990E+000 6.401946E+000 8.894023E-001
2.652308E+000 6.692943E+000 8.894023E-001
2.767626E+000 6.983941E+000 8.894023E-001
2.882944E+000 7.274938E+000 8.894023E-001
2.998261E+000 7.565936E+000 8.894023E-001
3.113579E+000 7.856933E+000 8.894023E-001
3.228897E+000 8.147931E+000 8.894023E-001
3.344215E+000 8.438928E+000 8.894023E-001
3.459532E+000 8.729926E+000 8.894023E-001
3.574850E+000 9.020923E+000 8.894023E-001
3.651729E+000 9.214922E+000 8.894023E-001
3.690168E+000 9.311921E+000 8.894023E-001
2.301566E+000 4.448386E+000 8.733847E-001
2.349515E+000 4.541061E+000 8.733847E-001
2.445414E+000 4.726411E+000 8.733847E-001
2.589262E+000 5.004435E+000 8.733847E-001
2.733110E+000 5.282459E+000 8.733847E-001
2.876958E+000 5.560483E+000 8.733847E-001
3.020806E+000 5.838507E+000 8.733847E-001
3.164654E+000 6.116531E+000 8.733847E-001
3.308501E+000 6.394556E+000 8.733847E-001
3.452349E+000 6.672580E+000 8.733847E-001
3.596197E+000 6.950604E+000 8.733847E-001
3.740045E+000 7.228628E+000 8.733847E-001
3.883893E+000 7.506652E+000 8.733847E-001
4.027741E+000 7.784676E+000 8.733847E-001
4.171589E+000 8.062700E+000 8.733847E-001
4.315437E+000 8.340725E+000 8.733847E-001
4.459284E+000 8.618749E+000 8.733847E-001
4.555183E+000 8.804098E+000 8.733847E-001
4.603132E+000 8.896773E+000 8.733847E-001
2.741599E+000 4.191810E+000 8.619436E-001
2.798715E+000 4.279139E+000 8.619436E-001
2.912948E+000 4.453798E+000 8.619436E-001
3.084298E+000 4.715786E+000 8.619436E-001
3.255648E+000 4.977774E+000 8.619436E-001
3.426998E+000 5.239762E+000 8.619436E-001
3.598348E+000 5.501750E+000 8.619436E-001
3.769698E+000 5.763738E+000 8.619436E-001
3.941048E+000 6.025726E+000 8.619436E-001
4.112398E+000 6.287714E+000 8.619436E-001
4.283748E+000 6.549702E+000 8.619436E-001
4.455098E+000 6.811690E+000 8.619436E-001
4.626448E+000 7.073679E+000 8.619436E-001
4.797798E+000 7.335667E+000 8.619436E-001
4.969147E+000 7.597655E+000 8.619436E-001
5.140497E+000 7.859643E+000 8.619436E-001
5.311847E+000 8.121631E+000 8.619436E-001
5.426081E+000 8.296290E+000 8.619436E-001
5.483197E+000 8.383619E+000 8.619436E-001
3.157456E+000 3.888382E+000 8.550789E-001
3.223236E+000 3.969390E+000 8.550789E-001
3.354797E+000 4.131406E+000 8.550789E-001
3.552138E+000 4.374430E+000 8.550789E-001
3.749478E+000 4.617454E+000 8.550789E-001
3.946819E+000 4.860478E+000 8.550789E-001
4.144160E+000 5.103502E+000 8.550789E-001
4.341501E+000 5.346526E+000 8.550789E-001
4.538842E+000 5.589550E+000 8.550789E-001
4.736183E+000 5.832573E+000 8.550789E-001
4.933524E+000 6.075597E+000 8.550789E-001
5.130865E+000 6.318621E+000 8.550789E-001
5.328206E+000 6.561645E+000 8.550789E-001
5.525547E+000 6.804669E+000 8.550789E-001
5.722888E+000 7.047693E+000 8.550789E-001
5.920229E+000 7.290717E+000 8.550789E-001
6.117570E+000 7.533741E+000 8.550789E-001
6.249131E+000 7.695757E+000 8.550789E-001
6.314911E+000 7.776765E+000 8.550789E-001
3.541858E+000 3.541858E+000 8.527907E-001
3.615647E+000 3.615647E+000 8.527907E-001
3.763224E+000 3.763224E+000 8.527907E-001
3.984591E+000 3.984591E+000 8.527907E-001
4.205957E+000 4.205957E+000 8.527907E-001
4.427323E+000 4.427323E+000 8.527907E-001
4.648689E+000 4.648689E+000 8.527907E-001
4.870055E+000 4.870055E+000 8.527907E-001
5.091421E+000 5.091421E+000 8.527907E-001
5.312788E+000 5.312788E+000 8.527907E-001
5.534154E+000 5.534154E+000 8.527907E-001
5.755520E+000 5.755520E+000 8.527907E-001
5.976886E+000 5.976886E+000 8.527907E-001
6.198252E+000 6.198252E+000 8.527907E-001
6.419618E+000 6.419618E+000 8.527907E-001
6.640984E+000 6.640984E+000 8.527907E-001
6.862351E+000 6.862351E+000 8.527907E-001
7.009928E+000 7.009928E+000 8.527907E-001
7.083717E+000 7.083717E+000 8.527907E-001
3.888382E+000 3.157456E+000 8.550789E-001
3.969390E+000 3.223236E+000 8.550789E-001
4.131406E+000 3.354797E+000 8.550789E-001
4.374430E+000 3.552138E+000 8.550789E-001
4.617454E+000 3.749478E+000 8.550789E-001
4.860478E+000 3.946819E+000 8.550789E-001
5.103502E+000 4.144160E+000 8.550789E-001
5.346526E+000 4.341501E+000 8.550789E-001
5.589550E+000 4.538842E+000 8.550789E-001
5.832573E+000 4.736183E+000 8.550789E-001
6.075597E+000 4.933524E+000 8.550789E-001
6.318621E+000 5.130865E+000 8.550789E-001
6.561645E+000 5.328206E+000 8.550789E-001
6.804669E+000 5.525547E+000 8.550789E-001
7.047693E+000 5.722888E+000 8.550789E-001
7.290717E+000 5.920229E+000 8.550789E-001
7.533741E+000 6.117570E+000 8.550789E-001
7.695757E+000 6.249131E+000 8.550789E-001
7.776765E+000 6.314911E+000 8.550789E-001
4.191810E+000 2.741599E+000 8.619436E-001
4.279139E+000 2.798715E+000 8.619436E-001
4.453798E+000 2.912948E+000 8.619436E-001
4.715786E+000 3.084298E+000 8.619436E-001
4.977774E+000 3.255648E+000 8.619436E-001
5.239762E+000 3.426998E+000 8.619436E-001
5.501750E+000 3.598348E+000 8.619436E-001
5.763738E+000 3.769698E+000 8.619436E-001
6.025726E+000 3.941048E+000 8.619436E-001
6.287714E+000 4.112398E+000 8.619436E-001
6.549702E+000 4.283748E+000 8.619436E-001
6.811690E+000 4.455098E+000 8.619436E-001
7.073679E+000 4.626448E+000 8.619436E-001
7.335667E+000 4.797798E+000 8.619436E-001
7.597655E+000 4.969147E+000 8.619436E-001
7.859643E+000 5.140497E+000 8.619436E-001
8.121631E+000 5.311847E+000 8.619436E-001
8.296290E+000 5.426081E+000 8.619436E-001
8.383619E+000 5.483197E+000 8.619436E-001
4.448386E+000 2.301566E+000 8.733847E-001
4.541061E+000 2.349515E+000 8.733847E-001
4.726411E+000 2.445414E+000 8.733847E-001
5.004435E+000 2.589262E+000 8.733847E-001
5.282459E+000 2.733110E+000 8.733847E-001
5.560483E+000 2.876958E+000 8.733847E-001
5.838507E+000 3.020806E+000 8.733847E-001
6.116531E+000 3.164654E+000 8.733847E-001
6.394556E+000 3.308501E+000 8.733847E-001
6.672580E+000 3.452349E+000 8.733847E-001
6.950604E+000 3.596197E+000 8.733847E-001
7.228628E+000 3.740045E+000 8.733847E-001
7.506652E+000 3.883893E+000 8.733847E-001
7.784676E+000 4.027741E+000 8.733847E-001
8.062700E+000 4.171589E+000 8.733847E-001
8.340725E+000 4.315437E+000 8.733847E-001
8.618749E+000 4.459284E+000 8.733847E-001
8.804098E+000 4.555183E+000 8.733847E-001
8.896773E+000 4.603132E+000 8.733847E-001
4.655960E+000 1.845084E+000 8.894023E-001
4.752960E+000 1.883523E+000 8.894023E-001
4.946958E+000 1.960402E+000 8.894023E-001
5.237955E+000 2.075719E+000 8.894023E-001
5.528953E+000 2.191037E+000 8.894023E-001
5.819951E+000 2.306355E+000 8.894023E-001
6.110948E+000 2.421673E+000 8.894023E-001
6.401946E+000 2.536990E+000 8.894023E-001
6.692943E+000 2.652308E+000 8.894023E-001
6.983941E+000 2.767626E+000 8.894023E-001
7.274938E+000 2.882944E+000 8.894023E-001
7.565936E+000 2.998261E+000 8.894023E-001
7.856933E+000 3.113579E+000 8.894023E-001
8.147931E+000 3.228897E+000 8.894023E-001
8.438928E+000 3.344215E+000 8.894023E-001
8.729926E+000 3.459532E+000 8.894023E-001
9.020923E+000 3.574850E+000 8.894023E-001
9.214922E+000 3.651729E+000 8.894023E-001
9.311921E+000 3.690168E+000 8.894023E-001
4.813987E+000 1.379908E+000 9.099964E-001
4.914279E+000 1.408656E+000 9.099964E-001
5.114862E+000 1.466152E+000 9.099964E-001
5.415736E+000 1.552396E+000 9.099964E-001
5.716610E+000 1.638640E+000 9.099964E-001
6.017484E+000 1.724885E+000 9.099964E-001
6.318358E+000 1.811129E+000 9.099964E-001
6.619233E+000 1.897373E+000 9.099964E-001
6.920107E+000 1.983617E+000 9.099964E-001
7.220981E+000 2.069862E+000 9.099964E-001
7.521855E+000 2.156106E+000 9.099964E-001
7.822729E+000 2.242350E+000 9.099964E-001
8.123604E+000 2.328594E+000 9.099964E-001
8.424478E+000 2.414838E+000 9.099964E-001
8.725352E+000 2.501083E+000 9.099964E-001
9.026226E+000 2.587327E+000 9.099964E-001
9.327100E+000 2.673571E+000 9.099964E-001
9.527683E+000 2.731067E+000 9.099964E-001
9.627975E+000 2.759815E+000 9.099964E-001
4.923421E+000 9.134410E-001 9.351669E-001
5.025992E+000 9.324710E-001 9.351669E-001
5.231134E+000 9.705311E-001 9.351669E-001
5.538848E+000 1.027621E+000 9.351669E-001
5.846562E+000 1.084711E+000 9.351669E-001
6.154276E+000 1.141801E+000 9.351669E-001
6.461989E+000 1.198891E+000 9.351669E-001
6.769703E+000 1.255981E+000 9.351669E-001
7.077417E+000 1.313071E+000 9.351669E-001
7.385131E+000 1.370162E+000 9.351669E-001
7.692845E+000 1.427252E+000 9.351669E-001
8.000558E+000 1.484342E+000 9.351669E-001
8.308272E+000 1.541432E+000 9.351669E-001
8.615986E+000 1.598522E+000 9.351669E-001
8.923700E+000 1.655612E+000 9.351669E-001
9.231413E+000 1.712702E+000 9.351669E-001
9.539127E+000 1.769792E+000 9.351669E-001
9.744270E+000 1.807852E+000 9.351669E-001
9.846841E+000 1.826882E+000 9.351669E-001
4.986506E+000 4.524221E-001 9.649138E-001
5.090391E+000 4.618476E-001 9.649138E-001
5.298162E+000 4.806985E-001 9.649138E-001
5.609819E+000 5.089749E-001 9.649138E-001
5.921476E+000 5.372512E-001 9.649138E-001
6.233132E+000 5.655276E-001 9.649138E-001
6.544789E+000 5.938040E-001 9.649138E-001
6.856445E+000 6.220804E-001 9.649138E-001
7.168102E+000 6.503568E-001 9.649138E-001
7.479759E+000 6.786332E-001 9.649138E-001
7.791415E+000 7.069095E-001 9.649138E-001
8.103072E+000 7.351859E-001 9.649138E-001
8.414728E+000 7.634623E-001 9.649138E-001
8.726385E+000 7.917387E-001 9.649138E-001
9.038042E+000 8.200151E-001 9.649138E-001
9.349698E+000 8.482914E-001 9.649138E-001
9.661355E+000 8.765678E-001 9.649138E-001
9.869126E+000 8.954187E-001 9.649138E-001
9.973011E+000 9.048442E-001 9.649138E-001
5.000000E+000 1.491339E-001 9.877961E-001
5.104167E+000 1.522409E-001 9.877961E-001
5.312500E+000 1.584548E-001 9.877961E-001
5.625000E+000 1.677757E-001 9.877961E-001
5.937500E+000 1.770965E-001 9.877961E-001
6.250000E+000 1.864174E-001 9.877961E-001
6.562500E+000 1.957383E-001 9.877961E-001
6.875000E+000 2.050592E-001 9.877961E-001
7.187500E+000 2.143800E-001 9.877961E-001
7.500000E+000 2.237009E-001 9.877961E-001
7.812500E+000 2.330218E-001 9.877961E-001
8.125000E+000 2.423426E-001 9.877961E-001
8.437500E+000 2.516635E-001 9.877961E-001
8.750000E+000 2.609844E-001 9.877961E-001
9.062500E+000 2.703052E-001 9.877961E-001
9.375000E+000 2.796261E-001 9.877961E-001
9.687500E+000 2.889470E-001 9.877961E-001
9.895833E+000 2.951609E-001 9.877961E-001
1.000000E+001 2.982679E-001 9.877961E-001
5.000000E+000 0.000000E+000 1.000000E+000
5.104167E+000 0.000000E+000 1.000000E+000
5.312500E+000 0.000000E+000 1.000000E+000
5.625000E+000 0.000000E+000 1.000000E+000
5.937500E+000 0.000000E+000 1.000000E+000
6.250000E+000 0.000000E+000 1.000000E+000
6.562500E+000 0.000000E+000 1.000000E+000
6.875000E+000 0.000000E+000 1.000000E+000
7.187500E+000 0.000000E+000 1.000000E+000
7.500000E+000 0.000000E+000 1.000000E+000
7.812500E+000 0.000000E+000 1.000000E+000
8.125000E+000 0.000000E+000 1.000000E+000
8.437500E+000 0.000000E+000 1.000000E+000
8.750000E+000 0.000000E+000 1.000000E+000
9.062500E+000 0.000000E+000 1.000000E+000
9.375000E+000 0.000000E+000 1.000000E+000
9.687500E+000 0.000000E+000 1.000000E+000
9.895833E+000 0.000000E+000 1.000000E+000
1.000000E+001 0.000000E+000 1.000000E+000
-----------------------------------------------------------------------------------------------
*material
5
9600.0, 0.2, 1.0, 0.0, 1.0e25
!Young Modulus, Poisson coef, thickness (set to 1.0 if not used), density, Yield Stress
-----------------------------------------------------------------------------------------------
*boundary   !boundary condition
20
1, 1, 1
1, 1, 2
1, 2, 1
1, 3, 1
1, 4, 1
1, 5, 1
1, 6, 1
1, 7, 1
1, 8, 1
1, 9, 1
1, 10, 1
1, 11, 1
1, 12, 1
1, 13, 1
1, 14, 1
1, 15, 1
1, 16, 1
1, 17, 1
1, 18, 1
1, 19, 1
--------------------------------------------------------
*displacement      !load vector
19
19	,	1	,	1	,	-0.1
19	,	2	,	1	,	-0.1
19	,	3	,	1	,	-0.1
19	,	4	,	1	,	-0.1
19	,	5	,	1	,	-0.1
19	,	6	,	1	,	-0.1
19	,	7	,	1	,	-0.1
19	,	8	,	1	,	-0.1
19	,	9	,	1	,	-0.1
19	,	10	,	1	,	-0.1
19	,	11	,	1	,	-0.1
19	,	12	,	1	,	-0.1
19	,	13	,	1	,	-0.1
19	,	14	,	1	,	-0.1
19	,	15	,	1	,	-0.1
19	,	16	,	1	,	-0.1
19	,	17	,	1	,	-0.1
19	,	18	,	1	,	-0.1
19	,	19	,	1	,	-0.1
-----------------------------------------------------------------------------------------------
*end