-----------------------------------------------------------------------------------------------
Curved Beam subjected to a shear load with 18 control points per side
-----------------------------------------------------------------------------------------------
*begin
2          !problem dimension
2, 2       !degree of each dimension
18, 18     !control points in each direction
0, 0       !open(0) or closed(1) knot vector
-----------------------------------------------------------------------------------------------
*knots    !knot spans
0.0, 0.0, 0.0, 0.0625, 0.1250, 0.1875, 0.2500, 0.3125, 0.3750, 0.4375, 0.5000, 0.5625, 0.6250, 0.6875, 0.7500, 0.8125, 0.8750, 0.9375, 1.0, 1.0, 1.0 
0.0, 0.0, 0.0, 0.0625, 0.1250, 0.1875, 0.2500, 0.3125, 0.3750, 0.4375, 0.5000, 0.5625, 0.6250, 0.6875, 0.7500, 0.8125, 0.8750, 0.9375, 1.0, 1.0, 1.0  
-----------------------------------------------------------------------------------------------
*element
Quad9E
-----------------------------------------------------------------------------------------------
*bnet     !nurbs control points
0.000000E+000 5.000000E+000 1.000000E+000
0.000000E+000 5.156250E+000 1.000000E+000
0.000000E+000 5.468750E+000 1.000000E+000
0.000000E+000 5.781250E+000 1.000000E+000
0.000000E+000 6.093750E+000 1.000000E+000
0.000000E+000 6.406250E+000 1.000000E+000
0.000000E+000 6.718750E+000 1.000000E+000
0.000000E+000 7.031250E+000 1.000000E+000
0.000000E+000 7.343750E+000 1.000000E+000
0.000000E+000 7.656250E+000 1.000000E+000
0.000000E+000 7.968750E+000 1.000000E+000
0.000000E+000 8.281250E+000 1.000000E+000
0.000000E+000 8.593750E+000 1.000000E+000
0.000000E+000 8.906250E+000 1.000000E+000
0.000000E+000 9.218750E+000 1.000000E+000
0.000000E+000 9.531250E+000 1.000000E+000
0.000000E+000 9.843750E+000 1.000000E+000
0.000000E+000 1.000000E+001 1.000000E+000
2.250914E-001 5.000000E+000 9.816942E-001
2.321255E-001 5.156250E+000 9.816942E-001
2.461937E-001 5.468750E+000 9.816942E-001
2.602619E-001 5.781250E+000 9.816942E-001
2.743301E-001 6.093750E+000 9.816942E-001
2.883983E-001 6.406250E+000 9.816942E-001
3.024665E-001 6.718750E+000 9.816942E-001
3.165347E-001 7.031250E+000 9.816942E-001
3.306029E-001 7.343750E+000 9.816942E-001
3.446711E-001 7.656250E+000 9.816942E-001
3.587393E-001 7.968750E+000 9.816942E-001
3.728076E-001 8.281250E+000 9.816942E-001
3.868758E-001 8.593750E+000 9.816942E-001
4.009440E-001 8.906250E+000 9.816942E-001
4.150122E-001 9.218750E+000 9.816942E-001
4.290804E-001 9.531250E+000 9.816942E-001
4.431486E-001 9.843750E+000 9.816942E-001
4.501827E-001 1.000000E+001 9.816942E-001
6.810154E-001 4.958867E+000 9.496590E-001
7.022971E-001 5.113831E+000 9.496590E-001
7.448606E-001 5.423761E+000 9.496590E-001
7.874241E-001 5.733690E+000 9.496590E-001
8.299875E-001 6.043619E+000 9.496590E-001
8.725510E-001 6.353548E+000 9.496590E-001
9.151144E-001 6.663477E+000 9.496590E-001
9.576779E-001 6.973406E+000 9.496590E-001
1.000241E+000 7.283336E+000 9.496590E-001
1.042805E+000 7.593265E+000 9.496590E-001
1.085368E+000 7.903194E+000 9.496590E-001
1.127932E+000 8.213123E+000 9.496590E-001
1.170495E+000 8.523052E+000 9.496590E-001
1.213059E+000 8.832982E+000 9.496590E-001
1.255622E+000 9.142911E+000 9.496590E-001
1.298186E+000 9.452840E+000 9.496590E-001
1.340749E+000 9.762769E+000 9.496590E-001
1.362031E+000 9.917734E+000 9.496590E-001
1.145428E+000 4.872926E+000 9.222002E-001
1.181222E+000 5.025205E+000 9.222002E-001
1.252812E+000 5.329763E+000 9.222002E-001
1.324401E+000 5.634321E+000 9.222002E-001
1.395990E+000 5.938879E+000 9.222002E-001
1.467579E+000 6.243437E+000 9.222002E-001
1.539168E+000 6.547995E+000 9.222002E-001
1.610758E+000 6.852552E+000 9.222002E-001
1.682347E+000 7.157110E+000 9.222002E-001
1.753936E+000 7.461668E+000 9.222002E-001
1.825525E+000 7.766226E+000 9.222002E-001
1.897115E+000 8.070784E+000 9.222002E-001
1.968704E+000 8.375342E+000 9.222002E-001
2.040293E+000 8.679900E+000 9.222002E-001
2.111882E+000 8.984458E+000 9.222002E-001
2.183472E+000 9.289016E+000 9.222002E-001
2.255061E+000 9.593573E+000 9.222002E-001
2.290855E+000 9.745852E+000 9.222002E-001
1.612016E+000 4.739386E+000 8.993180E-001
1.662391E+000 4.887492E+000 8.993180E-001
1.763142E+000 5.183703E+000 8.993180E-001
1.863893E+000 5.479915E+000 8.993180E-001
1.964644E+000 5.776126E+000 8.993180E-001
2.065395E+000 6.072338E+000 8.993180E-001
2.166146E+000 6.368550E+000 8.993180E-001
2.266897E+000 6.664761E+000 8.993180E-001
2.367648E+000 6.960973E+000 8.993180E-001
2.468399E+000 7.257185E+000 8.993180E-001
2.569150E+000 7.553396E+000 8.993180E-001
2.669901E+000 7.849608E+000 8.993180E-001
2.770652E+000 8.145819E+000 8.993180E-001
2.871403E+000 8.442031E+000 8.993180E-001
2.972154E+000 8.738243E+000 8.993180E-001
3.072905E+000 9.034454E+000 8.993180E-001
3.173656E+000 9.330666E+000 8.993180E-001
3.224032E+000 9.478772E+000 8.993180E-001
2.073678E+000 4.556618E+000 8.810121E-001
2.138481E+000 4.699012E+000 8.810121E-001
2.268086E+000 4.983801E+000 8.810121E-001
2.397690E+000 5.268589E+000 8.810121E-001
2.527295E+000 5.553378E+000 8.810121E-001
2.656900E+000 5.838167E+000 8.810121E-001
2.786505E+000 6.122955E+000 8.810121E-001
2.916110E+000 6.407744E+000 8.810121E-001
3.045715E+000 6.692533E+000 8.810121E-001
3.175320E+000 6.977321E+000 8.810121E-001
3.304925E+000 7.262110E+000 8.810121E-001
3.434530E+000 7.546898E+000 8.810121E-001
3.564134E+000 7.831687E+000 8.810121E-001
3.693739E+000 8.116476E+000 8.810121E-001
3.823344E+000 8.401264E+000 8.810121E-001
3.952949E+000 8.686053E+000 8.810121E-001
4.082554E+000 8.970842E+000 8.810121E-001
4.147356E+000 9.113236E+000 8.810121E-001
2.522795E+000 4.324399E+000 8.672828E-001
2.601632E+000 4.459536E+000 8.672828E-001
2.759307E+000 4.729811E+000 8.672828E-001
2.916981E+000 5.000086E+000 8.672828E-001
3.074656E+000 5.270361E+000 8.672828E-001
3.232331E+000 5.540636E+000 8.672828E-001
3.390005E+000 5.810911E+000 8.672828E-001
3.547680E+000 6.081185E+000 8.672828E-001
3.705355E+000 6.351460E+000 8.672828E-001
3.863029E+000 6.621735E+000 8.672828E-001
4.020704E+000 6.892010E+000 8.672828E-001
4.178379E+000 7.162285E+000 8.672828E-001
4.336053E+000 7.432560E+000 8.672828E-001
4.493728E+000 7.702835E+000 8.672828E-001
4.651403E+000 7.973110E+000 8.672828E-001
4.809077E+000 8.243385E+000 8.672828E-001
4.966752E+000 8.513660E+000 8.672828E-001
5.045589E+000 8.648797E+000 8.672828E-001
2.951577E+000 4.044069E+000 8.581298E-001
3.043814E+000 4.170447E+000 8.581298E-001
3.228288E+000 4.423201E+000 8.581298E-001
3.412761E+000 4.675955E+000 8.581298E-001
3.597235E+000 4.928710E+000 8.581298E-001
3.781709E+000 5.181464E+000 8.581298E-001
3.966182E+000 5.434218E+000 8.581298E-001
4.150656E+000 5.686973E+000 8.581298E-001
4.335129E+000 5.939727E+000 8.581298E-001
4.519603E+000 6.192481E+000 8.581298E-001
4.704077E+000 6.445236E+000 8.581298E-001
4.888550E+000 6.697990E+000 8.581298E-001
5.073024E+000 6.950744E+000 8.581298E-001
5.257497E+000 7.203499E+000 8.581298E-001
5.441971E+000 7.456253E+000 8.581298E-001
5.626445E+000 7.709007E+000 8.581298E-001
5.810918E+000 7.961762E+000 8.581298E-001
5.903155E+000 8.088139E+000 8.581298E-001
3.352476E+000 3.718592E+000 8.535534E-001
3.457241E+000 3.834798E+000 8.535534E-001
3.666770E+000 4.067210E+000 8.535534E-001
3.876300E+000 4.299622E+000 8.535534E-001
4.085830E+000 4.532034E+000 8.535534E-001
4.295359E+000 4.764446E+000 8.535534E-001
4.504889E+000 4.996858E+000 8.535534E-001
4.714419E+000 5.229270E+000 8.535534E-001
4.923949E+000 5.461682E+000 8.535534E-001
5.133478E+000 5.694094E+000 8.535534E-001
5.343008E+000 5.926506E+000 8.535534E-001
5.552538E+000 6.158918E+000 8.535534E-001
5.762068E+000 6.391330E+000 8.535534E-001
5.971597E+000 6.623742E+000 8.535534E-001
6.181127E+000 6.856154E+000 8.535534E-001
6.390657E+000 7.088566E+000 8.535534E-001
6.600186E+000 7.320978E+000 8.535534E-001
6.704951E+000 7.437184E+000 8.535534E-001
3.718592E+000 3.352476E+000 8.535534E-001
3.834798E+000 3.457241E+000 8.535534E-001
4.067210E+000 3.666770E+000 8.535534E-001
4.299622E+000 3.876300E+000 8.535534E-001
4.532034E+000 4.085830E+000 8.535534E-001
4.764446E+000 4.295359E+000 8.535534E-001
4.996858E+000 4.504889E+000 8.535534E-001
5.229270E+000 4.714419E+000 8.535534E-001
5.461682E+000 4.923949E+000 8.535534E-001
5.694094E+000 5.133478E+000 8.535534E-001
5.926506E+000 5.343008E+000 8.535534E-001
6.158918E+000 5.552538E+000 8.535534E-001
6.391330E+000 5.762068E+000 8.535534E-001
6.623742E+000 5.971597E+000 8.535534E-001
6.856154E+000 6.181127E+000 8.535534E-001
7.088566E+000 6.390657E+000 8.535534E-001
7.320978E+000 6.600186E+000 8.535534E-001
7.437184E+000 6.704951E+000 8.535534E-001
4.044069E+000 2.951577E+000 8.581298E-001
4.170447E+000 3.043814E+000 8.581298E-001
4.423201E+000 3.228288E+000 8.581298E-001
4.675955E+000 3.412761E+000 8.581298E-001
4.928710E+000 3.597235E+000 8.581298E-001
5.181464E+000 3.781709E+000 8.581298E-001
5.434218E+000 3.966182E+000 8.581298E-001
5.686973E+000 4.150656E+000 8.581298E-001
5.939727E+000 4.335129E+000 8.581298E-001
6.192481E+000 4.519603E+000 8.581298E-001
6.445236E+000 4.704077E+000 8.581298E-001
6.697990E+000 4.888550E+000 8.581298E-001
6.950744E+000 5.073024E+000 8.581298E-001
7.203499E+000 5.257497E+000 8.581298E-001
7.456253E+000 5.441971E+000 8.581298E-001
7.709007E+000 5.626445E+000 8.581298E-001
7.961762E+000 5.810918E+000 8.581298E-001
8.088139E+000 5.903155E+000 8.581298E-001
4.324399E+000 2.522795E+000 8.672828E-001
4.459536E+000 2.601632E+000 8.672828E-001
4.729811E+000 2.759307E+000 8.672828E-001
5.000086E+000 2.916981E+000 8.672828E-001
5.270361E+000 3.074656E+000 8.672828E-001
5.540636E+000 3.232331E+000 8.672828E-001
5.810911E+000 3.390005E+000 8.672828E-001
6.081185E+000 3.547680E+000 8.672828E-001
6.351460E+000 3.705355E+000 8.672828E-001
6.621735E+000 3.863029E+000 8.672828E-001
6.892010E+000 4.020704E+000 8.672828E-001
7.162285E+000 4.178379E+000 8.672828E-001
7.432560E+000 4.336053E+000 8.672828E-001
7.702835E+000 4.493728E+000 8.672828E-001
7.973110E+000 4.651403E+000 8.672828E-001
8.243385E+000 4.809077E+000 8.672828E-001
8.513660E+000 4.966752E+000 8.672828E-001
8.648797E+000 5.045589E+000 8.672828E-001
4.556618E+000 2.073678E+000 8.810121E-001
4.699012E+000 2.138481E+000 8.810121E-001
4.983801E+000 2.268086E+000 8.810121E-001
5.268589E+000 2.397690E+000 8.810121E-001
5.553378E+000 2.527295E+000 8.810121E-001
5.838167E+000 2.656900E+000 8.810121E-001
6.122955E+000 2.786505E+000 8.810121E-001
6.407744E+000 2.916110E+000 8.810121E-001
6.692533E+000 3.045715E+000 8.810121E-001
6.977321E+000 3.175320E+000 8.810121E-001
7.262110E+000 3.304925E+000 8.810121E-001
7.546898E+000 3.434530E+000 8.810121E-001
7.831687E+000 3.564134E+000 8.810121E-001
8.116476E+000 3.693739E+000 8.810121E-001
8.401264E+000 3.823344E+000 8.810121E-001
8.686053E+000 3.952949E+000 8.810121E-001
8.970842E+000 4.082554E+000 8.810121E-001
9.113236E+000 4.147356E+000 8.810121E-001
4.739386E+000 1.612016E+000 8.993180E-001
4.887492E+000 1.662391E+000 8.993180E-001
5.183703E+000 1.763142E+000 8.993180E-001
5.479915E+000 1.863893E+000 8.993180E-001
5.776126E+000 1.964644E+000 8.993180E-001
6.072338E+000 2.065395E+000 8.993180E-001
6.368550E+000 2.166146E+000 8.993180E-001
6.664761E+000 2.266897E+000 8.993180E-001
6.960973E+000 2.367648E+000 8.993180E-001
7.257185E+000 2.468399E+000 8.993180E-001
7.553396E+000 2.569150E+000 8.993180E-001
7.849608E+000 2.669901E+000 8.993180E-001
8.145819E+000 2.770652E+000 8.993180E-001
8.442031E+000 2.871403E+000 8.993180E-001
8.738243E+000 2.972154E+000 8.993180E-001
9.034454E+000 3.072905E+000 8.993180E-001
9.330666E+000 3.173656E+000 8.993180E-001
9.478772E+000 3.224032E+000 8.993180E-001
4.872926E+000 1.145428E+000 9.222002E-001
5.025205E+000 1.181222E+000 9.222002E-001
5.329763E+000 1.252812E+000 9.222002E-001
5.634321E+000 1.324401E+000 9.222002E-001
5.938879E+000 1.395990E+000 9.222002E-001
6.243437E+000 1.467579E+000 9.222002E-001
6.547995E+000 1.539168E+000 9.222002E-001
6.852552E+000 1.610758E+000 9.222002E-001
7.157110E+000 1.682347E+000 9.222002E-001
7.461668E+000 1.753936E+000 9.222002E-001
7.766226E+000 1.825525E+000 9.222002E-001
8.070784E+000 1.897115E+000 9.222002E-001
8.375342E+000 1.968704E+000 9.222002E-001
8.679900E+000 2.040293E+000 9.222002E-001
8.984458E+000 2.111882E+000 9.222002E-001
9.289016E+000 2.183472E+000 9.222002E-001
9.593573E+000 2.255061E+000 9.222002E-001
9.745852E+000 2.290855E+000 9.222002E-001
4.958867E+000 6.810154E-001 9.496590E-001
5.113831E+000 7.022971E-001 9.496590E-001
5.423761E+000 7.448606E-001 9.496590E-001
5.733690E+000 7.874241E-001 9.496590E-001
6.043619E+000 8.299875E-001 9.496590E-001
6.353548E+000 8.725510E-001 9.496590E-001
6.663477E+000 9.151144E-001 9.496590E-001
6.973406E+000 9.576779E-001 9.496590E-001
7.283336E+000 1.000241E+000 9.496590E-001
7.593265E+000 1.042805E+000 9.496590E-001
7.903194E+000 1.085368E+000 9.496590E-001
8.213123E+000 1.127932E+000 9.496590E-001
8.523052E+000 1.170495E+000 9.496590E-001
8.832982E+000 1.213059E+000 9.496590E-001
9.142911E+000 1.255622E+000 9.496590E-001
9.452840E+000 1.298186E+000 9.496590E-001
9.762769E+000 1.340749E+000 9.496590E-001
9.917734E+000 1.362031E+000 9.496590E-001
5.000000E+000 2.250914E-001 9.816942E-001
5.156250E+000 2.321255E-001 9.816942E-001
5.468750E+000 2.461937E-001 9.816942E-001
5.781250E+000 2.602619E-001 9.816942E-001
6.093750E+000 2.743301E-001 9.816942E-001
6.406250E+000 2.883983E-001 9.816942E-001
6.718750E+000 3.024665E-001 9.816942E-001
7.031250E+000 3.165347E-001 9.816942E-001
7.343750E+000 3.306029E-001 9.816942E-001
7.656250E+000 3.446711E-001 9.816942E-001
7.968750E+000 3.587393E-001 9.816942E-001
8.281250E+000 3.728076E-001 9.816942E-001
8.593750E+000 3.868758E-001 9.816942E-001
8.906250E+000 4.009440E-001 9.816942E-001
9.218750E+000 4.150122E-001 9.816942E-001
9.531250E+000 4.290804E-001 9.816942E-001
9.843750E+000 4.431486E-001 9.816942E-001
1.000000E+001 4.501827E-001 9.816942E-001
5.000000E+000 0.000000E+000 1.000000E+000
5.156250E+000 0.000000E+000 1.000000E+000
5.468750E+000 0.000000E+000 1.000000E+000
5.781250E+000 0.000000E+000 1.000000E+000
6.093750E+000 0.000000E+000 1.000000E+000
6.406250E+000 0.000000E+000 1.000000E+000
6.718750E+000 0.000000E+000 1.000000E+000
7.031250E+000 0.000000E+000 1.000000E+000
7.343750E+000 0.000000E+000 1.000000E+000
7.656250E+000 0.000000E+000 1.000000E+000
7.968750E+000 0.000000E+000 1.000000E+000
8.281250E+000 0.000000E+000 1.000000E+000
8.593750E+000 0.000000E+000 1.000000E+000
8.906250E+000 0.000000E+000 1.000000E+000
9.218750E+000 0.000000E+000 1.000000E+000
9.531250E+000 0.000000E+000 1.000000E+000
9.843750E+000 0.000000E+000 1.000000E+000
1.000000E+001 0.000000E+000 1.000000E+000
-----------------------------------------------------------------------------------------------
*material
5
9600.0, 0.0, 1.0, 0.0, 1.0e25
!Young Modulus, Poisson coef, thickness (set to 1.0 if not used), density, Yield Stress
-----------------------------------------------------------------------------------------------
*boundary   !boundary condition
19
1,  1, 1
1,  1, 2
1,  2, 1
1,  3, 1
1,  4, 1
1,  5, 1
1,  6, 1
1,  7, 1
1,  8, 1
1,  9, 1
1, 10, 1
1, 11, 1
1, 12, 1
1, 13, 1
1, 14, 1
1, 15, 1
1, 16, 1
1, 17, 1
1, 18, 1
--------------------------------------------------------
*displacement      !load vector
18
18,  1, 1,  -0.1
18,  2, 1,  -0.1
18,  3, 1,  -0.1
18,  4, 1,  -0.1
18,  5, 1,  -0.1
18,  6, 1,  -0.1
18,  7, 1,  -0.1
18,  8, 1,  -0.1
18,  9, 1,  -0.1
18, 10, 1,  -0.1
18, 11, 1,  -0.1
18, 12, 1,  -0.1
18, 13, 1,  -0.1
18, 14, 1,  -0.1
18, 15, 1,  -0.1
18, 16, 1,  -0.1
18, 17, 1,  -0.1
18, 18, 1,  -0.1
-----------------------------------------------------------------------------------------------
*end