!----------------------------------------------------------------
!
! Rigid Punch on Elastic Foundation
!
!----------------------------------------------------------------
*begin_MP
2       !number of patches
2       !problem dimension
2, 2	!degree of each dimension patch1
2, 2    !degree of each dimension patch2
12, 12    !control points in each direction patch1
3, 3    !control points in each direction patch2
0, 0    !open(0) or closed(1) knot vector patch1
0, 0    !open(0) or closed(1) knot vector patch2
153      !total number of control points
-----------------------------------------------------------------
*knots    !knot spans
0.0, 0.0, 0.0, 0.1, 0.2, 0.3, 0.4, 0.5, 0.6, 0.7, 0.8, 0.9, 1.0, 1.0, 1.0
0.0, 0.0, 0.0, 0.1, 0.2, 0.3, 0.4, 0.5, 0.6, 0.7, 0.8, 0.9, 1.0, 1.0, 1.0
0, 0, 0, 1, 1, 1  
0, 0, 0, 1, 1, 1 
-----------------------------------------------------------------
*element
Quad9E  !Element for patch 1
Quad9E  !Element for patch 2
*bnet     
0.00E+00	3.50E+00	1.00E+00
0.00E+00	3.53E+00	1.00E+00
0.00E+00	3.58E+00	1.00E+00
0.00E+00	3.63E+00	1.00E+00
0.00E+00	3.68E+00	1.00E+00
0.00E+00	3.73E+00	1.00E+00
0.00E+00	3.78E+00	1.00E+00
0.00E+00	3.83E+00	1.00E+00
0.00E+00	3.88E+00	1.00E+00
0.00E+00	3.93E+00	1.00E+00
0.00E+00	3.98E+00	1.00E+00
0.00E+00	4.00E+00	1.00E+00
4.00E-01	3.50E+00	1.00E+00
4.00E-01	3.53E+00	1.00E+00
4.00E-01	3.58E+00	1.00E+00
4.00E-01	3.63E+00	1.00E+00
4.00E-01	3.68E+00	1.00E+00
4.00E-01	3.73E+00	1.00E+00
4.00E-01	3.78E+00	1.00E+00
4.00E-01	3.83E+00	1.00E+00
4.00E-01	3.88E+00	1.00E+00
4.00E-01	3.93E+00	1.00E+00
4.00E-01	3.98E+00	1.00E+00
4.00E-01	4.00E+00	1.00E+00
1.20E+00	3.50E+00	1.00E+00
1.20E+00	3.53E+00	1.00E+00
1.20E+00	3.58E+00	1.00E+00
1.20E+00	3.63E+00	1.00E+00
1.20E+00	3.68E+00	1.00E+00
1.20E+00	3.73E+00	1.00E+00
1.20E+00	3.78E+00	1.00E+00
1.20E+00	3.83E+00	1.00E+00
1.20E+00	3.88E+00	1.00E+00
1.20E+00	3.93E+00	1.00E+00
1.20E+00	3.98E+00	1.00E+00
1.20E+00	4.00E+00	1.00E+00
2.00E+00	3.50E+00	1.00E+00
2.00E+00	3.53E+00	1.00E+00
2.00E+00	3.58E+00	1.00E+00
2.00E+00	3.63E+00	1.00E+00
2.00E+00	3.68E+00	1.00E+00
2.00E+00	3.73E+00	1.00E+00
2.00E+00	3.78E+00	1.00E+00
2.00E+00	3.83E+00	1.00E+00
2.00E+00	3.88E+00	1.00E+00
2.00E+00	3.93E+00	1.00E+00
2.00E+00	3.98E+00	1.00E+00
2.00E+00	4.00E+00	1.00E+00
2.80E+00	3.50E+00	1.00E+00
2.80E+00	3.53E+00	1.00E+00
2.80E+00	3.58E+00	1.00E+00
2.80E+00	3.63E+00	1.00E+00
2.80E+00	3.68E+00	1.00E+00
2.80E+00	3.73E+00	1.00E+00
2.80E+00	3.78E+00	1.00E+00
2.80E+00	3.83E+00	1.00E+00
2.80E+00	3.88E+00	1.00E+00
2.80E+00	3.93E+00	1.00E+00
2.80E+00	3.98E+00	1.00E+00
2.80E+00	4.00E+00	1.00E+00
3.60E+00	3.50E+00	1.00E+00
3.60E+00	3.53E+00	1.00E+00
3.60E+00	3.58E+00	1.00E+00
3.60E+00	3.63E+00	1.00E+00
3.60E+00	3.68E+00	1.00E+00
3.60E+00	3.73E+00	1.00E+00
3.60E+00	3.78E+00	1.00E+00
3.60E+00	3.83E+00	1.00E+00
3.60E+00	3.88E+00	1.00E+00
3.60E+00	3.93E+00	1.00E+00
3.60E+00	3.98E+00	1.00E+00
3.60E+00	4.00E+00	1.00E+00
4.40E+00	3.50E+00	1.00E+00
4.40E+00	3.53E+00	1.00E+00
4.40E+00	3.58E+00	1.00E+00
4.40E+00	3.63E+00	1.00E+00
4.40E+00	3.68E+00	1.00E+00
4.40E+00	3.73E+00	1.00E+00
4.40E+00	3.78E+00	1.00E+00
4.40E+00	3.83E+00	1.00E+00
4.40E+00	3.88E+00	1.00E+00
4.40E+00	3.93E+00	1.00E+00
4.40E+00	3.98E+00	1.00E+00
4.40E+00	4.00E+00	1.00E+00
5.20E+00	3.50E+00	1.00E+00
5.20E+00	3.53E+00	1.00E+00
5.20E+00	3.58E+00	1.00E+00
5.20E+00	3.63E+00	1.00E+00
5.20E+00	3.68E+00	1.00E+00
5.20E+00	3.73E+00	1.00E+00
5.20E+00	3.78E+00	1.00E+00
5.20E+00	3.83E+00	1.00E+00
5.20E+00	3.88E+00	1.00E+00
5.20E+00	3.93E+00	1.00E+00
5.20E+00	3.98E+00	1.00E+00
5.20E+00	4.00E+00	1.00E+00
6.00E+00	3.50E+00	1.00E+00
6.00E+00	3.53E+00	1.00E+00
6.00E+00	3.58E+00	1.00E+00
6.00E+00	3.63E+00	1.00E+00
6.00E+00	3.68E+00	1.00E+00
6.00E+00	3.73E+00	1.00E+00
6.00E+00	3.78E+00	1.00E+00
6.00E+00	3.83E+00	1.00E+00
6.00E+00	3.88E+00	1.00E+00
6.00E+00	3.93E+00	1.00E+00
6.00E+00	3.98E+00	1.00E+00
6.00E+00	4.00E+00	1.00E+00
6.80E+00	3.50E+00	1.00E+00
6.80E+00	3.53E+00	1.00E+00
6.80E+00	3.58E+00	1.00E+00
6.80E+00	3.63E+00	1.00E+00
6.80E+00	3.68E+00	1.00E+00
6.80E+00	3.73E+00	1.00E+00
6.80E+00	3.78E+00	1.00E+00
6.80E+00	3.83E+00	1.00E+00
6.80E+00	3.88E+00	1.00E+00
6.80E+00	3.93E+00	1.00E+00
6.80E+00	3.98E+00	1.00E+00
6.80E+00	4.00E+00	1.00E+00
7.60E+00	3.50E+00	1.00E+00
7.60E+00	3.53E+00	1.00E+00
7.60E+00	3.58E+00	1.00E+00
7.60E+00	3.63E+00	1.00E+00
7.60E+00	3.68E+00	1.00E+00
7.60E+00	3.73E+00	1.00E+00
7.60E+00	3.78E+00	1.00E+00
7.60E+00	3.83E+00	1.00E+00
7.60E+00	3.88E+00	1.00E+00
7.60E+00	3.93E+00	1.00E+00
7.60E+00	3.98E+00	1.00E+00
7.60E+00	4.00E+00	1.00E+00
8.00E+00	3.50E+00	1.00E+00
8.00E+00	3.53E+00	1.00E+00
8.00E+00	3.58E+00	1.00E+00
8.00E+00	3.63E+00	1.00E+00
8.00E+00	3.68E+00	1.00E+00
8.00E+00	3.73E+00	1.00E+00
8.00E+00	3.78E+00	1.00E+00
8.00E+00	3.83E+00	1.00E+00
8.00E+00	3.88E+00	1.00E+00
8.00E+00	3.93E+00	1.00E+00
8.00E+00	3.98E+00	1.00E+00
8.00E+00	4.00E+00	1.00E+00
0.000000E+000 4.000000E+000 1.000000E+000  !PUNCH
0.000000E+000 5.000000E+000 1.000000E+000
0.000000E+000 6.000000E+000 1.000000E+000
8.000000E+000 4.000000E+000 7.071068E-001
7.000000E+000 5.000000E+000 7.071068E-001
6.000000E+000 6.000000E+000 7.071068E-001
8.000000E+000 1.200000E+001 1.000000E+000
7.000000E+000 1.200000E+001 1.000000E+000
6.000000E+000 1.200000E+001 1.000000E+000
-----------------------------------------------------------------
*MP_conn
1	27	26	25	15	14	13	3	2	1
2	28	27	26	16	15	14	4	3	2
3	29	28	27	17	16	15	5	4	3
4	30	29	28	18	17	16	6	5	4
5	31	30	29	19	18	17	7	6	5
6	32	31	30	20	19	18	8	7	6
7	33	32	31	21	20	19	9	8	7
8	34	33	32	22	21	20	10	9	8
9	35	34	33	23	22	21	11	10	9
10	36	35	34	24	23	22	12	11	10
11	39	38	37	27	26	25	15	14	13
12	40	39	38	28	27	26	16	15	14
13	41	40	39	29	28	27	17	16	15
14	42	41	40	30	29	28	18	17	16
15	43	42	41	31	30	29	19	18	17
16	44	43	42	32	31	30	20	19	18
17	45	44	43	33	32	31	21	20	19
18	46	45	44	34	33	32	22	21	20
19	47	46	45	35	34	33	23	22	21
20	48	47	46	36	35	34	24	23	22
21	51	50	49	39	38	37	27	26	25
22	52	51	50	40	39	38	28	27	26
23	53	52	51	41	40	39	29	28	27
24	54	53	52	42	41	40	30	29	28
25	55	54	53	43	42	41	31	30	29
26	56	55	54	44	43	42	32	31	30
27	57	56	55	45	44	43	33	32	31
28	58	57	56	46	45	44	34	33	32
29	59	58	57	47	46	45	35	34	33
30	60	59	58	48	47	46	36	35	34
31	63	62	61	51	50	49	39	38	37
32	64	63	62	52	51	50	40	39	38
33	65	64	63	53	52	51	41	40	39
34	66	65	64	54	53	52	42	41	40
35	67	66	65	55	54	53	43	42	41
36	68	67	66	56	55	54	44	43	42
37	69	68	67	57	56	55	45	44	43
38	70	69	68	58	57	56	46	45	44
39	71	70	69	59	58	57	47	46	45
40	72	71	70	60	59	58	48	47	46
41	75	74	73	63	62	61	51	50	49
42	76	75	74	64	63	62	52	51	50
43	77	76	75	65	64	63	53	52	51
44	78	77	76	66	65	64	54	53	52
45	79	78	77	67	66	65	55	54	53
46	80	79	78	68	67	66	56	55	54
47	81	80	79	69	68	67	57	56	55
48	82	81	80	70	69	68	58	57	56
49	83	82	81	71	70	69	59	58	57
50	84	83	82	72	71	70	60	59	58
51	87	86	85	75	74	73	63	62	61
52	88	87	86	76	75	74	64	63	62
53	89	88	87	77	76	75	65	64	63
54	90	89	88	78	77	76	66	65	64
55	91	90	89	79	78	77	67	66	65
56	92	91	90	80	79	78	68	67	66
57	93	92	91	81	80	79	69	68	67
58	94	93	92	82	81	80	70	69	68
59	95	94	93	83	82	81	71	70	69
60	96	95	94	84	83	82	72	71	70
61	99	98	97	87	86	85	75	74	73
62	100	99	98	88	87	86	76	75	74
63	101	100	99	89	88	87	77	76	75
64	102	101	100	90	89	88	78	77	76
65	103	102	101	91	90	89	79	78	77
66	104	103	102	92	91	90	80	79	78
67	105	104	103	93	92	91	81	80	79
68	106	105	104	94	93	92	82	81	80
69	107	106	105	95	94	93	83	82	81
70	108	107	106	96	95	94	84	83	82
71	111	110	109	99	98	97	87	86	85
72	112	111	110	100	99	98	88	87	86
73	113	112	111	101	100	99	89	88	87
74	114	113	112	102	101	100	90	89	88
75	115	114	113	103	102	101	91	90	89
76	116	115	114	104	103	102	92	91	90
77	117	116	115	105	104	103	93	92	91
78	118	117	116	106	105	104	94	93	92
79	119	118	117	107	106	105	95	94	93
80	120	119	118	108	107	106	96	95	94
81	123	122	121	111	110	109	99	98	97
82	124	123	122	112	111	110	100	99	98
83	125	124	123	113	112	111	101	100	99
84	126	125	124	114	113	112	102	101	100
85	127	126	125	115	114	113	103	102	101
86	128	127	126	116	115	114	104	103	102
87	129	128	127	117	116	115	105	104	103
88	130	129	128	118	117	116	106	105	104
89	131	130	129	119	118	117	107	106	105
90	132	131	130	120	119	118	108	107	106
91	135	134	133	123	122	121	111	110	109
92	136	135	134	124	123	122	112	111	110
93	137	136	135	125	124	123	113	112	111
94	138	137	136	126	125	124	114	113	112
95	139	138	137	127	126	125	115	114	113
96	140	139	138	128	127	126	116	115	114
97	141	140	139	129	128	127	117	116	115
98	142	141	140	130	129	128	118	117	116
99	143	142	141	131	130	129	119	118	117
100	144	143	142	132	131	130	120	119	118
101	153	152	151	150	149	148	147	146	145
-----------------------------------------------------------------
*material
5
1000.0, 0.3, 1.0, 0.0, 1.0e25
1000000000000000.0, 0.3, 1.0, 0.0, 1.0e25
-----------------------------------------------------------------
*ContactPTS
*Master
2
3
0.0, 0.0, 0.0, 1.0, 1.0, 1.0
147,146,145
*Slave
2
12
0.0, 0.0, 0.0, 0.1, 0.2, 0.3, 0.4, 0.5, 0.6, 0.7, 0.8, 0.9, 1.0, 1.0, 1.0
133	134	135	136	137	138	139	140	141	142	143	144
-----------------------------------------------------------------
*bcdof
35
1	,	1
13	,	1
25	,	1
37	,	1
49	,	1
61	,	1
73	,	1
85	,	1
97	,	1
109	,	1
121	,	1
133	,	1
12	,	1
24	,	1
36	,	1
48	,	1
60	,	1
72	,	1
84	,	1
96	,	1
108	,	1
120	,	1
132	,	1
144	,	1
11	,	2
12	,	2
145	,	1
146	,	1
147	,	1
148	,	1
149	,	1
150	,	1
151	,	1
152	,	1
153	,	1
*dispdof
9
145	,	2	,	-4.0
146	,	2	,	-4.0
147	,	2	,	-4.0
148	,	2	,	-4.0
149	,	2	,	-4.0
150	,	2	,	-4.0
151	,	2	,	-4.0
152	,	2	,	-4.0
153	,	2	,	-4.0
*end
