 369,
  -0.3928425057933378E-01,   0.2562540333075852E+00,
  -0.3928425057933378E-01,   0.2640000000000000E+00,
  -0.3928425057933377E-01,   0.2717459666924148E+00,
   0.1500000000000000E+00,   0.2562540333075852E+00,
   0.1500000000000000E+00,   0.2640000000000000E+00,
   0.1500000000000000E+00,   0.2717459666924148E+00,
   0.3092842505793337E+00,   0.2562540333075851E+00,
   0.3092842505793338E+00,   0.2640000000000000E+00,
   0.3092842505793337E+00,   0.2717459666924147E+00,
   0.1931641994029638E-02,   0.2351217372572908E+00,
   0.1959403783345130E-02,   0.2389900485328609E+00,
   0.1987301399855970E-02,   0.2428608604772590E+00,
   0.8616300491362746E-02,   0.2349911929680065E+00,
   0.8740415431363606E-02,   0.2388578520975853E+00,
   0.8865015410307766E-02,   0.2427271106728098E+00,
   0.1536806933899895E-01,   0.2346899380679093E+00,
   0.1558994717996865E-01,   0.2385524877508075E+00,
   0.1581247215403198E-01,   0.2424175998579547E+00,
   0.1932575102635811E-01,   0.2344338464835110E+00,
   0.1960514706705339E-01,   0.2382928382817815E+00,
   0.1988520519202878E-01,   0.2421543123452212E+00,
   0.2617094858565732E-01,   0.2338499346381744E+00,
   0.2655028052216192E-01,   0.2377006807627375E+00,
   0.2693030306588049E-01,   0.2415537551736495E+00,
   0.3306648800713509E-01,   0.2330797416482882E+00,
   0.3354708575106218E-01,   0.2369194731829870E+00,
   0.3402842684615000E-01,   0.2407613706590133E+00,
   0.3709967057096558E-01,   0.2325438299792352E+00,
   0.3763977353810391E-01,   0.2363758446616824E+00,
   0.3818065978545199E-01,   0.2402099279466537E+00,
   0.4405972690386733E-01,   0.2314677996485112E+00,
   0.4470294101772235E-01,   0.2352841933789074E+00,
   0.4534698969529745E-01,   0.2391024990706012E+00,
   0.5105038296798398E-01,   0.2301919159198007E+00,
   0.5179769841719322E-01,   0.2339896400379861E+00,
   0.5254587240381094E-01,   0.2377891356300356E+00,
   0.5512939626714912E-01,   0.2293558129741025E+00,
   0.5593770566874413E-01,   0.2331412411528843E+00,
   0.5674687598373419E-01,   0.2369283652124929E+00,
   0.6215080508512325E-01,   0.2277544692110334E+00,
   0.6306453915196060E-01,   0.2315162063602860E+00,
   0.6397913791835692E-01,   0.2352794970845310E+00,
   0.6917994127385983E-01,   0.2259421943083171E+00,
   0.7019977265898607E-01,   0.2296769496889718E+00,
   0.7122047502086717E-01,   0.2334130971240880E+00,
   0.7327043969552519E-01,   0.2247892833041860E+00,
   0.7435227254580926E-01,   0.2285067983677460E+00,
   0.7543498054124652E-01,   0.2322256039045029E+00,
   0.8029195749049810E-01,   0.2226363826424278E+00,
   0.8148065046827345E-01,   0.2263215101774228E+00,
   0.8267021664149191E-01,   0.2300077613816253E+00,
   0.8729568211581336E-01,   0.2202646020426234E+00,
   0.8859151776904088E-01,   0.2239138094621163E+00,
   0.8988821150292609E-01,   0.2275639869106303E+00,
   0.9135934294213378E-01,   0.2187829716274214E+00,
   0.9271760203156545E-01,   0.2224096350696100E+00,
   0.9407670444480060E-01,   0.2260371851722611E+00,
   0.9831326874179423E-01,   0.2160609465467749E+00,
   0.9977876776922377E-01,   0.2196459758213275E+00,
   0.1012450774326741E+00,   0.2232317560050608E+00,
   0.1052217540312890E+00,   0.2131159560436043E+00,
   0.1067943262602747E+00,   0.2166556740217837E+00,
   0.1083676675054016E+00,   0.2201960164956721E+00,
   0.1092170702516645E+00,   0.2112994927395171E+00,
   0.1108518133624327E+00,   0.2148111447073224E+00,
   0.1124872972060894E+00,   0.2183233516087812E+00,
   0.1160308009247453E+00,   0.2080012378743814E+00,
   0.1177719644022493E+00,   0.2114616901879507E+00,
   0.1195138143181714E+00,   0.2149225784590579E+00,
   0.1227701000505314E+00,   0.2044803760530892E+00,
   0.1246170210412278E+00,   0.2078858778236900E+00,
   0.1264645671463815E+00,   0.2112916964951366E+00,
   0.1266535510689142E+00,   0.2023296366496628E+00,
   0.1285616459294343E+00,   0.2057014402594474E+00,
   0.1304703271442826E+00,   0.2090734916452284E+00,
   0.1332517122938865E+00,   0.1984598952576550E+00,
   0.1352641052536153E+00,   0.2017708120092603E+00,
   0.1372770152458889E+00,   0.2050818601701184E+00,
   0.1397460159263111E+00,   0.1943727763541418E+00,
   0.1418615242080556E+00,   0.1976190699102051E+00,
   0.1439774771823402E+00,   0.2008653820174177E+00,
   0.1434734340605500E+00,   0.1918956261017833E+00,
   0.1456483386264008E+00,   0.1951026102283198E+00,
   0.1478236445313513E+00,   0.1983095493600691E+00,
   0.1497803598463589E+00,   0.1874719147955647E+00,
   0.1520560877648738E+00,   0.1906084143003086E+00,
   0.1543321420373273E+00,   0.1937447701444740E+00,
   0.1559546315520380E+00,   0.1828411191151152E+00,
   0.1583294714938689E+00,   0.1859034780989955E+00,
   0.1607045625045341E+00,   0.1889656092206932E+00,
   0.1594827957019331E+00,   0.1800530162055286E+00,
   0.1619144611585070E+00,   0.1830705787522871E+00,
   0.1643463336698660E+00,   0.1860878704939053E+00,
   0.1654253092237328E+00,   0.1751058434741323E+00,
   0.1679529672058908E+00,   0.1780436479306190E+00,
   0.1704807547314445E+00,   0.1809811079431068E+00,
   0.1712080904386600E+00,   0.1699667779673525E+00,
   0.1738295162275219E+00,   0.1728213958861512E+00,
   0.1764509915329920E+00,   0.1756755945274328E+00,
   0.1744963603726710E+00,   0.1668905347781831E+00,
   0.1771712710671517E+00,   0.1696952068629685E+00,
   0.1798461832491593E+00,   0.1724994159865530E+00,
   0.1800065927941186E+00,   0.1614628643046348E+00,
   0.1827713779677985E+00,   0.1641791334877719E+00,
   0.1855360744509781E+00,   0.1668948701955811E+00,
   0.1853328118135107E+00,   0.1558630904293620E+00,
   0.1881847858181901E+00,   0.1584878061428010E+00,
   0.1910365706667292E+00,   0.1611119277704008E+00,
   0.1883447450005801E+00,   0.1525284120247828E+00,
   0.1912461689971529E+00,   0.1550984520479129E+00,
   0.1941473414177510E+00,   0.1576678659979802E+00,
   0.1933628481341915E+00,   0.1466745905632740E+00,
   0.1963468455928823E+00,   0.1491483804097548E+00,
   0.1993304884487279E+00,   0.1516214989638353E+00,
   0.1981764242814344E+00,   0.1406723850427406E+00,
   0.2012398612432697E+00,   0.1430471504648846E+00,
   0.2043028475748619E+00,   0.1454212121285124E+00,
   0.2008812259747789E+00,   0.1371148723688850E+00,
   0.2039894090467664E+00,   0.1394307966969278E+00,
   0.2070970885363245E+00,   0.1417460041088579E+00,
   0.2053576555526337E+00,   0.1308987228607709E+00,
   0.2085400488213092E+00,   0.1331115840783576E+00,
   0.2117218476382201E+00,   0.1353237137459766E+00,
   0.2096134892441343E+00,   0.1245609525483449E+00,
   0.2128666333082195E+00,   0.1266684282741070E+00,
   0.2161190916070549E+00,   0.1287751675736243E+00,
   0.2119870378473312E+00,   0.1208207752728307E+00,
   0.2152797324965190E+00,   0.1228659222390262E+00,
   0.2185716879438369E+00,   0.1249103343045959E+00,
   0.2158842228652097E+00,   0.1143131975323772E+00,
   0.2192419714959078E+00,   0.1162496756571382E+00,
   0.2225988864949547E+00,   0.1181854275305358E+00,
   0.2195497548703163E+00,   0.1077127973803354E+00,
   0.2229688341823113E+00,   0.1095387831676579E+00,
   0.2263869819766288E+00,   0.1113640586786510E+00,
   0.2215754433531361E+00,   0.1038331789452673E+00,
   0.2250284824575308E+00,   0.1055940975224471E+00,
   0.2284805322639060E+00,   0.1073543182548971E+00,
   0.2248689615516706E+00,   0.9710944670946053E-01,
   0.2283772898780168E+00,   0.9875741209454696E-01,
   0.2318845389928808E+00,   0.1004047034376483E+00,
   0.2279249825875563E+00,   0.9032261033673306E-01,
   0.2314847054874470E+00,   0.9185633548900041E-01,
   0.2350432725557493E+00,   0.9338941301083160E-01,
   0.2295940242291583E+00,   0.8634815903942009E-01,
   0.2331818589378771E+00,   0.8781488292891067E-01,
   0.2367684991619799E+00,   0.8928097584067830E-01,
   0.2322728907939119E+00,   0.7948506674048185E-01,
   0.2359058871809089E+00,   0.8083593989017869E-01,
   0.2395376307624386E+00,   0.8218621454213113E-01,
   0.2347135431981133E+00,   0.7258844248647489E-01,
   0.2383877352107316E+00,   0.7382271235682501E-01,
   0.2420606259406634E+00,   0.7505642121616266E-01,
   0.2360248441263445E+00,   0.6856354966268238E-01,
   0.2397211936764693E+00,   0.6972968702392410E-01,
   0.2434162176308310E+00,   0.7089528735612692E-01,
   0.2380910805215840E+00,   0.6163668385706100E-01,
   0.2418223793900720E+00,   0.6268544807772297E-01,
   0.2455523087687873E+00,   0.6373371892779192E-01,
   0.2399231707875919E+00,   0.5470469301623004E-01,
   0.2436855050319728E+00,   0.5563585607643836E-01,
   0.2474464220890502E+00,   0.5656657224384035E-01,
   0.2408828196678954E+00,   0.5067200731223478E-01,
   0.2446614320106530E+00,   0.5153469370242213E-01,
   0.2484385982506857E+00,   0.5239696154225933E-01,
   0.2423504227546552E+00,   0.4375325189846908E-01,
   0.2461539416706561E+00,   0.4449837142892526E-01,
   0.2499559709372966E+00,   0.4524312396405163E-01,
   0.2435922167210440E+00,   0.3685577522295010E-01,
   0.2474168230504050E+00,   0.3748358909856631E-01,
   0.2512399049510259E+00,   0.3811109110254142E-01,
   0.2442127098224878E+00,   0.3285494333887302E-01,
   0.2480478595856154E+00,   0.3341467149243516E-01,
   0.2518814683834558E+00,   0.3397412123768104E-01,
   0.2451061762224574E+00,   0.2601045005553573E-01,
   0.2489565155727767E+00,   0.2645365416109860E-01,
   0.2528052879200934E+00,   0.2689663672049944E-01,
   0.2457857566626030E+00,   0.1921097359253011E-01,
   0.2496476601121419E+00,   0.1953836801624449E-01,
   0.2535079729348368E+00,   0.1986559649682307E-01,
   0.2460849765928906E+00,   0.1527764634154246E-01,
   0.2499519768529954E+00,   0.1553802540041197E-01,
   0.2538173741688901E+00,   0.1579827045808128E-01,
   0.2464374823523321E+00,   0.8566294566826707E-02,
   0.2503104803050529E+00,   0.8712306113130897E-02,
   0.2541818616349007E+00,   0.8858240447423220E-02,
   0.2465908695175837E+00,   0.1920584563546534E-02,
   0.2504664625778723E+00,   0.1953324038433861E-02,
   0.2543404352694348E+00,   0.1986045741979477E-02,
   0.2003586945843678E-02,   0.2451147605991729E+00,
   0.2031454976976880E-02,   0.2489891430279419E+00,
   0.2059149778152068E-02,   0.2528655387062506E+00,
   0.8937711281416204E-02,   0.2449801596064392E+00,
   0.9062271113291727E-02,   0.2488532828703263E+00,
   0.9186295151040136E-02,   0.2527286925492316E+00,
   0.1594222736192562E-01,   0.2446682194665046E+00,
   0.1616484637702106E-01,   0.2485371548099662E+00,
   0.1638693714864624E-01,   0.2524083611844841E+00,
   0.2004845696802684E-01,   0.2444027756685877E+00,
   0.2032874544669963E-01,   0.2482679072437652E+00,
   0.2060866306146405E-01,   0.2521351804948690E+00,
   0.2715175332569854E-01,   0.2437972577855154E+00,
   0.2753218532615256E-01,   0.2476537214014984E+00,
   0.2791244436744450E-01,   0.2515121414705215E+00,
   0.3430886772453513E-01,   0.2429982962788052E+00,
   0.3479070294762902E-01,   0.2468433746215608E+00,
   0.3527241951169105E-01,   0.2506903083745097E+00,
   0.3849577079394815E-01,   0.2424422640783723E+00,
   0.3903716074150063E-01,   0.2462794320499302E+00,
   0.3957840420244566E-01,   0.2501184311765308E+00,
   0.4572216056667404E-01,   0.2413255847236533E+00,
   0.4636673551402286E-01,   0.2451468023117421E+00,
   0.4701114122441164E-01,   0.2489697892493183E+00,
   0.5298165427139873E-01,   0.2400012110785795E+00,
   0.5373039593099258E-01,   0.2438034287881998E+00,
   0.5447899672316542E-01,   0.2476073164103972E+00,
   0.5721815960543161E-01,   0.2391332058618968E+00,
   0.5802792889806601E-01,   0.2429229342198176E+00,
   0.5883759452363662E-01,   0.2467142591325494E+00,
   0.6451178335412938E-01,   0.2374704024519454E+00,
   0.6542702226538492E-01,   0.2412360903781500E+00,
   0.6634220576829747E-01,   0.2450032553472932E+00,
   0.7181487506385165E-01,   0.2355881333891664E+00,
   0.7283623876565316E-01,   0.2393264663419200E+00,
   0.7385756757737706E-01,   0.2430661702401817E+00,
   0.7606546891996090E-01,   0.2343905025487137E+00,
   0.7714884160822366E-01,   0.2381113690415057E+00,
   0.7823217947685840E-01,   0.2418335505863841E+00,
   0.8336289436707495E-01,   0.2321536400801781E+00,
   0.8455312161335372E-01,   0.2358417463238164E+00,
   0.8574331141349381E-01,   0.2395310740973048E+00,
   0.9064322981005830E-01,   0.2296888029955788E+00,
   0.9194056983605629E-01,   0.2333406417472989E+00,
   0.9323786884416332E-01,   0.2369936107416355E+00,
   0.9486803763038285E-01,   0.2281487953219587E+00,
   0.9622777257988707E-01,   0.2317778992676543E+00,
   0.9758746387778540E-01,   0.2354080809700168E+00,
   0.1020987900771288E+00,   0.2253189957154416E+00,
   0.1035657006924821E+00,   0.2289061464248321E+00,
   0.1050325604140658E+00,   0.2324942788865790E+00,
   0.1092836534799862E+00,   0.2222567547026844E+00,
   0.1108575540776791E+00,   0.2257982851618555E+00,
   0.1124313928102948E+00,   0.2293406930135857E+00,
   0.1134394373185589E+00,   0.2203676834510632E+00,
   0.1150754517571135E+00,   0.2238809729422004E+00,
   0.1167113962574975E+00,   0.2273950761435226E+00,
   0.1205278349277033E+00,   0.2169369894298521E+00,
   0.1222701597808679E+00,   0.2203987864995222E+00,
   0.1240123986261781E+00,   0.2238612965433118E+00,
   0.1275400753362835E+00,   0.2132740040974596E+00,
   0.1293880330346936E+00,   0.2166805681596878E+00,
   0.1312358859677553E+00,   0.2200877576674834E+00,
   0.1315813985658965E+00,   0.2110361162436039E+00,
   0.1334904509774394E+00,   0.2144088224045091E+00,
   0.1353993863131621E+00,   0.2177821085766739E+00,
   0.1384487165849044E+00,   0.2070089295781080E+00,
   0.1404619224538812E+00,   0.2103204779164057E+00,
   0.1424749853469246E+00,   0.2136325271854631E+00,
   0.1452091167881789E+00,   0.2027547251220466E+00,
   0.1473252829031633E+00,   0.2060013834404748E+00,
   0.1494412737847677E+00,   0.2092484608988353E+00,
   0.1490898078402302E+00,   0.2001759492165219E+00,
   0.1512652753791513E+00,   0.2033831459830886E+00,
   0.1534405459217098E+00,   0.2065907134544621E+00,
   0.1556569065943911E+00,   0.1955700467290253E+00,
   0.1579330288400743E+00,   0.1987065197872116E+00,
   0.1602089106657085E+00,   0.2018432846916195E+00,
   0.1620869317076575E+00,   0.1907476495787792E+00,
   0.1644619906750288E+00,   0.1938097740522743E+00,
   0.1668367580634287E+00,   0.1968721179830862E+00,
   0.1657617292927374E+00,   0.1878437952139139E+00,
   0.1681935090730345E+00,   0.1908610152134295E+00,
   0.1706249645650284E+00,   0.1938784153194681E+00,
   0.1719519372305977E+00,   0.1826905378777048E+00,
   0.1744795296787615E+00,   0.1856278151496746E+00,
   0.1770067459605731E+00,   0.1885652058393466E+00,
   0.1779766639225128E+00,   0.1773365331932682E+00,
   0.1805978452544032E+00,   0.1801904377043846E+00,
   0.1832186054190623E+00,   0.1830443896444348E+00,
   0.1814029342339476E+00,   0.1741312414605874E+00,
   0.1840774958270293E+00,   0.1769350922467867E+00,
   0.1867516127070645E+00,   0.1797389529728214E+00,
   0.1871450393309325E+00,   0.1684751743469552E+00,
   0.1899092788490647E+00,   0.1711904547387174E+00,
   0.1926730293481465E+00,   0.1739056907167435E+00,
   0.1926961758827360E+00,   0.1626388854987722E+00,
   0.1955473845060815E+00,   0.1652624701371822E+00,
   0.1983980538035977E+00,   0.1678859699828492E+00,
   0.1958356622195280E+00,   0.1591629703482376E+00,
   0.1987361839944163E+00,   0.1617318080671269E+00,
   0.2016361347785590E+00,   0.1643005433695444E+00,
   0.2010667608060515E+00,   0.1530605403398753E+00,
   0.2040496293793344E+00,   0.1555330240890369E+00,
   0.2070318736831533E+00,   0.1580053765903031E+00,
   0.2060852546520791E+00,   0.1468025887290599E+00,
   0.2091473503607273E+00,   0.1491759676034982E+00,
   0.2122087707461489E+00,   0.1515491870329364E+00,
   0.2089054831721784E+00,   0.1430931220095877E+00,
   0.2120122072026860E+00,   0.1454076235442211E+00,
   0.2151182268943131E+00,   0.1477219496027414E+00,
   0.2135733386301160E+00,   0.1366108343353865E+00,
   0.2167540674181614E+00,   0.1388222261596215E+00,
   0.2199340378939069E+00,   0.1410334167290681E+00,
   0.2180116649298798E+00,   0.1300009491109091E+00,
   0.2212629336486930E+00,   0.1321069282208107E+00,
   0.2245133842283683E+00,   0.1342126827013934E+00,
   0.2204872242790394E+00,   0.1260998421994332E+00,
   0.2237779188752355E+00,   0.1281434855297949E+00,
   0.2270677586657539E+00,   0.1301868919016132E+00,
   0.2245521868033116E+00,   0.1193116993162366E+00,
   0.2279077234368651E+00,   0.1212466762334868E+00,
   0.2312623511291659E+00,   0.1231813996782239E+00,
   0.2283758764264060E+00,   0.1124260406895292E+00,
   0.2317925357683331E+00,   0.1142505457310334E+00,
   0.2352082448797250E+00,   0.1160747869971649E+00,
   0.2304891323434419E+00,   0.1083784441718080E+00,
   0.2339396328226517E+00,   0.1101379018080925E+00,
   0.2373891638918671E+00,   0.1118970925589917E+00,
   0.2339252251739854E+00,   0.1013631156701472E+00,
   0.2374308221123289E+00,   0.1030096630545936E+00,
   0.2409354095287600E+00,   0.1046559439451511E+00,
   0.2371137910218465E+00,   0.9428136543185124E-01,
   0.2406706048395823E+00,   0.9581372594172302E-01,
   0.2442263579745310E+00,   0.9734582761301518E-01,
   0.2388553383047754E+00,   0.9013395123846012E-01,
   0.2424401679712495E+00,   0.9159934619734456E-01,
   0.2460239031585779E+00,   0.9306448976001831E-01,
   0.2416506930500692E+00,   0.8297179913677231E-01,
   0.2452805401551672E+00,   0.8432141201200784E-01,
   0.2489092424807244E+00,   0.8567078674609870E-01,
   0.2441976135163634E+00,   0.7577418204125733E-01,
   0.2478685389452063E+00,   0.7700726919507006E-01,
   0.2515382810614367E+00,   0.7824013138026432E-01,
   0.2455660755889731E+00,   0.7157342012572682E-01,
   0.2492591010865981E+00,   0.7273842381977412E-01,
   0.2529509256682768E+00,   0.7390321025418432E-01,
   0.2477224616807040E+00,   0.6434358611057869E-01,
   0.2514503342031700E+00,   0.6539130642836463E-01,
   0.2551769758732031E+00,   0.6643882411655816E-01,
   0.2496345882510467E+00,   0.5710804403387151E-01,
   0.2533933864999469E+00,   0.5803825949490381E-01,
   0.2571509232723742E+00,   0.5896828884003988E-01,
   0.2506362084125870E+00,   0.5289860945721737E-01,
   0.2544112188261273E+00,   0.5376040730738731E-01,
   0.2581849498789002E+00,   0.5462202953222382E-01,
   0.2521680317454150E+00,   0.4567640167761338E-01,
   0.2559678491388370E+00,   0.4642074089518100E-01,
   0.2597663598620977E+00,   0.4716492457905259E-01,
   0.2534642026651165E+00,   0.3847615431238266E-01,
   0.2572850273386088E+00,   0.3910330456111961E-01,
   0.2611045227834835E+00,   0.3973032198148913E-01,
   0.2541118852627899E+00,   0.3429959337956244E-01,
   0.2579432151666739E+00,   0.3485872910490331E-01,
   0.2617732049866036E+00,   0.3541774624474394E-01,
   0.2550445183852629E+00,   0.2715435104492892E-01,
   0.2588909810133215E+00,   0.2759708366708956E-01,
   0.2627360906248277E+00,   0.2803972185691125E-01,
   0.2557539097162871E+00,   0.2005596746790434E-01,
   0.2596118897012989E+00,   0.2038300853865085E-01,
   0.2634685110665613E+00,   0.2070997862314335E-01,
   0.2560662649037217E+00,   0.1594967174078574E-01,
   0.2599293193323029E+00,   0.1620976526591595E-01,
   0.2637910147534426E+00,   0.1646980122005598E-01,
   0.2564342291908720E+00,   0.8943138919098575E-02,
   0.2603032551189682E+00,   0.9088985740366639E-02,
   0.2641709198971410E+00,   0.9234799136935517E-02,
   0.2565943091984180E+00,   0.2005081653511137E-02,
   0.2604659196967339E+00,   0.2037783171802190E-02,
   0.2643361642049583E+00,   0.2070476942602812E-02,
