!----------------------------------------------------------------
!
! Hertz Problem
!
!----------------------------------------------------------------
*begin_MP
2       !number of patches
2       !problem dimension
2, 2	!degree of each dimension patch1
2, 2    !degree of each dimension patch2
11, 4    !control points in each direction patch1
3, 3    !control points in each direction patch2
0, 0    !open(0) or closed(1) knot vector patch1
0, 0    !open(0) or closed(1) knot vector patch2
53      !total number of control points
-----------------------------------------------------------------
*knots    !knot spans
0.0, 0.0, 0.0, 0.125, 0.25, 0.375, 0.5, 0.5, 0.625, 0.75, 0.875 1.0, 1.0, 1.0
0.0, 0.0, 0.0, 0.5, 1.0, 1.0, 1.0
0.0, 0.0, 0.0, 1.0, 1.0, 1.0  
0.0, 0.0, 0.0, 1.0, 1.0, 1.0  
-----------------------------------------------------------------
*element
Quad9E  !Element for patch 1
Quad9E  !Element for patch 2
*bnet     
0.000000E+000 1.000000E+001 1.000000E+000
-2.500000E+000 1.000000E+001 1.000000E+000
-7.500000E+000 1.000000E+001 1.000000E+000
-1.000000E+001 1.000000E+001 1.000000E+000
0.000000E+000 1.000000E+001 9.267767E-001
-2.500000E+000 9.523141E+000 9.267767E-001
-7.500000E+000 8.569423E+000 9.267767E-001
-1.000000E+001 8.092564E+000 9.267767E-001
0.000000E+000 1.000000E+001 8.535534E-001
-2.133883E+000 8.598350E+000 8.535534E-001
-6.401650E+000 5.795049E+000 8.535534E-001
-8.535534E+000 4.393398E+000 8.535534E-001
0.000000E+000 1.000000E+001 8.535534E-001
-1.401650E+000 7.866117E+000 8.535534E-001
-4.204951E+000 3.598350E+000 8.535534E-001
-5.606602E+000 1.464466E+000 8.535534E-001
0.000000E+000 1.000000E+001 9.267767E-001
-4.768589E-001 7.500000E+000 9.267767E-001
-1.430577E+000 2.500000E+000 9.267767E-001
-1.907436E+000 0.000000E+000 9.267767E-001
0.000000E+000 1.000000E+001 1.000000E+000
0.000000E+000 7.500000E+000 1.000000E+000
0.000000E+000 2.500000E+000 1.000000E+000
0.000000E+000 0.000000E+000 1.000000E+000
0.000000E+000 1.000000E+001 9.267767E-001
4.768589E-001 7.500000E+000 9.267767E-001
1.430577E+000 2.500000E+000 9.267767E-001
1.907436E+000 0.000000E+000 9.267767E-001
0.000000E+000 1.000000E+001 8.535534E-001
1.401650E+000 7.866117E+000 8.535534E-001
4.204951E+000 3.598350E+000 8.535534E-001
5.606602E+000 1.464466E+000 8.535534E-001
0.000000E+000 1.000000E+001 8.535534E-001
2.133883E+000 8.598350E+000 8.535534E-001
6.401650E+000 5.795049E+000 8.535534E-001
8.535534E+000 4.393398E+000 8.535534E-001
0.000000E+000 1.000000E+001 9.267767E-001
2.500000E+000 9.523141E+000 9.267767E-001
7.500000E+000 8.569423E+000 9.267767E-001
1.000000E+001 8.092564E+000 9.267767E-001
0.000000E+000 1.000000E+001 1.000000E+000
2.500000E+000 1.000000E+001 1.000000E+000
7.500000E+000 1.000000E+001 1.000000E+000
1.000000E+001 1.000000E+001 1.000000E+000
-1.000000E+001 -2.000000E+000 1.000000E+000  !Rigid Body
-1.000000E+001 -1.000000E+000 1.000000E+000
-1.000000E+001  0.000000E+000 1.000000E+000
 0.000000E+000 -2.000000E+000 1.000000E+000
 0.000000E+000 -1.000000E+000 1.000000E+000
 0.000000E+000  0.000000E+000 1.000000E+000
 1.000000E+001 -2.000000E+000 1.000000E+000
 1.000000E+001 -1.000000E+000 1.000000E+000
 1.000000E+001  0.000000E+000 1.000000E+000
-----------------------------------------------------------------
*MP_conn
   1   25   24   23   14   13   12    3    2    1
   2   26   25   24   15   14   13    4    3    2
   3   27   26   25   16   15   14    5    4    3
   4   28   27   26   17   16   15    6    5    4
   5   30   29   28   19   18   17    8    7    6
   6   31   30   29   20   19   18    9    8    7
   7   32   31   30   21   20   19   10    9    8
   8   33   32   31   22   21   20   11   10    9
   9   36   35   34   25   24   23   14   13   12
  10   37   36   35   26   25   24   15   14   13
  11   38   37   36   27   26   25   16   15   14
  12   39   38   37   28   27   26   17   16   15
  13   41   40   39   30   29   28   19   18   17
  14   42   41   40   31   30   29   20   19   18
  15   43   42   41   32   31   30   21   20   19
  16   44   43   42   33   32   31   22   21   20
51	53	52	51	50	49	48	47	46	45
-----------------------------------------------------------------
*material
5
 30.0e6, 0.3, 1.0, 0.0, 1.0e25
30.0e10, 0.3, 1.0, 0.0, 1.0e25
-----------------------------------------------------------------
*ContactPTS
*Master
2
3
0.0, 0.0, 0.0, 1.0, 1.0, 1.0
51, 52, 53
*Slave
2
11
0.0, 0.0, 0.0, 0.125, 0.25, 0.375, 0.5, 0.5, 0.625, 0.75, 0.875 1.0, 1.0, 1.0
44	43	42	41	40	39	38	37	36	35	34
-----------------------------------------------------------------
*Multistep
1
*step
*increment
1
*iteration
100
*bcdof
29
1	,	1
2	,	1
3	,	1
4	,	1
5	,	1
6	,	1
7	,	1
8	,	1
9	,	1
10	,	1
11	,	1
45	,	1
46	,	1
47	,	1
48	,	1
49	,	1
50	,	1
51	,	1
52	,	1
53	,	1
45	,	2
46	,	2
47	,	2
48	,	2
49	,	2
50	,	2
51	,	2
52	,	2
53	,	2
*dispdof
17
1	,	2	,	-0.4
2	,	2	,	-0.4
3	,	2	,	-0.4
4	,	2	,	-0.4
5	,	2	,	-0.4
6	,	2	,	-0.4
7	,	2	,	-0.4
8	,	2	,	-0.4
9	,	2	,	-0.4
10	,	2	,	-0.4
11	,	2	,	-0.4
12	,	2	,	-0.4
22	,	2	,	-0.4
23	,	2	,	-0.4
33	,	2	,	-0.4
34	,	2	,	-0.4
44	,	2	,	-0.4
*endstep
*end
