!----------------------------------------------------------------
!
! Hertz Problem
!
!----------------------------------------------------------------
*begin_MP
2       !number of patches
2       !problem dimension
2, 2	!degree of each dimension patch1
2, 2    !degree of each dimension patch2
34, 18  !control points in each direction patch1
3, 3    !control points in each direction patch2
0, 0    !open(0) or closed(1) knot vector patch1
0, 0    !open(0) or closed(1) knot vector patch2
621      !total number of control points
-----------------------------------------------------------------
*knots    !knot spans
0.00000	0.00000	0.00000	0.03125	0.06250	0.09375	0.12500	0.15625	0.18750	0.21875	0.25000	0.28125	0.31250	0.34375	0.37500	0.40625	0.43750	0.46875	0.50000	0.53125	0.56250	0.59375	0.62500	0.65625	0.68750	0.71875	0.75000	0.78125	0.81250	0.84375	0.87500	0.90625	0.93750	0.96875	1.00000	1.00000	1.00000
0, 0, 0, 0.0625000000000000, 0.125000000000000, 0.187500000000000, 0.250000000000000, 0.312500000000000, 0.375000000000000, 0.437500000000000, 0.500000000000000, 0.562500000000000, 0.625000000000000, 0.687500000000000, 0.750000000000000, 0.812500000000000, 0.875000000000000, 0.937500000000000, 1, 1, 1
0.0, 0.0, 0.0, 1.0, 1.0, 1.0  
0.0, 0.0, 0.0, 1.0, 1.0, 1.0  
-----------------------------------------------------------------
*element
Quad9E  !Element for patch 1
Quad9E  !Element for patch 2
*bnet     
0.000000E+000 1.000000E+001 1.000000E+000
0.000000E+000 9.687500E+000 1.000000E+000
0.000000E+000 9.062500E+000 1.000000E+000
0.000000E+000 8.437500E+000 1.000000E+000
0.000000E+000 7.812500E+000 1.000000E+000
0.000000E+000 7.187500E+000 1.000000E+000
0.000000E+000 6.562500E+000 1.000000E+000
0.000000E+000 5.937500E+000 1.000000E+000
0.000000E+000 5.312500E+000 1.000000E+000
0.000000E+000 4.687500E+000 1.000000E+000
0.000000E+000 4.062500E+000 1.000000E+000
0.000000E+000 3.437500E+000 1.000000E+000
0.000000E+000 2.812500E+000 1.000000E+000
0.000000E+000 2.187500E+000 1.000000E+000
0.000000E+000 1.562500E+000 1.000000E+000
0.000000E+000 9.375000E-001 1.000000E+000
0.000000E+000 3.125000E-001 1.000000E+000
0.000000E+000 0.000000E+000 1.000000E+000
0.000000E+000 1.000000E+001 9.908471E-001
6.969127E-003 9.687500E+000 9.908471E-001
2.090738E-002 9.062500E+000 9.908471E-001
3.484564E-002 8.437500E+000 9.908471E-001
4.878389E-002 7.812500E+000 9.908471E-001
6.272215E-002 7.187500E+000 9.908471E-001
7.666040E-002 6.562500E+000 9.908471E-001
9.059866E-002 5.937500E+000 9.908471E-001
1.045369E-001 5.312500E+000 9.908471E-001
1.184752E-001 4.687500E+000 9.908471E-001
1.324134E-001 4.062500E+000 9.908471E-001
1.463517E-001 3.437500E+000 9.908471E-001
1.602899E-001 2.812500E+000 9.908471E-001
1.742282E-001 2.187500E+000 9.908471E-001
1.881664E-001 1.562500E+000 9.908471E-001
2.021047E-001 9.375000E-001 9.908471E-001
2.160430E-001 3.125000E-001 9.908471E-001
2.230121E-001 0.000000E+000 9.908471E-001
0.000000E+000 1.000000E+001 9.736854E-001
2.101624E-002 9.688127E+000 9.736854E-001
6.304871E-002 9.064381E+000 9.736854E-001
1.050812E-001 8.440634E+000 9.736854E-001
1.471137E-001 7.816888E+000 9.736854E-001
1.891461E-001 7.193142E+000 9.736854E-001
2.311786E-001 6.569395E+000 9.736854E-001
2.732111E-001 5.945649E+000 9.736854E-001
3.152436E-001 5.321903E+000 9.736854E-001
3.572760E-001 4.698156E+000 9.736854E-001
3.993085E-001 4.074410E+000 9.736854E-001
4.413410E-001 3.450664E+000 9.736854E-001
4.833735E-001 2.826917E+000 9.736854E-001
5.254059E-001 2.203171E+000 9.736854E-001
5.674384E-001 1.579425E+000 9.736854E-001
6.094709E-001 9.556786E-001 9.736854E-001
6.515034E-001 3.319323E-001 9.736854E-001
6.725196E-001 2.005910E-002 9.736854E-001
0.000000E+000 1.000000E+001 9.576678E-001
3.526092E-002 9.689412E+000 9.576678E-001
1.057828E-001 9.068236E+000 9.576678E-001
1.763046E-001 8.447060E+000 9.576678E-001
2.468265E-001 7.825884E+000 9.576678E-001
3.173483E-001 7.204708E+000 9.576678E-001
3.878702E-001 6.583532E+000 9.576678E-001
4.583920E-001 5.962356E+000 9.576678E-001
5.289139E-001 5.341180E+000 9.576678E-001
5.994357E-001 4.720004E+000 9.576678E-001
6.699576E-001 4.098828E+000 9.576678E-001
7.404794E-001 3.477652E+000 9.576678E-001
8.110012E-001 2.856476E+000 9.576678E-001
8.815231E-001 2.235300E+000 9.576678E-001
9.520449E-001 1.614124E+000 9.576678E-001
1.022567E+000 9.929478E-001 9.576678E-001
1.093089E+000 3.717718E-001 9.576678E-001
1.128350E+000 6.118380E-002 9.576678E-001
0.000000E+000 1.000000E+001 9.427943E-001
4.966140E-002 9.691384E+000 9.427943E-001
1.489842E-001 9.074153E+000 9.427943E-001
2.483070E-001 8.456922E+000 9.427943E-001
3.476298E-001 7.839690E+000 9.427943E-001
4.469526E-001 7.222459E+000 9.427943E-001
5.462754E-001 6.605227E+000 9.427943E-001
6.455982E-001 5.987996E+000 9.427943E-001
7.449210E-001 5.370765E+000 9.427943E-001
8.442438E-001 4.753533E+000 9.427943E-001
9.435666E-001 4.136302E+000 9.427943E-001
1.042889E+000 3.519071E+000 9.427943E-001
1.142212E+000 2.901839E+000 9.427943E-001
1.241535E+000 2.284608E+000 9.427943E-001
1.340858E+000 1.667376E+000 9.427943E-001
1.440181E+000 1.050145E+000 9.427943E-001
1.539503E+000 4.329137E-001 9.427943E-001
1.589165E+000 1.242981E-001 9.427943E-001
0.000000E+000 1.000000E+001 9.290649E-001
6.417194E-002 9.694070E+000 9.290649E-001
1.925158E-001 9.082209E+000 9.290649E-001
3.208597E-001 8.470348E+000 9.290649E-001
4.492036E-001 7.858487E+000 9.290649E-001
5.775475E-001 7.246626E+000 9.290649E-001
7.058913E-001 6.634765E+000 9.290649E-001
8.342352E-001 6.022904E+000 9.290649E-001
9.625791E-001 5.411043E+000 9.290649E-001
1.090923E+000 4.799182E+000 9.290649E-001
1.219267E+000 4.187321E+000 9.290649E-001
1.347611E+000 3.575460E+000 9.290649E-001
1.475955E+000 2.963599E+000 9.290649E-001
1.604298E+000 2.351738E+000 9.290649E-001
1.732642E+000 1.739877E+000 9.290649E-001
1.860986E+000 1.128016E+000 9.290649E-001
1.989330E+000 5.161553E-001 9.290649E-001
2.053502E+000 2.102248E-001 9.290649E-001
0.000000E+000 1.000000E+001 9.164797E-001
7.874315E-002 9.697490E+000 9.164797E-001
2.362295E-001 9.092469E+000 9.164797E-001
3.937158E-001 8.487448E+000 9.164797E-001
5.512021E-001 7.882427E+000 9.164797E-001
7.086884E-001 7.277406E+000 9.164797E-001
8.661747E-001 6.672386E+000 9.164797E-001
1.023661E+000 6.067365E+000 9.164797E-001
1.181147E+000 5.462344E+000 9.164797E-001
1.338634E+000 4.857323E+000 9.164797E-001
1.496120E+000 4.252303E+000 9.164797E-001
1.653606E+000 3.647282E+000 9.164797E-001
1.811092E+000 3.042261E+000 9.164797E-001
1.968579E+000 2.437240E+000 9.164797E-001
2.126065E+000 1.832219E+000 9.164797E-001
2.283551E+000 1.227199E+000 9.164797E-001
2.441038E+000 6.221779E-001 9.164797E-001
2.519781E+000 3.196675E-001 9.164797E-001
0.000000E+000 1.000000E+001 9.050385E-001
9.332231E-002 9.701662E+000 9.050385E-001
2.799669E-001 9.104987E+000 9.050385E-001
4.666115E-001 8.508311E+000 9.050385E-001
6.532561E-001 7.911636E+000 9.050385E-001
8.399007E-001 7.314960E+000 9.050385E-001
1.026545E+000 6.718285E+000 9.050385E-001
1.213190E+000 6.121609E+000 9.050385E-001
1.399835E+000 5.524934E+000 9.050385E-001
1.586479E+000 4.928258E+000 9.050385E-001
1.773124E+000 4.331583E+000 9.050385E-001
1.959768E+000 3.734907E+000 9.050385E-001
2.146413E+000 3.138232E+000 9.050385E-001
2.333058E+000 2.541556E+000 9.050385E-001
2.519702E+000 1.944881E+000 9.050385E-001
2.706347E+000 1.348205E+000 9.050385E-001
2.892991E+000 7.515298E-001 9.050385E-001
2.986314E+000 4.531920E-001 9.050385E-001
0.000000E+000 1.000000E+001 8.947415E-001
1.078538E-001 9.706600E+000 8.947415E-001
3.235613E-001 9.119801E+000 8.947415E-001
5.392689E-001 8.533002E+000 8.947415E-001
7.549764E-001 7.946202E+000 8.947415E-001
9.706840E-001 7.359403E+000 8.947415E-001
1.186392E+000 6.772603E+000 8.947415E-001
1.402099E+000 6.185804E+000 8.947415E-001
1.617807E+000 5.599005E+000 8.947415E-001
1.833514E+000 5.012205E+000 8.947415E-001
2.049222E+000 4.425406E+000 8.947415E-001
2.264929E+000 3.838607E+000 8.947415E-001
2.480637E+000 3.251807E+000 8.947415E-001
2.696344E+000 2.665008E+000 8.947415E-001
2.912052E+000 2.078208E+000 8.947415E-001
3.127760E+000 1.491409E+000 8.947415E-001
3.343467E+000 9.046097E-001 8.947415E-001
3.451321E+000 6.112101E-001 8.947415E-001
0.000000E+000 1.000000E+001 8.855886E-001
1.222796E-001 9.712311E+000 8.855886E-001
3.668387E-001 9.136934E+000 8.855886E-001
6.113979E-001 8.561557E+000 8.855886E-001
8.559571E-001 7.986180E+000 8.855886E-001
1.100516E+000 7.410802E+000 8.855886E-001
1.345075E+000 6.835425E+000 8.855886E-001
1.589635E+000 6.260048E+000 8.855886E-001
1.834194E+000 5.684670E+000 8.855886E-001
2.078753E+000 5.109293E+000 8.855886E-001
2.323312E+000 4.533916E+000 8.855886E-001
2.567871E+000 3.958539E+000 8.855886E-001
2.812430E+000 3.383161E+000 8.855886E-001
3.056990E+000 2.807784E+000 8.855886E-001
3.301549E+000 2.232407E+000 8.855886E-001
3.546108E+000 1.657029E+000 8.855886E-001
3.790667E+000 1.081652E+000 8.855886E-001
3.912947E+000 7.939635E-001 8.855886E-001
0.000000E+000 1.000000E+001 8.775798E-001
1.365400E-001 9.718797E+000 8.775798E-001
4.096200E-001 9.156392E+000 8.775798E-001
6.827000E-001 8.593986E+000 8.775798E-001
9.557800E-001 8.031581E+000 8.775798E-001
1.228860E+000 7.469175E+000 8.775798E-001
1.501940E+000 6.906770E+000 8.775798E-001
1.775020E+000 6.344364E+000 8.775798E-001
2.048100E+000 5.781959E+000 8.775798E-001
2.321180E+000 5.219553E+000 8.775798E-001
2.594260E+000 4.657147E+000 8.775798E-001
2.867340E+000 4.094742E+000 8.775798E-001
3.140420E+000 3.532336E+000 8.775798E-001
3.413500E+000 2.969931E+000 8.775798E-001
3.686580E+000 2.407525E+000 8.775798E-001
3.959660E+000 1.845120E+000 8.775798E-001
4.232740E+000 1.282714E+000 8.775798E-001
4.369280E+000 1.001512E+000 8.775798E-001
0.000000E+000 1.000000E+001 8.707151E-001
1.505742E-001 9.726054E+000 8.707151E-001
4.517227E-001 9.178161E+000 8.707151E-001
7.528712E-001 8.630269E+000 8.707151E-001
1.054020E+000 8.082376E+000 8.707151E-001
1.355168E+000 7.534484E+000 8.707151E-001
1.656317E+000 6.986591E+000 8.707151E-001
1.957465E+000 6.438699E+000 8.707151E-001
2.258613E+000 5.890806E+000 8.707151E-001
2.559762E+000 5.342914E+000 8.707151E-001
2.860910E+000 4.795021E+000 8.707151E-001
3.162059E+000 4.247129E+000 8.707151E-001
3.463207E+000 3.699236E+000 8.707151E-001
3.764356E+000 3.151344E+000 8.707151E-001
4.065504E+000 2.603451E+000 8.707151E-001
4.366653E+000 2.055559E+000 8.707151E-001
4.667801E+000 1.507666E+000 8.707151E-001
4.818375E+000 1.233720E+000 8.707151E-001
0.000000E+000 1.000000E+001 8.649945E-001
1.643212E-001 9.734070E+000 8.649945E-001
4.929637E-001 9.202211E+000 8.649945E-001
8.216061E-001 8.670352E+000 8.649945E-001
1.150249E+000 8.138493E+000 8.649945E-001
1.478891E+000 7.606634E+000 8.649945E-001
1.807534E+000 7.074775E+000 8.649945E-001
2.136176E+000 6.542916E+000 8.649945E-001
2.464818E+000 6.011057E+000 8.649945E-001
2.793461E+000 5.479198E+000 8.649945E-001
3.122103E+000 4.947339E+000 8.649945E-001
3.450746E+000 4.415480E+000 8.649945E-001
3.779388E+000 3.883621E+000 8.649945E-001
4.108031E+000 3.351762E+000 8.649945E-001
4.436673E+000 2.819903E+000 8.649945E-001
4.765316E+000 2.288044E+000 8.649945E-001
5.093958E+000 1.756185E+000 8.649945E-001
5.258279E+000 1.490255E+000 8.649945E-001
0.000000E+000 1.000000E+001 8.604181E-001
1.777204E-001 9.742831E+000 8.604181E-001
5.331612E-001 9.228492E+000 8.604181E-001
8.886020E-001 8.714153E+000 8.604181E-001
1.244043E+000 8.199814E+000 8.604181E-001
1.599484E+000 7.685475E+000 8.604181E-001
1.954924E+000 7.171136E+000 8.604181E-001
2.310365E+000 6.656797E+000 8.604181E-001
2.665806E+000 6.142459E+000 8.604181E-001
3.021247E+000 5.628120E+000 8.604181E-001
3.376688E+000 5.113781E+000 8.604181E-001
3.732129E+000 4.599442E+000 8.604181E-001
4.087569E+000 4.085103E+000 8.604181E-001
4.443010E+000 3.570764E+000 8.604181E-001
4.798451E+000 3.056425E+000 8.604181E-001
5.153892E+000 2.542087E+000 8.604181E-001
5.509333E+000 2.027748E+000 8.604181E-001
5.687053E+000 1.770578E+000 8.604181E-001
0.000000E+000 1.000000E+001 8.569857E-001
1.907125E-001 9.752311E+000 8.569857E-001
5.721376E-001 9.256933E+000 8.569857E-001
9.535627E-001 8.761554E+000 8.569857E-001
1.334988E+000 8.266176E+000 8.569857E-001
1.716413E+000 7.770798E+000 8.569857E-001
2.097838E+000 7.275420E+000 8.569857E-001
2.479263E+000 6.780041E+000 8.569857E-001
2.860688E+000 6.284663E+000 8.569857E-001
3.242113E+000 5.789285E+000 8.569857E-001
3.623538E+000 5.293907E+000 8.569857E-001
4.004963E+000 4.798528E+000 8.569857E-001
4.386388E+000 4.303150E+000 8.569857E-001
4.767813E+000 3.807772E+000 8.569857E-001
5.149239E+000 3.312394E+000 8.569857E-001
5.530664E+000 2.817015E+000 8.569857E-001
5.912089E+000 2.321637E+000 8.569857E-001
6.102801E+000 2.073948E+000 8.569857E-001
0.000000E+000 1.000000E+001 8.546975E-001
2.032405E-001 9.762482E+000 8.546975E-001
6.097216E-001 9.287446E+000 8.546975E-001
1.016203E+000 8.812410E+000 8.546975E-001
1.422684E+000 8.337374E+000 8.546975E-001
1.829165E+000 7.862338E+000 8.546975E-001
2.235646E+000 7.387302E+000 8.546975E-001
2.642127E+000 6.912266E+000 8.546975E-001
3.048608E+000 6.437230E+000 8.546975E-001
3.455089E+000 5.962194E+000 8.546975E-001
3.861570E+000 5.487158E+000 8.546975E-001
4.268051E+000 5.012122E+000 8.546975E-001
4.674532E+000 4.537086E+000 8.546975E-001
5.081013E+000 4.062050E+000 8.546975E-001
5.487495E+000 3.587014E+000 8.546975E-001
5.893976E+000 3.111978E+000 8.546975E-001
6.300457E+000 2.636941E+000 8.546975E-001
6.503697E+000 2.399423E+000 8.546975E-001
0.000000E+000 1.000000E+001 8.535534E-001
2.152503E-001 9.773309E+000 8.535534E-001
6.457509E-001 9.319926E+000 8.535534E-001
1.076251E+000 8.866543E+000 8.535534E-001
1.506752E+000 8.413160E+000 8.535534E-001
1.937253E+000 7.959777E+000 8.535534E-001
2.367753E+000 7.506394E+000 8.535534E-001
2.798254E+000 7.053011E+000 8.535534E-001
3.228754E+000 6.599628E+000 8.535534E-001
3.659255E+000 6.146246E+000 8.535534E-001
4.089756E+000 5.692863E+000 8.535534E-001
4.520256E+000 5.239480E+000 8.535534E-001
4.950757E+000 4.786097E+000 8.535534E-001
5.381257E+000 4.332714E+000 8.535534E-001
5.811758E+000 3.879331E+000 8.535534E-001
6.242259E+000 3.425948E+000 8.535534E-001
6.672759E+000 2.972565E+000 8.535534E-001
6.888010E+000 2.745874E+000 8.535534E-001
0.000000E+000 1.000000E+001 8.535534E-001
2.266914E-001 9.784750E+000 8.535534E-001
6.800743E-001 9.354249E+000 8.535534E-001
1.133457E+000 8.923749E+000 8.535534E-001
1.586840E+000 8.493248E+000 8.535534E-001
2.040223E+000 8.062747E+000 8.535534E-001
2.493606E+000 7.632247E+000 8.535534E-001
2.946989E+000 7.201746E+000 8.535534E-001
3.400372E+000 6.771246E+000 8.535534E-001
3.853754E+000 6.340745E+000 8.535534E-001
4.307137E+000 5.910244E+000 8.535534E-001
4.760520E+000 5.479744E+000 8.535534E-001
5.213903E+000 5.049243E+000 8.535534E-001
5.667286E+000 4.618743E+000 8.535534E-001
6.120669E+000 4.188242E+000 8.535534E-001
6.574052E+000 3.757741E+000 8.535534E-001
7.027435E+000 3.327241E+000 8.535534E-001
7.254126E+000 3.111990E+000 8.535534E-001
0.000000E+000 1.000000E+001 8.546975E-001
2.375180E-001 9.796759E+000 8.546975E-001
7.125540E-001 9.390278E+000 8.546975E-001
1.187590E+000 8.983797E+000 8.546975E-001
1.662626E+000 8.577316E+000 8.546975E-001
2.137662E+000 8.170835E+000 8.546975E-001
2.612698E+000 7.764354E+000 8.546975E-001
3.087734E+000 7.357873E+000 8.546975E-001
3.562770E+000 6.951392E+000 8.546975E-001
4.037806E+000 6.544911E+000 8.546975E-001
4.512842E+000 6.138430E+000 8.546975E-001
4.987878E+000 5.731949E+000 8.546975E-001
5.462914E+000 5.325468E+000 8.546975E-001
5.937950E+000 4.918987E+000 8.546975E-001
6.412986E+000 4.512505E+000 8.546975E-001
6.888022E+000 4.106024E+000 8.546975E-001
7.363059E+000 3.699543E+000 8.546975E-001
7.600577E+000 3.496303E+000 8.546975E-001
0.000000E+000 1.000000E+001 8.569857E-001
2.476891E-001 9.809287E+000 8.569857E-001
7.430674E-001 9.427862E+000 8.569857E-001
1.238446E+000 9.046437E+000 8.569857E-001
1.733824E+000 8.665012E+000 8.569857E-001
2.229202E+000 8.283587E+000 8.569857E-001
2.724580E+000 7.902162E+000 8.569857E-001
3.219959E+000 7.520737E+000 8.569857E-001
3.715337E+000 7.139312E+000 8.569857E-001
4.210715E+000 6.757887E+000 8.569857E-001
4.706093E+000 6.376462E+000 8.569857E-001
5.201472E+000 5.995037E+000 8.569857E-001
5.696850E+000 5.613612E+000 8.569857E-001
6.192228E+000 5.232187E+000 8.569857E-001
6.687606E+000 4.850761E+000 8.569857E-001
7.182985E+000 4.469336E+000 8.569857E-001
7.678363E+000 4.087911E+000 8.569857E-001
7.926052E+000 3.897199E+000 8.569857E-001
0.000000E+000 1.000000E+001 8.604181E-001
2.571694E-001 9.822280E+000 8.604181E-001
7.715083E-001 9.466839E+000 8.604181E-001
1.285847E+000 9.111398E+000 8.604181E-001
1.800186E+000 8.755957E+000 8.604181E-001
2.314525E+000 8.400516E+000 8.604181E-001
2.828864E+000 8.045076E+000 8.604181E-001
3.343203E+000 7.689635E+000 8.604181E-001
3.857541E+000 7.334194E+000 8.604181E-001
4.371880E+000 6.978753E+000 8.604181E-001
4.886219E+000 6.623312E+000 8.604181E-001
5.400558E+000 6.267871E+000 8.604181E-001
5.914897E+000 5.912431E+000 8.604181E-001
6.429236E+000 5.556990E+000 8.604181E-001
6.943575E+000 5.201549E+000 8.604181E-001
7.457913E+000 4.846108E+000 8.604181E-001
7.972252E+000 4.490667E+000 8.604181E-001
8.229422E+000 4.312947E+000 8.604181E-001
0.000000E+000 1.000000E+001 8.649945E-001
2.659295E-001 9.835679E+000 8.649945E-001
7.977886E-001 9.507036E+000 8.649945E-001
1.329648E+000 9.178394E+000 8.649945E-001
1.861507E+000 8.849751E+000 8.649945E-001
2.393366E+000 8.521109E+000 8.649945E-001
2.925225E+000 8.192466E+000 8.649945E-001
3.457084E+000 7.863824E+000 8.649945E-001
3.988943E+000 7.535182E+000 8.649945E-001
4.520802E+000 7.206539E+000 8.649945E-001
5.052661E+000 6.877897E+000 8.649945E-001
5.584520E+000 6.549254E+000 8.649945E-001
6.116379E+000 6.220612E+000 8.649945E-001
6.648238E+000 5.891969E+000 8.649945E-001
7.180097E+000 5.563327E+000 8.649945E-001
7.711956E+000 5.234684E+000 8.649945E-001
8.243815E+000 4.906042E+000 8.649945E-001
8.509745E+000 4.741721E+000 8.649945E-001
0.000000E+000 1.000000E+001 8.707151E-001
2.739462E-001 9.849426E+000 8.707151E-001
8.218387E-001 9.548277E+000 8.707151E-001
1.369731E+000 9.247129E+000 8.707151E-001
1.917624E+000 8.945980E+000 8.707151E-001
2.465516E+000 8.644832E+000 8.707151E-001
3.013409E+000 8.343683E+000 8.707151E-001
3.561301E+000 8.042535E+000 8.707151E-001
4.109194E+000 7.741387E+000 8.707151E-001
4.657086E+000 7.440238E+000 8.707151E-001
5.204979E+000 7.139090E+000 8.707151E-001
5.752871E+000 6.837941E+000 8.707151E-001
6.300764E+000 6.536793E+000 8.707151E-001
6.848656E+000 6.235644E+000 8.707151E-001
7.396549E+000 5.934496E+000 8.707151E-001
7.944441E+000 5.633347E+000 8.707151E-001
8.492334E+000 5.332199E+000 8.707151E-001
8.766280E+000 5.181625E+000 8.707151E-001
0.000000E+000 1.000000E+001 8.775798E-001
2.812028E-001 9.863460E+000 8.775798E-001
8.436083E-001 9.590380E+000 8.775798E-001
1.406014E+000 9.317300E+000 8.775798E-001
1.968419E+000 9.044220E+000 8.775798E-001
2.530825E+000 8.771140E+000 8.775798E-001
3.093230E+000 8.498060E+000 8.775798E-001
3.655636E+000 8.224980E+000 8.775798E-001
4.218041E+000 7.951900E+000 8.775798E-001
4.780447E+000 7.678820E+000 8.775798E-001
5.342853E+000 7.405740E+000 8.775798E-001
5.905258E+000 7.132660E+000 8.775798E-001
6.467664E+000 6.859580E+000 8.775798E-001
7.030069E+000 6.586500E+000 8.775798E-001
7.592475E+000 6.313420E+000 8.775798E-001
8.154880E+000 6.040340E+000 8.775798E-001
8.717286E+000 5.767260E+000 8.775798E-001
8.998488E+000 5.630720E+000 8.775798E-001
0.000000E+000 1.000000E+001 8.855886E-001
2.876886E-001 9.877720E+000 8.855886E-001
8.630659E-001 9.633161E+000 8.855886E-001
1.438443E+000 9.388602E+000 8.855886E-001
2.013820E+000 9.144043E+000 8.855886E-001
2.589198E+000 8.899484E+000 8.855886E-001
3.164575E+000 8.654925E+000 8.855886E-001
3.739952E+000 8.410365E+000 8.855886E-001
4.315330E+000 8.165806E+000 8.855886E-001
4.890707E+000 7.921247E+000 8.855886E-001
5.466084E+000 7.676688E+000 8.855886E-001
6.041461E+000 7.432129E+000 8.855886E-001
6.616839E+000 7.187570E+000 8.855886E-001
7.192216E+000 6.943010E+000 8.855886E-001
7.767593E+000 6.698451E+000 8.855886E-001
8.342971E+000 6.453892E+000 8.855886E-001
8.918348E+000 6.209333E+000 8.855886E-001
9.206037E+000 6.087053E+000 8.855886E-001
0.000000E+000 1.000000E+001 8.947415E-001
2.933997E-001 9.892146E+000 8.947415E-001
8.801991E-001 9.676439E+000 8.947415E-001
1.466998E+000 9.460731E+000 8.947415E-001
2.053798E+000 9.245024E+000 8.947415E-001
2.640597E+000 9.029316E+000 8.947415E-001
3.227397E+000 8.813608E+000 8.947415E-001
3.814196E+000 8.597901E+000 8.947415E-001
4.400995E+000 8.382193E+000 8.947415E-001
4.987795E+000 8.166486E+000 8.947415E-001
5.574594E+000 7.950778E+000 8.947415E-001
6.161393E+000 7.735071E+000 8.947415E-001
6.748193E+000 7.519363E+000 8.947415E-001
7.334992E+000 7.303656E+000 8.947415E-001
7.921792E+000 7.087948E+000 8.947415E-001
8.508591E+000 6.872240E+000 8.947415E-001
9.095390E+000 6.656533E+000 8.947415E-001
9.388790E+000 6.548679E+000 8.947415E-001
0.000000E+000 1.000000E+001 9.050385E-001
2.983377E-001 9.906678E+000 9.050385E-001
8.950132E-001 9.720033E+000 9.050385E-001
1.491689E+000 9.533388E+000 9.050385E-001
2.088364E+000 9.346744E+000 9.050385E-001
2.685040E+000 9.160099E+000 9.050385E-001
3.281715E+000 8.973455E+000 9.050385E-001
3.878391E+000 8.786810E+000 9.050385E-001
4.475066E+000 8.600165E+000 9.050385E-001
5.071742E+000 8.413521E+000 9.050385E-001
5.668417E+000 8.226876E+000 9.050385E-001
6.265093E+000 8.040232E+000 9.050385E-001
6.861768E+000 7.853587E+000 9.050385E-001
7.458444E+000 7.666942E+000 9.050385E-001
8.055119E+000 7.480298E+000 9.050385E-001
8.651795E+000 7.293653E+000 9.050385E-001
9.248470E+000 7.107009E+000 9.050385E-001
9.546808E+000 7.013686E+000 9.050385E-001
0.000000E+000 1.000000E+001 9.164797E-001
3.025104E-001 9.921257E+000 9.164797E-001
9.075312E-001 9.763771E+000 9.164797E-001
1.512552E+000 9.606284E+000 9.164797E-001
2.117573E+000 9.448798E+000 9.164797E-001
2.722594E+000 9.291312E+000 9.164797E-001
3.327614E+000 9.133825E+000 9.164797E-001
3.932635E+000 8.976339E+000 9.164797E-001
4.537656E+000 8.818853E+000 9.164797E-001
5.142677E+000 8.661366E+000 9.164797E-001
5.747697E+000 8.503880E+000 9.164797E-001
6.352718E+000 8.346394E+000 9.164797E-001
6.957739E+000 8.188908E+000 9.164797E-001
7.562760E+000 8.031421E+000 9.164797E-001
8.167781E+000 7.873935E+000 9.164797E-001
8.772801E+000 7.716449E+000 9.164797E-001
9.377822E+000 7.558962E+000 9.164797E-001
9.680333E+000 7.480219E+000 9.164797E-001
0.000000E+000 1.000000E+001 9.290649E-001
3.059305E-001 9.935828E+000 9.290649E-001
9.177914E-001 9.807484E+000 9.290649E-001
1.529652E+000 9.679140E+000 9.290649E-001
2.141513E+000 9.550796E+000 9.290649E-001
2.753374E+000 9.422453E+000 9.290649E-001
3.365235E+000 9.294109E+000 9.290649E-001
3.977096E+000 9.165765E+000 9.290649E-001
4.588957E+000 9.037421E+000 9.290649E-001
5.200818E+000 8.909077E+000 9.290649E-001
5.812679E+000 8.780733E+000 9.290649E-001
6.424540E+000 8.652389E+000 9.290649E-001
7.036401E+000 8.524045E+000 9.290649E-001
7.648262E+000 8.395702E+000 9.290649E-001
8.260123E+000 8.267358E+000 9.290649E-001
8.871984E+000 8.139014E+000 9.290649E-001
9.483845E+000 8.010670E+000 9.290649E-001
9.789775E+000 7.946498E+000 9.290649E-001
0.000000E+000 1.000000E+001 9.427943E-001
3.086157E-001 9.950339E+000 9.427943E-001
9.258471E-001 9.851016E+000 9.427943E-001
1.543078E+000 9.751693E+000 9.427943E-001
2.160310E+000 9.652370E+000 9.427943E-001
2.777541E+000 9.553047E+000 9.427943E-001
3.394773E+000 9.453725E+000 9.427943E-001
4.012004E+000 9.354402E+000 9.427943E-001
4.629235E+000 9.255079E+000 9.427943E-001
5.246467E+000 9.155756E+000 9.427943E-001
5.863698E+000 9.056433E+000 9.427943E-001
6.480929E+000 8.957111E+000 9.427943E-001
7.098161E+000 8.857788E+000 9.427943E-001
7.715392E+000 8.758465E+000 9.427943E-001
8.332624E+000 8.659142E+000 9.427943E-001
8.949855E+000 8.559819E+000 9.427943E-001
9.567086E+000 8.460497E+000 9.427943E-001
9.875702E+000 8.410835E+000 9.427943E-001
0.000000E+000 1.000000E+001 9.576678E-001
3.105880E-001 9.964739E+000 9.576678E-001
9.317640E-001 9.894217E+000 9.576678E-001
1.552940E+000 9.823695E+000 9.576678E-001
2.174116E+000 9.753174E+000 9.576678E-001
2.795292E+000 9.682652E+000 9.576678E-001
3.416468E+000 9.612130E+000 9.576678E-001
4.037644E+000 9.541608E+000 9.576678E-001
4.658820E+000 9.471086E+000 9.576678E-001
5.279996E+000 9.400564E+000 9.576678E-001
5.901172E+000 9.330042E+000 9.576678E-001
6.522348E+000 9.259521E+000 9.576678E-001
7.143524E+000 9.188999E+000 9.576678E-001
7.764700E+000 9.118477E+000 9.576678E-001
8.385876E+000 9.047955E+000 9.576678E-001
9.007052E+000 8.977433E+000 9.576678E-001
9.628228E+000 8.906911E+000 9.576678E-001
9.938816E+000 8.871650E+000 9.576678E-001
0.000000E+000 1.000000E+001 9.736854E-001
3.118732E-001 9.978984E+000 9.736854E-001
9.356195E-001 9.936951E+000 9.736854E-001
1.559366E+000 9.894919E+000 9.736854E-001
2.183112E+000 9.852886E+000 9.736854E-001
2.806858E+000 9.810854E+000 9.736854E-001
3.430605E+000 9.768821E+000 9.736854E-001
4.054351E+000 9.726789E+000 9.736854E-001
4.678097E+000 9.684756E+000 9.736854E-001
5.301844E+000 9.642724E+000 9.736854E-001
5.925590E+000 9.600691E+000 9.736854E-001
6.549336E+000 9.558659E+000 9.736854E-001
7.173083E+000 9.516627E+000 9.736854E-001
7.796829E+000 9.474594E+000 9.736854E-001
8.420575E+000 9.432562E+000 9.736854E-001
9.044321E+000 9.390529E+000 9.736854E-001
9.668068E+000 9.348497E+000 9.736854E-001
9.979941E+000 9.327480E+000 9.736854E-001
0.000000E+000 1.000000E+001 9.908471E-001
3.125000E-001 9.993031E+000 9.908471E-001
9.375000E-001 9.979093E+000 9.908471E-001
1.562500E+000 9.965154E+000 9.908471E-001
2.187500E+000 9.951216E+000 9.908471E-001
2.812500E+000 9.937278E+000 9.908471E-001
3.437500E+000 9.923340E+000 9.908471E-001
4.062500E+000 9.909401E+000 9.908471E-001
4.687500E+000 9.895463E+000 9.908471E-001
5.312500E+000 9.881525E+000 9.908471E-001
5.937500E+000 9.867587E+000 9.908471E-001
6.562500E+000 9.853648E+000 9.908471E-001
7.187500E+000 9.839710E+000 9.908471E-001
7.812500E+000 9.825772E+000 9.908471E-001
8.437500E+000 9.811834E+000 9.908471E-001
9.062500E+000 9.797895E+000 9.908471E-001
9.687500E+000 9.783957E+000 9.908471E-001
1.000000E+001 9.776988E+000 9.908471E-001
0.000000E+000 1.000000E+001 1.000000E+000
3.125000E-001 1.000000E+001 1.000000E+000
9.375000E-001 1.000000E+001 1.000000E+000
1.562500E+000 1.000000E+001 1.000000E+000
2.187500E+000 1.000000E+001 1.000000E+000
2.812500E+000 1.000000E+001 1.000000E+000
3.437500E+000 1.000000E+001 1.000000E+000
4.062500E+000 1.000000E+001 1.000000E+000
4.687500E+000 1.000000E+001 1.000000E+000
5.312500E+000 1.000000E+001 1.000000E+000
5.937500E+000 1.000000E+001 1.000000E+000
6.562500E+000 1.000000E+001 1.000000E+000
7.187500E+000 1.000000E+001 1.000000E+000
7.812500E+000 1.000000E+001 1.000000E+000
8.437500E+000 1.000000E+001 1.000000E+000
9.062500E+000 1.000000E+001 1.000000E+000
9.687500E+000 1.000000E+001 1.000000E+000
1.000000E+001 1.000000E+001 1.000000E+000
-1.000000E+001 -2.000000E+000 1.000000E+000  !Rigid Body
-1.000000E+001 -1.000000E+000 1.000000E+000
-1.000000E+001  0.000000E+000 1.000000E+000
 0.000000E+000 -2.000000E+000 1.000000E+000
 0.000000E+000 -1.000000E+000 1.000000E+000
 0.000000E+000  0.000000E+000 1.000000E+000
 1.000000E+001 -2.000000E+000 1.000000E+000
 1.000000E+001 -1.000000E+000 1.000000E+000
 1.000000E+001  0.000000E+000 1.000000E+000
-----------------------------------------------------------------
*MP_conn
   1   71   70   69   37   36   35    3    2    1
   2   72   71   70   38   37   36    4    3    2
   3   73   72   71   39   38   37    5    4    3
   4   74   73   72   40   39   38    6    5    4
   5   75   74   73   41   40   39    7    6    5
   6   76   75   74   42   41   40    8    7    6
   7   77   76   75   43   42   41    9    8    7
   8   78   77   76   44   43   42   10    9    8
   9   79   78   77   45   44   43   11   10    9
  10   80   79   78   46   45   44   12   11   10
  11   81   80   79   47   46   45   13   12   11
  12   82   81   80   48   47   46   14   13   12
  13   83   82   81   49   48   47   15   14   13
  14   84   83   82   50   49   48   16   15   14
  15   85   84   83   51   50   49   17   16   15
  16   86   85   84   52   51   50   18   17   16
  17   87   86   85   53   52   51   19   18   17
  18   88   87   86   54   53   52   20   19   18
  19   89   88   87   55   54   53   21   20   19
  20   90   89   88   56   55   54   22   21   20
  21   91   90   89   57   56   55   23   22   21
  22   92   91   90   58   57   56   24   23   22
  23   93   92   91   59   58   57   25   24   23
  24   94   93   92   60   59   58   26   25   24
  25   95   94   93   61   60   59   27   26   25
  26   96   95   94   62   61   60   28   27   26
  27   97   96   95   63   62   61   29   28   27
  28   98   97   96   64   63   62   30   29   28
  29   99   98   97   65   64   63   31   30   29
  30  100   99   98   66   65   64   32   31   30
  31  101  100   99   67   66   65   33   32   31
  32  102  101  100   68   67   66   34   33   32
  33  105  104  103   71   70   69   37   36   35
  34  106  105  104   72   71   70   38   37   36
  35  107  106  105   73   72   71   39   38   37
  36  108  107  106   74   73   72   40   39   38
  37  109  108  107   75   74   73   41   40   39
  38  110  109  108   76   75   74   42   41   40
  39  111  110  109   77   76   75   43   42   41
  40  112  111  110   78   77   76   44   43   42
  41  113  112  111   79   78   77   45   44   43
  42  114  113  112   80   79   78   46   45   44
  43  115  114  113   81   80   79   47   46   45
  44  116  115  114   82   81   80   48   47   46
  45  117  116  115   83   82   81   49   48   47
  46  118  117  116   84   83   82   50   49   48
  47  119  118  117   85   84   83   51   50   49
  48  120  119  118   86   85   84   52   51   50
  49  121  120  119   87   86   85   53   52   51
  50  122  121  120   88   87   86   54   53   52
  51  123  122  121   89   88   87   55   54   53
  52  124  123  122   90   89   88   56   55   54
  53  125  124  123   91   90   89   57   56   55
  54  126  125  124   92   91   90   58   57   56
  55  127  126  125   93   92   91   59   58   57
  56  128  127  126   94   93   92   60   59   58
  57  129  128  127   95   94   93   61   60   59
  58  130  129  128   96   95   94   62   61   60
  59  131  130  129   97   96   95   63   62   61
  60  132  131  130   98   97   96   64   63   62
  61  133  132  131   99   98   97   65   64   63
  62  134  133  132  100   99   98   66   65   64
  63  135  134  133  101  100   99   67   66   65
  64  136  135  134  102  101  100   68   67   66
  65  139  138  137  105  104  103   71   70   69
  66  140  139  138  106  105  104   72   71   70
  67  141  140  139  107  106  105   73   72   71
  68  142  141  140  108  107  106   74   73   72
  69  143  142  141  109  108  107   75   74   73
  70  144  143  142  110  109  108   76   75   74
  71  145  144  143  111  110  109   77   76   75
  72  146  145  144  112  111  110   78   77   76
  73  147  146  145  113  112  111   79   78   77
  74  148  147  146  114  113  112   80   79   78
  75  149  148  147  115  114  113   81   80   79
  76  150  149  148  116  115  114   82   81   80
  77  151  150  149  117  116  115   83   82   81
  78  152  151  150  118  117  116   84   83   82
  79  153  152  151  119  118  117   85   84   83
  80  154  153  152  120  119  118   86   85   84
  81  155  154  153  121  120  119   87   86   85
  82  156  155  154  122  121  120   88   87   86
  83  157  156  155  123  122  121   89   88   87
  84  158  157  156  124  123  122   90   89   88
  85  159  158  157  125  124  123   91   90   89
  86  160  159  158  126  125  124   92   91   90
  87  161  160  159  127  126  125   93   92   91
  88  162  161  160  128  127  126   94   93   92
  89  163  162  161  129  128  127   95   94   93
  90  164  163  162  130  129  128   96   95   94
  91  165  164  163  131  130  129   97   96   95
  92  166  165  164  132  131  130   98   97   96
  93  167  166  165  133  132  131   99   98   97
  94  168  167  166  134  133  132  100   99   98
  95  169  168  167  135  134  133  101  100   99
  96  170  169  168  136  135  134  102  101  100
  97  173  172  171  139  138  137  105  104  103
  98  174  173  172  140  139  138  106  105  104
  99  175  174  173  141  140  139  107  106  105
 100  176  175  174  142  141  140  108  107  106
 101  177  176  175  143  142  141  109  108  107
 102  178  177  176  144  143  142  110  109  108
 103  179  178  177  145  144  143  111  110  109
 104  180  179  178  146  145  144  112  111  110
 105  181  180  179  147  146  145  113  112  111
 106  182  181  180  148  147  146  114  113  112
 107  183  182  181  149  148  147  115  114  113
 108  184  183  182  150  149  148  116  115  114
 109  185  184  183  151  150  149  117  116  115
 110  186  185  184  152  151  150  118  117  116
 111  187  186  185  153  152  151  119  118  117
 112  188  187  186  154  153  152  120  119  118
 113  189  188  187  155  154  153  121  120  119
 114  190  189  188  156  155  154  122  121  120
 115  191  190  189  157  156  155  123  122  121
 116  192  191  190  158  157  156  124  123  122
 117  193  192  191  159  158  157  125  124  123
 118  194  193  192  160  159  158  126  125  124
 119  195  194  193  161  160  159  127  126  125
 120  196  195  194  162  161  160  128  127  126
 121  197  196  195  163  162  161  129  128  127
 122  198  197  196  164  163  162  130  129  128
 123  199  198  197  165  164  163  131  130  129
 124  200  199  198  166  165  164  132  131  130
 125  201  200  199  167  166  165  133  132  131
 126  202  201  200  168  167  166  134  133  132
 127  203  202  201  169  168  167  135  134  133
 128  204  203  202  170  169  168  136  135  134
 129  207  206  205  173  172  171  139  138  137
 130  208  207  206  174  173  172  140  139  138
 131  209  208  207  175  174  173  141  140  139
 132  210  209  208  176  175  174  142  141  140
 133  211  210  209  177  176  175  143  142  141
 134  212  211  210  178  177  176  144  143  142
 135  213  212  211  179  178  177  145  144  143
 136  214  213  212  180  179  178  146  145  144
 137  215  214  213  181  180  179  147  146  145
 138  216  215  214  182  181  180  148  147  146
 139  217  216  215  183  182  181  149  148  147
 140  218  217  216  184  183  182  150  149  148
 141  219  218  217  185  184  183  151  150  149
 142  220  219  218  186  185  184  152  151  150
 143  221  220  219  187  186  185  153  152  151
 144  222  221  220  188  187  186  154  153  152
 145  223  222  221  189  188  187  155  154  153
 146  224  223  222  190  189  188  156  155  154
 147  225  224  223  191  190  189  157  156  155
 148  226  225  224  192  191  190  158  157  156
 149  227  226  225  193  192  191  159  158  157
 150  228  227  226  194  193  192  160  159  158
 151  229  228  227  195  194  193  161  160  159
 152  230  229  228  196  195  194  162  161  160
 153  231  230  229  197  196  195  163  162  161
 154  232  231  230  198  197  196  164  163  162
 155  233  232  231  199  198  197  165  164  163
 156  234  233  232  200  199  198  166  165  164
 157  235  234  233  201  200  199  167  166  165
 158  236  235  234  202  201  200  168  167  166
 159  237  236  235  203  202  201  169  168  167
 160  238  237  236  204  203  202  170  169  168
 161  241  240  239  207  206  205  173  172  171
 162  242  241  240  208  207  206  174  173  172
 163  243  242  241  209  208  207  175  174  173
 164  244  243  242  210  209  208  176  175  174
 165  245  244  243  211  210  209  177  176  175
 166  246  245  244  212  211  210  178  177  176
 167  247  246  245  213  212  211  179  178  177
 168  248  247  246  214  213  212  180  179  178
 169  249  248  247  215  214  213  181  180  179
 170  250  249  248  216  215  214  182  181  180
 171  251  250  249  217  216  215  183  182  181
 172  252  251  250  218  217  216  184  183  182
 173  253  252  251  219  218  217  185  184  183
 174  254  253  252  220  219  218  186  185  184
 175  255  254  253  221  220  219  187  186  185
 176  256  255  254  222  221  220  188  187  186
 177  257  256  255  223  222  221  189  188  187
 178  258  257  256  224  223  222  190  189  188
 179  259  258  257  225  224  223  191  190  189
 180  260  259  258  226  225  224  192  191  190
 181  261  260  259  227  226  225  193  192  191
 182  262  261  260  228  227  226  194  193  192
 183  263  262  261  229  228  227  195  194  193
 184  264  263  262  230  229  228  196  195  194
 185  265  264  263  231  230  229  197  196  195
 186  266  265  264  232  231  230  198  197  196
 187  267  266  265  233  232  231  199  198  197
 188  268  267  266  234  233  232  200  199  198
 189  269  268  267  235  234  233  201  200  199
 190  270  269  268  236  235  234  202  201  200
 191  271  270  269  237  236  235  203  202  201
 192  272  271  270  238  237  236  204  203  202
 193  275  274  273  241  240  239  207  206  205
 194  276  275  274  242  241  240  208  207  206
 195  277  276  275  243  242  241  209  208  207
 196  278  277  276  244  243  242  210  209  208
 197  279  278  277  245  244  243  211  210  209
 198  280  279  278  246  245  244  212  211  210
 199  281  280  279  247  246  245  213  212  211
 200  282  281  280  248  247  246  214  213  212
 201  283  282  281  249  248  247  215  214  213
 202  284  283  282  250  249  248  216  215  214
 203  285  284  283  251  250  249  217  216  215
 204  286  285  284  252  251  250  218  217  216
 205  287  286  285  253  252  251  219  218  217
 206  288  287  286  254  253  252  220  219  218
 207  289  288  287  255  254  253  221  220  219
 208  290  289  288  256  255  254  222  221  220
 209  291  290  289  257  256  255  223  222  221
 210  292  291  290  258  257  256  224  223  222
 211  293  292  291  259  258  257  225  224  223
 212  294  293  292  260  259  258  226  225  224
 213  295  294  293  261  260  259  227  226  225
 214  296  295  294  262  261  260  228  227  226
 215  297  296  295  263  262  261  229  228  227
 216  298  297  296  264  263  262  230  229  228
 217  299  298  297  265  264  263  231  230  229
 218  300  299  298  266  265  264  232  231  230
 219  301  300  299  267  266  265  233  232  231
 220  302  301  300  268  267  266  234  233  232
 221  303  302  301  269  268  267  235  234  233
 222  304  303  302  270  269  268  236  235  234
 223  305  304  303  271  270  269  237  236  235
 224  306  305  304  272  271  270  238  237  236
 225  309  308  307  275  274  273  241  240  239
 226  310  309  308  276  275  274  242  241  240
 227  311  310  309  277  276  275  243  242  241
 228  312  311  310  278  277  276  244  243  242
 229  313  312  311  279  278  277  245  244  243
 230  314  313  312  280  279  278  246  245  244
 231  315  314  313  281  280  279  247  246  245
 232  316  315  314  282  281  280  248  247  246
 233  317  316  315  283  282  281  249  248  247
 234  318  317  316  284  283  282  250  249  248
 235  319  318  317  285  284  283  251  250  249
 236  320  319  318  286  285  284  252  251  250
 237  321  320  319  287  286  285  253  252  251
 238  322  321  320  288  287  286  254  253  252
 239  323  322  321  289  288  287  255  254  253
 240  324  323  322  290  289  288  256  255  254
 241  325  324  323  291  290  289  257  256  255
 242  326  325  324  292  291  290  258  257  256
 243  327  326  325  293  292  291  259  258  257
 244  328  327  326  294  293  292  260  259  258
 245  329  328  327  295  294  293  261  260  259
 246  330  329  328  296  295  294  262  261  260
 247  331  330  329  297  296  295  263  262  261
 248  332  331  330  298  297  296  264  263  262
 249  333  332  331  299  298  297  265  264  263
 250  334  333  332  300  299  298  266  265  264
 251  335  334  333  301  300  299  267  266  265
 252  336  335  334  302  301  300  268  267  266
 253  337  336  335  303  302  301  269  268  267
 254  338  337  336  304  303  302  270  269  268
 255  339  338  337  305  304  303  271  270  269
 256  340  339  338  306  305  304  272  271  270
 257  343  342  341  309  308  307  275  274  273
 258  344  343  342  310  309  308  276  275  274
 259  345  344  343  311  310  309  277  276  275
 260  346  345  344  312  311  310  278  277  276
 261  347  346  345  313  312  311  279  278  277
 262  348  347  346  314  313  312  280  279  278
 263  349  348  347  315  314  313  281  280  279
 264  350  349  348  316  315  314  282  281  280
 265  351  350  349  317  316  315  283  282  281
 266  352  351  350  318  317  316  284  283  282
 267  353  352  351  319  318  317  285  284  283
 268  354  353  352  320  319  318  286  285  284
 269  355  354  353  321  320  319  287  286  285
 270  356  355  354  322  321  320  288  287  286
 271  357  356  355  323  322  321  289  288  287
 272  358  357  356  324  323  322  290  289  288
 273  359  358  357  325  324  323  291  290  289
 274  360  359  358  326  325  324  292  291  290
 275  361  360  359  327  326  325  293  292  291
 276  362  361  360  328  327  326  294  293  292
 277  363  362  361  329  328  327  295  294  293
 278  364  363  362  330  329  328  296  295  294
 279  365  364  363  331  330  329  297  296  295
 280  366  365  364  332  331  330  298  297  296
 281  367  366  365  333  332  331  299  298  297
 282  368  367  366  334  333  332  300  299  298
 283  369  368  367  335  334  333  301  300  299
 284  370  369  368  336  335  334  302  301  300
 285  371  370  369  337  336  335  303  302  301
 286  372  371  370  338  337  336  304  303  302
 287  373  372  371  339  338  337  305  304  303
 288  374  373  372  340  339  338  306  305  304
 289  377  376  375  343  342  341  309  308  307
 290  378  377  376  344  343  342  310  309  308
 291  379  378  377  345  344  343  311  310  309
 292  380  379  378  346  345  344  312  311  310
 293  381  380  379  347  346  345  313  312  311
 294  382  381  380  348  347  346  314  313  312
 295  383  382  381  349  348  347  315  314  313
 296  384  383  382  350  349  348  316  315  314
 297  385  384  383  351  350  349  317  316  315
 298  386  385  384  352  351  350  318  317  316
 299  387  386  385  353  352  351  319  318  317
 300  388  387  386  354  353  352  320  319  318
 301  389  388  387  355  354  353  321  320  319
 302  390  389  388  356  355  354  322  321  320
 303  391  390  389  357  356  355  323  322  321
 304  392  391  390  358  357  356  324  323  322
 305  393  392  391  359  358  357  325  324  323
 306  394  393  392  360  359  358  326  325  324
 307  395  394  393  361  360  359  327  326  325
 308  396  395  394  362  361  360  328  327  326
 309  397  396  395  363  362  361  329  328  327
 310  398  397  396  364  363  362  330  329  328
 311  399  398  397  365  364  363  331  330  329
 312  400  399  398  366  365  364  332  331  330
 313  401  400  399  367  366  365  333  332  331
 314  402  401  400  368  367  366  334  333  332
 315  403  402  401  369  368  367  335  334  333
 316  404  403  402  370  369  368  336  335  334
 317  405  404  403  371  370  369  337  336  335
 318  406  405  404  372  371  370  338  337  336
 319  407  406  405  373  372  371  339  338  337
 320  408  407  406  374  373  372  340  339  338
 321  411  410  409  377  376  375  343  342  341
 322  412  411  410  378  377  376  344  343  342
 323  413  412  411  379  378  377  345  344  343
 324  414  413  412  380  379  378  346  345  344
 325  415  414  413  381  380  379  347  346  345
 326  416  415  414  382  381  380  348  347  346
 327  417  416  415  383  382  381  349  348  347
 328  418  417  416  384  383  382  350  349  348
 329  419  418  417  385  384  383  351  350  349
 330  420  419  418  386  385  384  352  351  350
 331  421  420  419  387  386  385  353  352  351
 332  422  421  420  388  387  386  354  353  352
 333  423  422  421  389  388  387  355  354  353
 334  424  423  422  390  389  388  356  355  354
 335  425  424  423  391  390  389  357  356  355
 336  426  425  424  392  391  390  358  357  356
 337  427  426  425  393  392  391  359  358  357
 338  428  427  426  394  393  392  360  359  358
 339  429  428  427  395  394  393  361  360  359
 340  430  429  428  396  395  394  362  361  360
 341  431  430  429  397  396  395  363  362  361
 342  432  431  430  398  397  396  364  363  362
 343  433  432  431  399  398  397  365  364  363
 344  434  433  432  400  399  398  366  365  364
 345  435  434  433  401  400  399  367  366  365
 346  436  435  434  402  401  400  368  367  366
 347  437  436  435  403  402  401  369  368  367
 348  438  437  436  404  403  402  370  369  368
 349  439  438  437  405  404  403  371  370  369
 350  440  439  438  406  405  404  372  371  370
 351  441  440  439  407  406  405  373  372  371
 352  442  441  440  408  407  406  374  373  372
 353  445  444  443  411  410  409  377  376  375
 354  446  445  444  412  411  410  378  377  376
 355  447  446  445  413  412  411  379  378  377
 356  448  447  446  414  413  412  380  379  378
 357  449  448  447  415  414  413  381  380  379
 358  450  449  448  416  415  414  382  381  380
 359  451  450  449  417  416  415  383  382  381
 360  452  451  450  418  417  416  384  383  382
 361  453  452  451  419  418  417  385  384  383
 362  454  453  452  420  419  418  386  385  384
 363  455  454  453  421  420  419  387  386  385
 364  456  455  454  422  421  420  388  387  386
 365  457  456  455  423  422  421  389  388  387
 366  458  457  456  424  423  422  390  389  388
 367  459  458  457  425  424  423  391  390  389
 368  460  459  458  426  425  424  392  391  390
 369  461  460  459  427  426  425  393  392  391
 370  462  461  460  428  427  426  394  393  392
 371  463  462  461  429  428  427  395  394  393
 372  464  463  462  430  429  428  396  395  394
 373  465  464  463  431  430  429  397  396  395
 374  466  465  464  432  431  430  398  397  396
 375  467  466  465  433  432  431  399  398  397
 376  468  467  466  434  433  432  400  399  398
 377  469  468  467  435  434  433  401  400  399
 378  470  469  468  436  435  434  402  401  400
 379  471  470  469  437  436  435  403  402  401
 380  472  471  470  438  437  436  404  403  402
 381  473  472  471  439  438  437  405  404  403
 382  474  473  472  440  439  438  406  405  404
 383  475  474  473  441  440  439  407  406  405
 384  476  475  474  442  441  440  408  407  406
 385  479  478  477  445  444  443  411  410  409
 386  480  479  478  446  445  444  412  411  410
 387  481  480  479  447  446  445  413  412  411
 388  482  481  480  448  447  446  414  413  412
 389  483  482  481  449  448  447  415  414  413
 390  484  483  482  450  449  448  416  415  414
 391  485  484  483  451  450  449  417  416  415
 392  486  485  484  452  451  450  418  417  416
 393  487  486  485  453  452  451  419  418  417
 394  488  487  486  454  453  452  420  419  418
 395  489  488  487  455  454  453  421  420  419
 396  490  489  488  456  455  454  422  421  420
 397  491  490  489  457  456  455  423  422  421
 398  492  491  490  458  457  456  424  423  422
 399  493  492  491  459  458  457  425  424  423
 400  494  493  492  460  459  458  426  425  424
 401  495  494  493  461  460  459  427  426  425
 402  496  495  494  462  461  460  428  427  426
 403  497  496  495  463  462  461  429  428  427
 404  498  497  496  464  463  462  430  429  428
 405  499  498  497  465  464  463  431  430  429
 406  500  499  498  466  465  464  432  431  430
 407  501  500  499  467  466  465  433  432  431
 408  502  501  500  468  467  466  434  433  432
 409  503  502  501  469  468  467  435  434  433
 410  504  503  502  470  469  468  436  435  434
 411  505  504  503  471  470  469  437  436  435
 412  506  505  504  472  471  470  438  437  436
 413  507  506  505  473  472  471  439  438  437
 414  508  507  506  474  473  472  440  439  438
 415  509  508  507  475  474  473  441  440  439
 416  510  509  508  476  475  474  442  441  440
 417  513  512  511  479  478  477  445  444  443
 418  514  513  512  480  479  478  446  445  444
 419  515  514  513  481  480  479  447  446  445
 420  516  515  514  482  481  480  448  447  446
 421  517  516  515  483  482  481  449  448  447
 422  518  517  516  484  483  482  450  449  448
 423  519  518  517  485  484  483  451  450  449
 424  520  519  518  486  485  484  452  451  450
 425  521  520  519  487  486  485  453  452  451
 426  522  521  520  488  487  486  454  453  452
 427  523  522  521  489  488  487  455  454  453
 428  524  523  522  490  489  488  456  455  454
 429  525  524  523  491  490  489  457  456  455
 430  526  525  524  492  491  490  458  457  456
 431  527  526  525  493  492  491  459  458  457
 432  528  527  526  494  493  492  460  459  458
 433  529  528  527  495  494  493  461  460  459
 434  530  529  528  496  495  494  462  461  460
 435  531  530  529  497  496  495  463  462  461
 436  532  531  530  498  497  496  464  463  462
 437  533  532  531  499  498  497  465  464  463
 438  534  533  532  500  499  498  466  465  464
 439  535  534  533  501  500  499  467  466  465
 440  536  535  534  502  501  500  468  467  466
 441  537  536  535  503  502  501  469  468  467
 442  538  537  536  504  503  502  470  469  468
 443  539  538  537  505  504  503  471  470  469
 444  540  539  538  506  505  504  472  471  470
 445  541  540  539  507  506  505  473  472  471
 446  542  541  540  508  507  506  474  473  472
 447  543  542  541  509  508  507  475  474  473
 448  544  543  542  510  509  508  476  475  474
 449  547  546  545  513  512  511  479  478  477
 450  548  547  546  514  513  512  480  479  478
 451  549  548  547  515  514  513  481  480  479
 452  550  549  548  516  515  514  482  481  480
 453  551  550  549  517  516  515  483  482  481
 454  552  551  550  518  517  516  484  483  482
 455  553  552  551  519  518  517  485  484  483
 456  554  553  552  520  519  518  486  485  484
 457  555  554  553  521  520  519  487  486  485
 458  556  555  554  522  521  520  488  487  486
 459  557  556  555  523  522  521  489  488  487
 460  558  557  556  524  523  522  490  489  488
 461  559  558  557  525  524  523  491  490  489
 462  560  559  558  526  525  524  492  491  490
 463  561  560  559  527  526  525  493  492  491
 464  562  561  560  528  527  526  494  493  492
 465  563  562  561  529  528  527  495  494  493
 466  564  563  562  530  529  528  496  495  494
 467  565  564  563  531  530  529  497  496  495
 468  566  565  564  532  531  530  498  497  496
 469  567  566  565  533  532  531  499  498  497
 470  568  567  566  534  533  532  500  499  498
 471  569  568  567  535  534  533  501  500  499
 472  570  569  568  536  535  534  502  501  500
 473  571  570  569  537  536  535  503  502  501
 474  572  571  570  538  537  536  504  503  502
 475  573  572  571  539  538  537  505  504  503
 476  574  573  572  540  539  538  506  505  504
 477  575  574  573  541  540  539  507  506  505
 478  576  575  574  542  541  540  508  507  506
 479  577  576  575  543  542  541  509  508  507
 480  578  577  576  544  543  542  510  509  508
 481  581  580  579  547  546  545  513  512  511
 482  582  581  580  548  547  546  514  513  512
 483  583  582  581  549  548  547  515  514  513
 484  584  583  582  550  549  548  516  515  514
 485  585  584  583  551  550  549  517  516  515
 486  586  585  584  552  551  550  518  517  516
 487  587  586  585  553  552  551  519  518  517
 488  588  587  586  554  553  552  520  519  518
 489  589  588  587  555  554  553  521  520  519
 490  590  589  588  556  555  554  522  521  520
 491  591  590  589  557  556  555  523  522  521
 492  592  591  590  558  557  556  524  523  522
 493  593  592  591  559  558  557  525  524  523
 494  594  593  592  560  559  558  526  525  524
 495  595  594  593  561  560  559  527  526  525
 496  596  595  594  562  561  560  528  527  526
 497  597  596  595  563  562  561  529  528  527
 498  598  597  596  564  563  562  530  529  528
 499  599  598  597  565  564  563  531  530  529
 500  600  599  598  566  565  564  532  531  530
 501  601  600  599  567  566  565  533  532  531
 502  602  601  600  568  567  566  534  533  532
 503  603  602  601  569  568  567  535  534  533
 504  604  603  602  570  569  568  536  535  534
 505  605  604  603  571  570  569  537  536  535
 506  606  605  604  572  571  570  538  537  536
 507  607  606  605  573  572  571  539  538  537
 508  608  607  606  574  573  572  540  539  538
 509  609  608  607  575  574  573  541  540  539
 510  610  609  608  576  575  574  542  541  540
 511  611  610  609  577  576  575  543  542  541
 512  612  611  610  578  577  576  544  543  542
513	621	620	619	618	617	616	615	614	613
-----------------------------------------------------------------
*material
5
 30.0e6, 0.3, 1.0, 0.0, 1.0e25
30.0e10, 0.3, 1.0, 0.0, 1.0e25
-----------------------------------------------------------------
*ContactPTS
*Master
2
3
0.0, 0.0, 0.0, 1.0, 1.0, 1.0
619, 620, 621
*Slave
2
34
0.00000	0.00000	0.00000	0.03125	0.06250	0.09375	0.12500	0.15625	0.18750	0.21875	0.25000	0.28125	0.31250	0.34375	0.37500	0.40625	0.43750	0.46875	0.50000	0.53125	0.56250	0.59375	0.62500	0.65625	0.68750	0.71875	0.75000	0.78125	0.81250	0.84375	0.87500	0.90625	0.93750	0.96875	1.00000	1.00000	1.00000
579	580	581	582	583	584	585	586	587	588	589	590	591	592	593	594	595	596	597	598	599	600	601	602	603	604	605	606	607	608	609	610	611	612
-----------------------------------------------------------------
*Multistep
1
*step
*increment
1
*iteration
100
*bcdof
69
1	,	1
2	,	1
3	,	1
4	,	1
5	,	1
6	,	1
7	,	1
8	,	1
9	,	1
10	,	1
11	,	1
12	,	1
13	,	1
14	,	1
15	,	1
16	,	1
17	,	1
18	,	1
19	,	1
20	,	1
21	,	1
22	,	1
23	,	1
24	,	1
25	,	1
26	,	1
27	,	1
28	,	1
29	,	1
30	,	1
31	,	1
32	,	1
33	,	1
34	,	1
35	,	1
69	,	1
103	,	1
137	,	1
171	,	1
205	,	1
239	,	1
273	,	1
307	,	1
341	,	1
375	,	1
409	,	1
443	,	1
477	,	1
511	,	1
545	,	1
579	,	1
613	,	1
614	,	1
615	,	1
616	,	1
617	,	1
618	,	1
619	,	1
620	,	1
621	,	1
613	,	2
614	,	2
615	,	2
616	,	2
617	,	2
618	,	2
619	,	2
620	,	2
621	,	2
*dispdof
51
1	,	2	,	-0.4
2	,	2	,	-0.4
3	,	2	,	-0.4
4	,	2	,	-0.4
5	,	2	,	-0.4
6	,	2	,	-0.4
7	,	2	,	-0.4
8	,	2	,	-0.4
9	,	2	,	-0.4
10	,	2	,	-0.4
11	,	2	,	-0.4
12	,	2	,	-0.4
13	,	2	,	-0.4
14	,	2	,	-0.4
15	,	2	,	-0.4
16	,	2	,	-0.4
17	,	2	,	-0.4
18	,	2	,	-0.4
19	,	2	,	-0.4
20	,	2	,	-0.4
21	,	2	,	-0.4
22	,	2	,	-0.4
23	,	2	,	-0.4
24	,	2	,	-0.4
25	,	2	,	-0.4
26	,	2	,	-0.4
27	,	2	,	-0.4
28	,	2	,	-0.4
29	,	2	,	-0.4
30	,	2	,	-0.4
31	,	2	,	-0.4
32	,	2	,	-0.4
33	,	2	,	-0.4
34	,	2	,	-0.4
68	,	2	,	-0.4
102	,	2	,	-0.4
136	,	2	,	-0.4
170	,	2	,	-0.4
204	,	2	,	-0.4
238	,	2	,	-0.4
272	,	2	,	-0.4
306	,	2	,	-0.4
340	,	2	,	-0.4
374	,	2	,	-0.4
408	,	2	,	-0.4
442	,	2	,	-0.4
476	,	2	,	-0.4
510	,	2	,	-0.4
544	,	2	,	-0.4
578	,	2	,	-0.4
612	,	2	,	-0.4
*endstep
*end
