!----------------------------------------------------------------
!
! Ironing Test for order 2
!
!----------------------------------------------------------------
*begin_MP
2       !number of patches
2       !problem dimension
2, 2	!degree of each dimension patch1
2, 2    !degree of each dimension patch2
32, 12    !control points in each direction patch1
3, 3    !control points in each direction patch2
0, 0    !open(0) or closed(1) knot vector patch1
0, 0    !open(0) or closed(1) knot vector patch2
393      !total number of control points
-----------------------------------------------------------------
*knots    !knot spans
0	0	0	0.0333333330000000	0.0666666670000000	0.100000000000000	0.133333333000000	0.166666667000000	0.200000000000000	0.233333333000000	0.266666667000000	0.300000000000000	0.333333333000000	0.366666667000000	0.400000000000000	0.433333333000000	0.466666667000000	0.500000000000000	0.533333333000000	0.566666667000000	0.600000000000000	0.633333333000000	0.666666667000000	0.700000000000000	0.733333333000000	0.766666667000000	0.800000000000000	0.833333333000000	0.866666667000000	0.900000000000000	0.933333333000000	0.966666667000000	1	1	1
0, 0, 0, 0.1,0.2,0.3,0.4,0.5,0.6,0.7,0.8,0.9, 1, 1, 1
0.0, 0.0, 0.0, 1.0, 1.0, 1.0  !U patch 2
0.0, 0.0, 0.0, 1.0, 1.0, 1.0  !V patch 2
-----------------------------------------------------------------
*element
Quad9S  !Element for patch 1
Quad9S  !Element for patch 2
*bnet     
0.000000E+000 0.000000E+000 1.000000E+000
0.000000E+000 2.000000E-001 1.000000E+000
0.000000E+000 6.000000E-001 1.000000E+000
0.000000E+000 1.000000E+000 1.000000E+000
0.000000E+000 1.400000E+000 1.000000E+000
0.000000E+000 1.800000E+000 1.000000E+000
0.000000E+000 2.200000E+000 1.000000E+000
0.000000E+000 2.600000E+000 1.000000E+000
0.000000E+000 3.000000E+000 1.000000E+000
0.000000E+000 3.400000E+000 1.000000E+000
0.000000E+000 3.800000E+000 1.000000E+000
0.000000E+000 4.000000E+000 1.000000E+000
2.000000E-001 0.000000E+000 1.000000E+000
2.000000E-001 2.000000E-001 1.000000E+000
2.000000E-001 6.000000E-001 1.000000E+000
2.000000E-001 1.000000E+000 1.000000E+000
2.000000E-001 1.400000E+000 1.000000E+000
2.000000E-001 1.800000E+000 1.000000E+000
2.000000E-001 2.200000E+000 1.000000E+000
2.000000E-001 2.600000E+000 1.000000E+000
2.000000E-001 3.000000E+000 1.000000E+000
2.000000E-001 3.400000E+000 1.000000E+000
2.000000E-001 3.800000E+000 1.000000E+000
2.000000E-001 4.000000E+000 1.000000E+000
6.000000E-001 0.000000E+000 1.000000E+000
6.000000E-001 2.000000E-001 1.000000E+000
6.000000E-001 6.000000E-001 1.000000E+000
6.000000E-001 1.000000E+000 1.000000E+000
6.000000E-001 1.400000E+000 1.000000E+000
6.000000E-001 1.800000E+000 1.000000E+000
6.000000E-001 2.200000E+000 1.000000E+000
6.000000E-001 2.600000E+000 1.000000E+000
6.000000E-001 3.000000E+000 1.000000E+000
6.000000E-001 3.400000E+000 1.000000E+000
6.000000E-001 3.800000E+000 1.000000E+000
6.000000E-001 4.000000E+000 1.000000E+000
1.000000E+000 0.000000E+000 1.000000E+000
1.000000E+000 2.000000E-001 1.000000E+000
1.000000E+000 6.000000E-001 1.000000E+000
1.000000E+000 1.000000E+000 1.000000E+000
1.000000E+000 1.400000E+000 1.000000E+000
1.000000E+000 1.800000E+000 1.000000E+000
1.000000E+000 2.200000E+000 1.000000E+000
1.000000E+000 2.600000E+000 1.000000E+000
1.000000E+000 3.000000E+000 1.000000E+000
1.000000E+000 3.400000E+000 1.000000E+000
1.000000E+000 3.800000E+000 1.000000E+000
1.000000E+000 4.000000E+000 1.000000E+000
1.400000E+000 0.000000E+000 1.000000E+000
1.400000E+000 2.000000E-001 1.000000E+000
1.400000E+000 6.000000E-001 1.000000E+000
1.400000E+000 1.000000E+000 1.000000E+000
1.400000E+000 1.400000E+000 1.000000E+000
1.400000E+000 1.800000E+000 1.000000E+000
1.400000E+000 2.200000E+000 1.000000E+000
1.400000E+000 2.600000E+000 1.000000E+000
1.400000E+000 3.000000E+000 1.000000E+000
1.400000E+000 3.400000E+000 1.000000E+000
1.400000E+000 3.800000E+000 1.000000E+000
1.400000E+000 4.000000E+000 1.000000E+000
1.800000E+000 0.000000E+000 1.000000E+000
1.800000E+000 2.000000E-001 1.000000E+000
1.800000E+000 6.000000E-001 1.000000E+000
1.800000E+000 1.000000E+000 1.000000E+000
1.800000E+000 1.400000E+000 1.000000E+000
1.800000E+000 1.800000E+000 1.000000E+000
1.800000E+000 2.200000E+000 1.000000E+000
1.800000E+000 2.600000E+000 1.000000E+000
1.800000E+000 3.000000E+000 1.000000E+000
1.800000E+000 3.400000E+000 1.000000E+000
1.800000E+000 3.800000E+000 1.000000E+000
1.800000E+000 4.000000E+000 1.000000E+000
2.200000E+000 0.000000E+000 1.000000E+000
2.200000E+000 2.000000E-001 1.000000E+000
2.200000E+000 6.000000E-001 1.000000E+000
2.200000E+000 1.000000E+000 1.000000E+000
2.200000E+000 1.400000E+000 1.000000E+000
2.200000E+000 1.800000E+000 1.000000E+000
2.200000E+000 2.200000E+000 1.000000E+000
2.200000E+000 2.600000E+000 1.000000E+000
2.200000E+000 3.000000E+000 1.000000E+000
2.200000E+000 3.400000E+000 1.000000E+000
2.200000E+000 3.800000E+000 1.000000E+000
2.200000E+000 4.000000E+000 1.000000E+000
2.600000E+000 0.000000E+000 1.000000E+000
2.600000E+000 2.000000E-001 1.000000E+000
2.600000E+000 6.000000E-001 1.000000E+000
2.600000E+000 1.000000E+000 1.000000E+000
2.600000E+000 1.400000E+000 1.000000E+000
2.600000E+000 1.800000E+000 1.000000E+000
2.600000E+000 2.200000E+000 1.000000E+000
2.600000E+000 2.600000E+000 1.000000E+000
2.600000E+000 3.000000E+000 1.000000E+000
2.600000E+000 3.400000E+000 1.000000E+000
2.600000E+000 3.800000E+000 1.000000E+000
2.600000E+000 4.000000E+000 1.000000E+000
3.000000E+000 0.000000E+000 1.000000E+000
3.000000E+000 2.000000E-001 1.000000E+000
3.000000E+000 6.000000E-001 1.000000E+000
3.000000E+000 1.000000E+000 1.000000E+000
3.000000E+000 1.400000E+000 1.000000E+000
3.000000E+000 1.800000E+000 1.000000E+000
3.000000E+000 2.200000E+000 1.000000E+000
3.000000E+000 2.600000E+000 1.000000E+000
3.000000E+000 3.000000E+000 1.000000E+000
3.000000E+000 3.400000E+000 1.000000E+000
3.000000E+000 3.800000E+000 1.000000E+000
3.000000E+000 4.000000E+000 1.000000E+000
3.400000E+000 0.000000E+000 1.000000E+000
3.400000E+000 2.000000E-001 1.000000E+000
3.400000E+000 6.000000E-001 1.000000E+000
3.400000E+000 1.000000E+000 1.000000E+000
3.400000E+000 1.400000E+000 1.000000E+000
3.400000E+000 1.800000E+000 1.000000E+000
3.400000E+000 2.200000E+000 1.000000E+000
3.400000E+000 2.600000E+000 1.000000E+000
3.400000E+000 3.000000E+000 1.000000E+000
3.400000E+000 3.400000E+000 1.000000E+000
3.400000E+000 3.800000E+000 1.000000E+000
3.400000E+000 4.000000E+000 1.000000E+000
3.800000E+000 0.000000E+000 1.000000E+000
3.800000E+000 2.000000E-001 1.000000E+000
3.800000E+000 6.000000E-001 1.000000E+000
3.800000E+000 1.000000E+000 1.000000E+000
3.800000E+000 1.400000E+000 1.000000E+000
3.800000E+000 1.800000E+000 1.000000E+000
3.800000E+000 2.200000E+000 1.000000E+000
3.800000E+000 2.600000E+000 1.000000E+000
3.800000E+000 3.000000E+000 1.000000E+000
3.800000E+000 3.400000E+000 1.000000E+000
3.800000E+000 3.800000E+000 1.000000E+000
3.800000E+000 4.000000E+000 1.000000E+000
4.200000E+000 0.000000E+000 1.000000E+000
4.200000E+000 2.000000E-001 1.000000E+000
4.200000E+000 6.000000E-001 1.000000E+000
4.200000E+000 1.000000E+000 1.000000E+000
4.200000E+000 1.400000E+000 1.000000E+000
4.200000E+000 1.800000E+000 1.000000E+000
4.200000E+000 2.200000E+000 1.000000E+000
4.200000E+000 2.600000E+000 1.000000E+000
4.200000E+000 3.000000E+000 1.000000E+000
4.200000E+000 3.400000E+000 1.000000E+000
4.200000E+000 3.800000E+000 1.000000E+000
4.200000E+000 4.000000E+000 1.000000E+000
4.600000E+000 0.000000E+000 1.000000E+000
4.600000E+000 2.000000E-001 1.000000E+000
4.600000E+000 6.000000E-001 1.000000E+000
4.600000E+000 1.000000E+000 1.000000E+000
4.600000E+000 1.400000E+000 1.000000E+000
4.600000E+000 1.800000E+000 1.000000E+000
4.600000E+000 2.200000E+000 1.000000E+000
4.600000E+000 2.600000E+000 1.000000E+000
4.600000E+000 3.000000E+000 1.000000E+000
4.600000E+000 3.400000E+000 1.000000E+000
4.600000E+000 3.800000E+000 1.000000E+000
4.600000E+000 4.000000E+000 1.000000E+000
5.000000E+000 0.000000E+000 1.000000E+000
5.000000E+000 2.000000E-001 1.000000E+000
5.000000E+000 6.000000E-001 1.000000E+000
5.000000E+000 1.000000E+000 1.000000E+000
5.000000E+000 1.400000E+000 1.000000E+000
5.000000E+000 1.800000E+000 1.000000E+000
5.000000E+000 2.200000E+000 1.000000E+000
5.000000E+000 2.600000E+000 1.000000E+000
5.000000E+000 3.000000E+000 1.000000E+000
5.000000E+000 3.400000E+000 1.000000E+000
5.000000E+000 3.800000E+000 1.000000E+000
5.000000E+000 4.000000E+000 1.000000E+000
5.400000E+000 0.000000E+000 1.000000E+000
5.400000E+000 2.000000E-001 1.000000E+000
5.400000E+000 6.000000E-001 1.000000E+000
5.400000E+000 1.000000E+000 1.000000E+000
5.400000E+000 1.400000E+000 1.000000E+000
5.400000E+000 1.800000E+000 1.000000E+000
5.400000E+000 2.200000E+000 1.000000E+000
5.400000E+000 2.600000E+000 1.000000E+000
5.400000E+000 3.000000E+000 1.000000E+000
5.400000E+000 3.400000E+000 1.000000E+000
5.400000E+000 3.800000E+000 1.000000E+000
5.400000E+000 4.000000E+000 1.000000E+000
5.800000E+000 0.000000E+000 1.000000E+000
5.800000E+000 2.000000E-001 1.000000E+000
5.800000E+000 6.000000E-001 1.000000E+000
5.800000E+000 1.000000E+000 1.000000E+000
5.800000E+000 1.400000E+000 1.000000E+000
5.800000E+000 1.800000E+000 1.000000E+000
5.800000E+000 2.200000E+000 1.000000E+000
5.800000E+000 2.600000E+000 1.000000E+000
5.800000E+000 3.000000E+000 1.000000E+000
5.800000E+000 3.400000E+000 1.000000E+000
5.800000E+000 3.800000E+000 1.000000E+000
5.800000E+000 4.000000E+000 1.000000E+000
6.200000E+000 0.000000E+000 1.000000E+000
6.200000E+000 2.000000E-001 1.000000E+000
6.200000E+000 6.000000E-001 1.000000E+000
6.200000E+000 1.000000E+000 1.000000E+000
6.200000E+000 1.400000E+000 1.000000E+000
6.200000E+000 1.800000E+000 1.000000E+000
6.200000E+000 2.200000E+000 1.000000E+000
6.200000E+000 2.600000E+000 1.000000E+000
6.200000E+000 3.000000E+000 1.000000E+000
6.200000E+000 3.400000E+000 1.000000E+000
6.200000E+000 3.800000E+000 1.000000E+000
6.200000E+000 4.000000E+000 1.000000E+000
6.600000E+000 0.000000E+000 1.000000E+000
6.600000E+000 2.000000E-001 1.000000E+000
6.600000E+000 6.000000E-001 1.000000E+000
6.600000E+000 1.000000E+000 1.000000E+000
6.600000E+000 1.400000E+000 1.000000E+000
6.600000E+000 1.800000E+000 1.000000E+000
6.600000E+000 2.200000E+000 1.000000E+000
6.600000E+000 2.600000E+000 1.000000E+000
6.600000E+000 3.000000E+000 1.000000E+000
6.600000E+000 3.400000E+000 1.000000E+000
6.600000E+000 3.800000E+000 1.000000E+000
6.600000E+000 4.000000E+000 1.000000E+000
7.000000E+000 0.000000E+000 1.000000E+000
7.000000E+000 2.000000E-001 1.000000E+000
7.000000E+000 6.000000E-001 1.000000E+000
7.000000E+000 1.000000E+000 1.000000E+000
7.000000E+000 1.400000E+000 1.000000E+000
7.000000E+000 1.800000E+000 1.000000E+000
7.000000E+000 2.200000E+000 1.000000E+000
7.000000E+000 2.600000E+000 1.000000E+000
7.000000E+000 3.000000E+000 1.000000E+000
7.000000E+000 3.400000E+000 1.000000E+000
7.000000E+000 3.800000E+000 1.000000E+000
7.000000E+000 4.000000E+000 1.000000E+000
7.400000E+000 0.000000E+000 1.000000E+000
7.400000E+000 2.000000E-001 1.000000E+000
7.400000E+000 6.000000E-001 1.000000E+000
7.400000E+000 1.000000E+000 1.000000E+000
7.400000E+000 1.400000E+000 1.000000E+000
7.400000E+000 1.800000E+000 1.000000E+000
7.400000E+000 2.200000E+000 1.000000E+000
7.400000E+000 2.600000E+000 1.000000E+000
7.400000E+000 3.000000E+000 1.000000E+000
7.400000E+000 3.400000E+000 1.000000E+000
7.400000E+000 3.800000E+000 1.000000E+000
7.400000E+000 4.000000E+000 1.000000E+000
7.800000E+000 0.000000E+000 1.000000E+000
7.800000E+000 2.000000E-001 1.000000E+000
7.800000E+000 6.000000E-001 1.000000E+000
7.800000E+000 1.000000E+000 1.000000E+000
7.800000E+000 1.400000E+000 1.000000E+000
7.800000E+000 1.800000E+000 1.000000E+000
7.800000E+000 2.200000E+000 1.000000E+000
7.800000E+000 2.600000E+000 1.000000E+000
7.800000E+000 3.000000E+000 1.000000E+000
7.800000E+000 3.400000E+000 1.000000E+000
7.800000E+000 3.800000E+000 1.000000E+000
7.800000E+000 4.000000E+000 1.000000E+000
8.200000E+000 0.000000E+000 1.000000E+000
8.200000E+000 2.000000E-001 1.000000E+000
8.200000E+000 6.000000E-001 1.000000E+000
8.200000E+000 1.000000E+000 1.000000E+000
8.200000E+000 1.400000E+000 1.000000E+000
8.200000E+000 1.800000E+000 1.000000E+000
8.200000E+000 2.200000E+000 1.000000E+000
8.200000E+000 2.600000E+000 1.000000E+000
8.200000E+000 3.000000E+000 1.000000E+000
8.200000E+000 3.400000E+000 1.000000E+000
8.200000E+000 3.800000E+000 1.000000E+000
8.200000E+000 4.000000E+000 1.000000E+000
8.600000E+000 0.000000E+000 1.000000E+000
8.600000E+000 2.000000E-001 1.000000E+000
8.600000E+000 6.000000E-001 1.000000E+000
8.600000E+000 1.000000E+000 1.000000E+000
8.600000E+000 1.400000E+000 1.000000E+000
8.600000E+000 1.800000E+000 1.000000E+000
8.600000E+000 2.200000E+000 1.000000E+000
8.600000E+000 2.600000E+000 1.000000E+000
8.600000E+000 3.000000E+000 1.000000E+000
8.600000E+000 3.400000E+000 1.000000E+000
8.600000E+000 3.800000E+000 1.000000E+000
8.600000E+000 4.000000E+000 1.000000E+000
9.000000E+000 0.000000E+000 1.000000E+000
9.000000E+000 2.000000E-001 1.000000E+000
9.000000E+000 6.000000E-001 1.000000E+000
9.000000E+000 1.000000E+000 1.000000E+000
9.000000E+000 1.400000E+000 1.000000E+000
9.000000E+000 1.800000E+000 1.000000E+000
9.000000E+000 2.200000E+000 1.000000E+000
9.000000E+000 2.600000E+000 1.000000E+000
9.000000E+000 3.000000E+000 1.000000E+000
9.000000E+000 3.400000E+000 1.000000E+000
9.000000E+000 3.800000E+000 1.000000E+000
9.000000E+000 4.000000E+000 1.000000E+000
9.400000E+000 0.000000E+000 1.000000E+000
9.400000E+000 2.000000E-001 1.000000E+000
9.400000E+000 6.000000E-001 1.000000E+000
9.400000E+000 1.000000E+000 1.000000E+000
9.400000E+000 1.400000E+000 1.000000E+000
9.400000E+000 1.800000E+000 1.000000E+000
9.400000E+000 2.200000E+000 1.000000E+000
9.400000E+000 2.600000E+000 1.000000E+000
9.400000E+000 3.000000E+000 1.000000E+000
9.400000E+000 3.400000E+000 1.000000E+000
9.400000E+000 3.800000E+000 1.000000E+000
9.400000E+000 4.000000E+000 1.000000E+000
9.800000E+000 0.000000E+000 1.000000E+000
9.800000E+000 2.000000E-001 1.000000E+000
9.800000E+000 6.000000E-001 1.000000E+000
9.800000E+000 1.000000E+000 1.000000E+000
9.800000E+000 1.400000E+000 1.000000E+000
9.800000E+000 1.800000E+000 1.000000E+000
9.800000E+000 2.200000E+000 1.000000E+000
9.800000E+000 2.600000E+000 1.000000E+000
9.800000E+000 3.000000E+000 1.000000E+000
9.800000E+000 3.400000E+000 1.000000E+000
9.800000E+000 3.800000E+000 1.000000E+000
9.800000E+000 4.000000E+000 1.000000E+000
1.020000E+001 0.000000E+000 1.000000E+000
1.020000E+001 2.000000E-001 1.000000E+000
1.020000E+001 6.000000E-001 1.000000E+000
1.020000E+001 1.000000E+000 1.000000E+000
1.020000E+001 1.400000E+000 1.000000E+000
1.020000E+001 1.800000E+000 1.000000E+000
1.020000E+001 2.200000E+000 1.000000E+000
1.020000E+001 2.600000E+000 1.000000E+000
1.020000E+001 3.000000E+000 1.000000E+000
1.020000E+001 3.400000E+000 1.000000E+000
1.020000E+001 3.800000E+000 1.000000E+000
1.020000E+001 4.000000E+000 1.000000E+000
1.060000E+001 0.000000E+000 1.000000E+000
1.060000E+001 2.000000E-001 1.000000E+000
1.060000E+001 6.000000E-001 1.000000E+000
1.060000E+001 1.000000E+000 1.000000E+000
1.060000E+001 1.400000E+000 1.000000E+000
1.060000E+001 1.800000E+000 1.000000E+000
1.060000E+001 2.200000E+000 1.000000E+000
1.060000E+001 2.600000E+000 1.000000E+000
1.060000E+001 3.000000E+000 1.000000E+000
1.060000E+001 3.400000E+000 1.000000E+000
1.060000E+001 3.800000E+000 1.000000E+000
1.060000E+001 4.000000E+000 1.000000E+000
1.100000E+001 0.000000E+000 1.000000E+000
1.100000E+001 2.000000E-001 1.000000E+000
1.100000E+001 6.000000E-001 1.000000E+000
1.100000E+001 1.000000E+000 1.000000E+000
1.100000E+001 1.400000E+000 1.000000E+000
1.100000E+001 1.800000E+000 1.000000E+000
1.100000E+001 2.200000E+000 1.000000E+000
1.100000E+001 2.600000E+000 1.000000E+000
1.100000E+001 3.000000E+000 1.000000E+000
1.100000E+001 3.400000E+000 1.000000E+000
1.100000E+001 3.800000E+000 1.000000E+000
1.100000E+001 4.000000E+000 1.000000E+000
1.140000E+001 0.000000E+000 1.000000E+000
1.140000E+001 2.000000E-001 1.000000E+000
1.140000E+001 6.000000E-001 1.000000E+000
1.140000E+001 1.000000E+000 1.000000E+000
1.140000E+001 1.400000E+000 1.000000E+000
1.140000E+001 1.800000E+000 1.000000E+000
1.140000E+001 2.200000E+000 1.000000E+000
1.140000E+001 2.600000E+000 1.000000E+000
1.140000E+001 3.000000E+000 1.000000E+000
1.140000E+001 3.400000E+000 1.000000E+000
1.140000E+001 3.800000E+000 1.000000E+000
1.140000E+001 4.000000E+000 1.000000E+000
1.180000E+001 0.000000E+000 1.000000E+000
1.180000E+001 2.000000E-001 1.000000E+000
1.180000E+001 6.000000E-001 1.000000E+000
1.180000E+001 1.000000E+000 1.000000E+000
1.180000E+001 1.400000E+000 1.000000E+000
1.180000E+001 1.800000E+000 1.000000E+000
1.180000E+001 2.200000E+000 1.000000E+000
1.180000E+001 2.600000E+000 1.000000E+000
1.180000E+001 3.000000E+000 1.000000E+000
1.180000E+001 3.400000E+000 1.000000E+000
1.180000E+001 3.800000E+000 1.000000E+000
1.180000E+001 4.000000E+000 1.000000E+000
1.200000E+001 0.000000E+000 1.000000E+000
1.200000E+001 2.000000E-001 1.000000E+000
1.200000E+001 6.000000E-001 1.000000E+000
1.200000E+001 1.000000E+000 1.000000E+000
1.200000E+001 1.400000E+000 1.000000E+000
1.200000E+001 1.800000E+000 1.000000E+000
1.200000E+001 2.200000E+000 1.000000E+000
1.200000E+001 2.600000E+000 1.000000E+000
1.200000E+001 3.000000E+000 1.000000E+000
1.200000E+001 3.400000E+000 1.000000E+000
1.200000E+001 3.800000E+000 1.000000E+000
1.200000E+001 4.000000E+000 1.000000E+000
1.000000E-001 4.100000E+000 1.000000E+000 !P2
1.000000E-001 4.400000E+000 1.000000E+000
1.000000E-001 5.200000E+000 1.000000E+000
9.000000E-001 4.000000E+000 1.000000E+000
9.000000E-001 4.600000E+000 1.000000E+000
9.000000E-001 5.200000E+000 1.000000E+000
1.600000E+000 4.100000E+000 1.000000E+000
1.600000E+000 4.600000E+000 1.000000E+000
1.600000E+000 5.200000E+000 1.000000E+000
-----------------------------------------------------------------
*MP_conn
   1   67   66   65   35   34   33    3    2    1
   2   68   67   66   36   35   34    4    3    2
   3   69   68   67   37   36   35    5    4    3
   4   70   69   68   38   37   36    6    5    4
   5   71   70   69   39   38   37    7    6    5
   6   72   71   70   40   39   38    8    7    6
   7   73   72   71   41   40   39    9    8    7
   8   74   73   72   42   41   40   10    9    8
   9   75   74   73   43   42   41   11   10    9
  10   76   75   74   44   43   42   12   11   10
  11   77   76   75   45   44   43   13   12   11
  12   78   77   76   46   45   44   14   13   12
  13   79   78   77   47   46   45   15   14   13
  14   80   79   78   48   47   46   16   15   14
  15   81   80   79   49   48   47   17   16   15
  16   82   81   80   50   49   48   18   17   16
  17   83   82   81   51   50   49   19   18   17
  18   84   83   82   52   51   50   20   19   18
  19   85   84   83   53   52   51   21   20   19
  20   86   85   84   54   53   52   22   21   20
  21   87   86   85   55   54   53   23   22   21
  22   88   87   86   56   55   54   24   23   22
  23   89   88   87   57   56   55   25   24   23
  24   90   89   88   58   57   56   26   25   24
  25   91   90   89   59   58   57   27   26   25
  26   92   91   90   60   59   58   28   27   26
  27   93   92   91   61   60   59   29   28   27
  28   94   93   92   62   61   60   30   29   28
  29   95   94   93   63   62   61   31   30   29
  30   96   95   94   64   63   62   32   31   30
  31   99   98   97   67   66   65   35   34   33
  32  100   99   98   68   67   66   36   35   34
  33  101  100   99   69   68   67   37   36   35
  34  102  101  100   70   69   68   38   37   36
  35  103  102  101   71   70   69   39   38   37
  36  104  103  102   72   71   70   40   39   38
  37  105  104  103   73   72   71   41   40   39
  38  106  105  104   74   73   72   42   41   40
  39  107  106  105   75   74   73   43   42   41
  40  108  107  106   76   75   74   44   43   42
  41  109  108  107   77   76   75   45   44   43
  42  110  109  108   78   77   76   46   45   44
  43  111  110  109   79   78   77   47   46   45
  44  112  111  110   80   79   78   48   47   46
  45  113  112  111   81   80   79   49   48   47
  46  114  113  112   82   81   80   50   49   48
  47  115  114  113   83   82   81   51   50   49
  48  116  115  114   84   83   82   52   51   50
  49  117  116  115   85   84   83   53   52   51
  50  118  117  116   86   85   84   54   53   52
  51  119  118  117   87   86   85   55   54   53
  52  120  119  118   88   87   86   56   55   54
  53  121  120  119   89   88   87   57   56   55
  54  122  121  120   90   89   88   58   57   56
  55  123  122  121   91   90   89   59   58   57
  56  124  123  122   92   91   90   60   59   58
  57  125  124  123   93   92   91   61   60   59
  58  126  125  124   94   93   92   62   61   60
  59  127  126  125   95   94   93   63   62   61
  60  128  127  126   96   95   94   64   63   62
  61  131  130  129   99   98   97   67   66   65
  62  132  131  130  100   99   98   68   67   66
  63  133  132  131  101  100   99   69   68   67
  64  134  133  132  102  101  100   70   69   68
  65  135  134  133  103  102  101   71   70   69
  66  136  135  134  104  103  102   72   71   70
  67  137  136  135  105  104  103   73   72   71
  68  138  137  136  106  105  104   74   73   72
  69  139  138  137  107  106  105   75   74   73
  70  140  139  138  108  107  106   76   75   74
  71  141  140  139  109  108  107   77   76   75
  72  142  141  140  110  109  108   78   77   76
  73  143  142  141  111  110  109   79   78   77
  74  144  143  142  112  111  110   80   79   78
  75  145  144  143  113  112  111   81   80   79
  76  146  145  144  114  113  112   82   81   80
  77  147  146  145  115  114  113   83   82   81
  78  148  147  146  116  115  114   84   83   82
  79  149  148  147  117  116  115   85   84   83
  80  150  149  148  118  117  116   86   85   84
  81  151  150  149  119  118  117   87   86   85
  82  152  151  150  120  119  118   88   87   86
  83  153  152  151  121  120  119   89   88   87
  84  154  153  152  122  121  120   90   89   88
  85  155  154  153  123  122  121   91   90   89
  86  156  155  154  124  123  122   92   91   90
  87  157  156  155  125  124  123   93   92   91
  88  158  157  156  126  125  124   94   93   92
  89  159  158  157  127  126  125   95   94   93
  90  160  159  158  128  127  126   96   95   94
  91  163  162  161  131  130  129   99   98   97
  92  164  163  162  132  131  130  100   99   98
  93  165  164  163  133  132  131  101  100   99
  94  166  165  164  134  133  132  102  101  100
  95  167  166  165  135  134  133  103  102  101
  96  168  167  166  136  135  134  104  103  102
  97  169  168  167  137  136  135  105  104  103
  98  170  169  168  138  137  136  106  105  104
  99  171  170  169  139  138  137  107  106  105
 100  172  171  170  140  139  138  108  107  106
 101  173  172  171  141  140  139  109  108  107
 102  174  173  172  142  141  140  110  109  108
 103  175  174  173  143  142  141  111  110  109
 104  176  175  174  144  143  142  112  111  110
 105  177  176  175  145  144  143  113  112  111
 106  178  177  176  146  145  144  114  113  112
 107  179  178  177  147  146  145  115  114  113
 108  180  179  178  148  147  146  116  115  114
 109  181  180  179  149  148  147  117  116  115
 110  182  181  180  150  149  148  118  117  116
 111  183  182  181  151  150  149  119  118  117
 112  184  183  182  152  151  150  120  119  118
 113  185  184  183  153  152  151  121  120  119
 114  186  185  184  154  153  152  122  121  120
 115  187  186  185  155  154  153  123  122  121
 116  188  187  186  156  155  154  124  123  122
 117  189  188  187  157  156  155  125  124  123
 118  190  189  188  158  157  156  126  125  124
 119  191  190  189  159  158  157  127  126  125
 120  192  191  190  160  159  158  128  127  126
 121  195  194  193  163  162  161  131  130  129
 122  196  195  194  164  163  162  132  131  130
 123  197  196  195  165  164  163  133  132  131
 124  198  197  196  166  165  164  134  133  132
 125  199  198  197  167  166  165  135  134  133
 126  200  199  198  168  167  166  136  135  134
 127  201  200  199  169  168  167  137  136  135
 128  202  201  200  170  169  168  138  137  136
 129  203  202  201  171  170  169  139  138  137
 130  204  203  202  172  171  170  140  139  138
 131  205  204  203  173  172  171  141  140  139
 132  206  205  204  174  173  172  142  141  140
 133  207  206  205  175  174  173  143  142  141
 134  208  207  206  176  175  174  144  143  142
 135  209  208  207  177  176  175  145  144  143
 136  210  209  208  178  177  176  146  145  144
 137  211  210  209  179  178  177  147  146  145
 138  212  211  210  180  179  178  148  147  146
 139  213  212  211  181  180  179  149  148  147
 140  214  213  212  182  181  180  150  149  148
 141  215  214  213  183  182  181  151  150  149
 142  216  215  214  184  183  182  152  151  150
 143  217  216  215  185  184  183  153  152  151
 144  218  217  216  186  185  184  154  153  152
 145  219  218  217  187  186  185  155  154  153
 146  220  219  218  188  187  186  156  155  154
 147  221  220  219  189  188  187  157  156  155
 148  222  221  220  190  189  188  158  157  156
 149  223  222  221  191  190  189  159  158  157
 150  224  223  222  192  191  190  160  159  158
 151  227  226  225  195  194  193  163  162  161
 152  228  227  226  196  195  194  164  163  162
 153  229  228  227  197  196  195  165  164  163
 154  230  229  228  198  197  196  166  165  164
 155  231  230  229  199  198  197  167  166  165
 156  232  231  230  200  199  198  168  167  166
 157  233  232  231  201  200  199  169  168  167
 158  234  233  232  202  201  200  170  169  168
 159  235  234  233  203  202  201  171  170  169
 160  236  235  234  204  203  202  172  171  170
 161  237  236  235  205  204  203  173  172  171
 162  238  237  236  206  205  204  174  173  172
 163  239  238  237  207  206  205  175  174  173
 164  240  239  238  208  207  206  176  175  174
 165  241  240  239  209  208  207  177  176  175
 166  242  241  240  210  209  208  178  177  176
 167  243  242  241  211  210  209  179  178  177
 168  244  243  242  212  211  210  180  179  178
 169  245  244  243  213  212  211  181  180  179
 170  246  245  244  214  213  212  182  181  180
 171  247  246  245  215  214  213  183  182  181
 172  248  247  246  216  215  214  184  183  182
 173  249  248  247  217  216  215  185  184  183
 174  250  249  248  218  217  216  186  185  184
 175  251  250  249  219  218  217  187  186  185
 176  252  251  250  220  219  218  188  187  186
 177  253  252  251  221  220  219  189  188  187
 178  254  253  252  222  221  220  190  189  188
 179  255  254  253  223  222  221  191  190  189
 180  256  255  254  224  223  222  192  191  190
 181  259  258  257  227  226  225  195  194  193
 182  260  259  258  228  227  226  196  195  194
 183  261  260  259  229  228  227  197  196  195
 184  262  261  260  230  229  228  198  197  196
 185  263  262  261  231  230  229  199  198  197
 186  264  263  262  232  231  230  200  199  198
 187  265  264  263  233  232  231  201  200  199
 188  266  265  264  234  233  232  202  201  200
 189  267  266  265  235  234  233  203  202  201
 190  268  267  266  236  235  234  204  203  202
 191  269  268  267  237  236  235  205  204  203
 192  270  269  268  238  237  236  206  205  204
 193  271  270  269  239  238  237  207  206  205
 194  272  271  270  240  239  238  208  207  206
 195  273  272  271  241  240  239  209  208  207
 196  274  273  272  242  241  240  210  209  208
 197  275  274  273  243  242  241  211  210  209
 198  276  275  274  244  243  242  212  211  210
 199  277  276  275  245  244  243  213  212  211
 200  278  277  276  246  245  244  214  213  212
 201  279  278  277  247  246  245  215  214  213
 202  280  279  278  248  247  246  216  215  214
 203  281  280  279  249  248  247  217  216  215
 204  282  281  280  250  249  248  218  217  216
 205  283  282  281  251  250  249  219  218  217
 206  284  283  282  252  251  250  220  219  218
 207  285  284  283  253  252  251  221  220  219
 208  286  285  284  254  253  252  222  221  220
 209  287  286  285  255  254  253  223  222  221
 210  288  287  286  256  255  254  224  223  222
 211  291  290  289  259  258  257  227  226  225
 212  292  291  290  260  259  258  228  227  226
 213  293  292  291  261  260  259  229  228  227
 214  294  293  292  262  261  260  230  229  228
 215  295  294  293  263  262  261  231  230  229
 216  296  295  294  264  263  262  232  231  230
 217  297  296  295  265  264  263  233  232  231
 218  298  297  296  266  265  264  234  233  232
 219  299  298  297  267  266  265  235  234  233
 220  300  299  298  268  267  266  236  235  234
 221  301  300  299  269  268  267  237  236  235
 222  302  301  300  270  269  268  238  237  236
 223  303  302  301  271  270  269  239  238  237
 224  304  303  302  272  271  270  240  239  238
 225  305  304  303  273  272  271  241  240  239
 226  306  305  304  274  273  272  242  241  240
 227  307  306  305  275  274  273  243  242  241
 228  308  307  306  276  275  274  244  243  242
 229  309  308  307  277  276  275  245  244  243
 230  310  309  308  278  277  276  246  245  244
 231  311  310  309  279  278  277  247  246  245
 232  312  311  310  280  279  278  248  247  246
 233  313  312  311  281  280  279  249  248  247
 234  314  313  312  282  281  280  250  249  248
 235  315  314  313  283  282  281  251  250  249
 236  316  315  314  284  283  282  252  251  250
 237  317  316  315  285  284  283  253  252  251
 238  318  317  316  286  285  284  254  253  252
 239  319  318  317  287  286  285  255  254  253
 240  320  319  318  288  287  286  256  255  254
 241  323  322  321  291  290  289  259  258  257
 242  324  323  322  292  291  290  260  259  258
 243  325  324  323  293  292  291  261  260  259
 244  326  325  324  294  293  292  262  261  260
 245  327  326  325  295  294  293  263  262  261
 246  328  327  326  296  295  294  264  263  262
 247  329  328  327  297  296  295  265  264  263
 248  330  329  328  298  297  296  266  265  264
 249  331  330  329  299  298  297  267  266  265
 250  332  331  330  300  299  298  268  267  266
 251  333  332  331  301  300  299  269  268  267
 252  334  333  332  302  301  300  270  269  268
 253  335  334  333  303  302  301  271  270  269
 254  336  335  334  304  303  302  272  271  270
 255  337  336  335  305  304  303  273  272  271
 256  338  337  336  306  305  304  274  273  272
 257  339  338  337  307  306  305  275  274  273
 258  340  339  338  308  307  306  276  275  274
 259  341  340  339  309  308  307  277  276  275
 260  342  341  340  310  309  308  278  277  276
 261  343  342  341  311  310  309  279  278  277
 262  344  343  342  312  311  310  280  279  278
 263  345  344  343  313  312  311  281  280  279
 264  346  345  344  314  313  312  282  281  280
 265  347  346  345  315  314  313  283  282  281
 266  348  347  346  316  315  314  284  283  282
 267  349  348  347  317  316  315  285  284  283
 268  350  349  348  318  317  316  286  285  284
 269  351  350  349  319  318  317  287  286  285
 270  352  351  350  320  319  318  288  287  286
 271  355  354  353  323  322  321  291  290  289
 272  356  355  354  324  323  322  292  291  290
 273  357  356  355  325  324  323  293  292  291
 274  358  357  356  326  325  324  294  293  292
 275  359  358  357  327  326  325  295  294  293
 276  360  359  358  328  327  326  296  295  294
 277  361  360  359  329  328  327  297  296  295
 278  362  361  360  330  329  328  298  297  296
 279  363  362  361  331  330  329  299  298  297
 280  364  363  362  332  331  330  300  299  298
 281  365  364  363  333  332  331  301  300  299
 282  366  365  364  334  333  332  302  301  300
 283  367  366  365  335  334  333  303  302  301
 284  368  367  366  336  335  334  304  303  302
 285  369  368  367  337  336  335  305  304  303
 286  370  369  368  338  337  336  306  305  304
 287  371  370  369  339  338  337  307  306  305
 288  372  371  370  340  339  338  308  307  306
 289  373  372  371  341  340  339  309  308  307
 290  374  373  372  342  341  340  310  309  308
 291  375  374  373  343  342  341  311  310  309
 292  376  375  374  344  343  342  312  311  310
 293  377  376  375  345  344  343  313  312  311
 294  378  377  376  346  345  344  314  313  312
 295  379  378  377  347  346  345  315  314  313
 296  380  379  378  348  347  346  316  315  314
 297  381  380  379  349  348  347  317  316  315
 298  382  381  380  350  349  348  318  317  316
 299  383  382  381  351  350  349  319  318  317
 300  384  383  382  352  351  350  320  319  318
301 393 392 391 390 389 388 387 386 385
-----------------------------------------------------------------
*material
5
68.96e8, 0.32, 1.0, 0.0, 1.0e25
68.96e8, 0.32, 1.0, 0.0, 1.0e25
-----------------------------------------------------------------
*ContactPTS
*Slave
2
32
0	0	0	0.0333333330000000	0.0666666670000000	0.100000000000000	0.133333333000000	0.166666667000000	0.200000000000000	0.233333333000000	0.266666667000000	0.300000000000000	0.333333333000000	0.366666667000000	0.400000000000000	0.433333333000000	0.466666667000000	0.500000000000000	0.533333333000000	0.566666667000000	0.600000000000000	0.633333333000000	0.666666667000000	0.700000000000000	0.733333333000000	0.766666667000000	0.800000000000000	0.833333333000000	0.866666667000000	0.900000000000000	0.933333333000000	0.966666667000000	1	1	1
353	354	355	356	357	358	359	360	361	362	363	364	365	366	367	368	369	370	371	372	373	374	375	376	377	378	379	380	381	382	383	384
*Master
2
3
0.0, 0.0, 0.0, 1.0, 1.0, 1.0
387, 386, 385
-----------------------------------------------------------------
*Multistep
2
*step
*increment
5
*iteration
500
*bcdof
64
1	,	1
2	,	1
3	,	1
4	,	1
5	,	1
6	,	1
7	,	1
8	,	1
9	,	1
10	,	1
11	,	1
12	,	1
13	,	1
14	,	1
15	,	1
16	,	1
17	,	1
18	,	1
19	,	1
20	,	1
21	,	1
22	,	1
23	,	1
24	,	1
25	,	1
26	,	1
27	,	1
28	,	1
29	,	1
30	,	1
31	,	1
32	,	1
1	,	2
2	,	2
3	,	2
4	,	2
5	,	2
6	,	2
7	,	2
8	,	2
9	,	2
10	,	2
11	,	2
12	,	2
13	,	2
14	,	2
15	,	2
16	,	2
17	,	2
18	,	2
19	,	2
20	,	2
21	,	2
22	,	2
23	,	2
24	,	2
25	,	2
26	,	2
27	,	2
28	,	2
29	,	2
30	,	2
31	,	2
32	,	2
*dispdof
6
391, 1,  1.0e-5
392, 1,  1.0e-5
393, 1,  1.0e-5
391, 2, -0.6
392, 2, -0.6
393, 2, -0.6
*endstep
*step
*increment
20
*iteration
100
*bcdof
67
1	,	1
2	,	1
3	,	1
4	,	1
5	,	1
6	,	1
7	,	1
8	,	1
9	,	1
10	,	1
11	,	1
12	,	1
13	,	1
14	,	1
15	,	1
16	,	1
17	,	1
18	,	1
19	,	1
20	,	1
21	,	1
22	,	1
23	,	1
24	,	1
25	,	1
26	,	1
27	,	1
28	,	1
29	,	1
30	,	1
31	,	1
32	,	1
1	,	2
2	,	2
3	,	2
4	,	2
5	,	2
6	,	2
7	,	2
8	,	2
9	,	2
10	,	2
11	,	2
12	,	2
13	,	2
14	,	2
15	,	2
16	,	2
17	,	2
18	,	2
19	,	2
20	,	2
21	,	2
22	,	2
23	,	2
24	,	2
25	,	2
26	,	2
27	,	2
28	,	2
29	,	2
30	,	2
31	,	2
32	,	2
391, 2
392, 2
393, 2
*dispdof
3
391, 1, 10.5
392, 1, 10.5
393, 1, 10.5
391, 2, -1.0e-4
392, 2, -1.0e-4
393, 2, -1.0e-4
*endstep
*end
