   2,
   3,   3,
  22,   4,
   2,   2,
   2,   2,
   0.0000000000000000E+00,   0.0000000000000000E+00,   0.0000000000000000E+00,   0.1000000000000000E+01,   0.1000000000000000E+01,   0.1000000000000000E+01,
   0.0000000000000000E+00,   0.0000000000000000E+00,   0.0000000000000000E+00,   0.1000000000000000E+01,   0.1000000000000000E+01,   0.1000000000000000E+01,
  -0.1000000000000000E+00,   0.2540000000000000E+00,   0.1000000000000000E+01,
  -0.1000000000000000E+00,   0.2640000000000000E+00,   0.1000000000000000E+01,
  -0.1000000000000000E+00,   0.2740000000000000E+00,   0.1000000000000000E+01,
   0.1750000000000000E+00,   0.2540000000000000E+00,   0.1000000000000000E+01,
   0.1750000000000000E+00,   0.2640000000000000E+00,   0.1000000000000000E+01,
   0.1750000000000000E+00,   0.2740000000000000E+00,   0.1000000000000000E+01,
   0.3500000000000000E+00,   0.2540000000000000E+00,   0.1000000000000000E+01,
   0.3500000000000000E+00,   0.2640000000000000E+00,   0.1000000000000000E+01,
   0.3500000000000000E+00,   0.2740000000000000E+00,   0.1000000000000000E+01,
   0.0000000000000000E+00,   0.0000000000000000E+00,   0.0000000000000000E+00,   0.5000000000000000E-01,   0.1000000000000000E+00,   0.1500000000000000E+00,   0.2000000000000000E+00,   0.2500000000000000E+00,   0.3000000000000000E+00,   0.3500000000000000E+00,   0.4000000000000000E+00,   0.4500000000000000E+00,   0.5000000000000000E+00,   0.5500000000000000E+00,   0.6000000000000000E+00,   0.6500000000000000E+00,   0.7000000000000000E+00,   0.7500000000000000E+00,   0.8000000000000000E+00,   0.8500000000000000E+00,   0.9000000000000000E+00,   0.9500000000000000E+00,   0.1000000000000000E+01,   0.1000000000000000E+01,   0.1000000000000000E+01,
   0.0000000000000000E+00,   0.0000000000000000E+00,   0.0000000000000000E+00,   0.5000000000000000E+00,   0.1000000000000000E+01,   0.1000000000000000E+01,   0.1000000000000000E+01,
   0.0000000000000000E+00,   0.2340032246962412E+00,   0.1000000000000000E+01,
   0.0000000000000000E+00,   0.2389947333832761E+00,   0.1000000000000000E+01,
   0.0000000000000000E+00,   0.2489940645552586E+00,   0.1000000000000000E+01,
   0.0000000000000000E+00,   0.2540000000000000E+00,   0.1000000000000000E+01,
   0.8646632232315200E-02,   0.2340043533463057E+00,   0.9853553000000000E+00,
   0.8806970959790916E-02,   0.2389959955542894E+00,   0.9853553000000000E+00,
   0.9131953234589639E-02,   0.2489973682431636E+00,   0.9853553000000000E+00,
   0.9291618898402439E-02,   0.2540064858050636E+00,   0.9853553000000000E+00,
   0.2613367543058449E-01,   0.2328731856335202E+00,   0.9589949000000000E+00,
   0.2662345029158094E-01,   0.2378448678756589E+00,   0.9589949000000000E+00,
   0.2760747395768568E-01,   0.2478037831070284E+00,   0.9589949000000000E+00,
   0.2809931544939570E-01,   0.2527895202614651E+00,   0.9589949000000000E+00,
   0.4395270392103964E-01,   0.2305057680231508E+00,   0.9355635000000000E+00,
   0.4478317498446514E-01,   0.2354337211761674E+00,   0.9355635000000000E+00,
   0.4644983648772762E-01,   0.2453022690802104E+00,   0.9355635000000000E+00,
   0.4728246116949256E-01,   0.2502425413878043E+00,   0.9355635000000000E+00,
   0.6197272930658293E-01,   0.2268123860514837E+00,   0.9150610000000000E+00,
   0.6315258349019606E-01,   0.2316702703504264E+00,   0.9150610000000000E+00,
   0.6551804312371677E-01,   0.2413964893305720E+00,   0.9150610000000000E+00,
   0.6670066689157442E-01,   0.2462644799611341E+00,   0.9150610000000000E+00,
   0.8004201480624279E-01,   0.2217198048076987E+00,   0.8974874000000000E+00,
   0.8157700436841549E-01,   0.2264794417250750E+00,   0.8974874000000000E+00,
   0.8465287732372058E-01,   0.2360061211322082E+00,   0.8974874000000000E+00,
   0.8619069148860600E-01,   0.2407735228208355E+00,   0.8974874000000000E+00,
   0.9799131619550522E-01,   0.2151757137541240E+00,   0.8828427000000000E+00,
   0.9988394490771564E-01,   0.2198066268207571E+00,   0.8828427000000000E+00,
   0.1036746538410005E+00,   0.2290733986826466E+00,   0.8828427000000000E+00,
   0.1055698487348171E+00,   0.2337100771284151E+00,   0.8828427000000000E+00,
   0.1156374095982975E+00,   0.2071532855740972E+00,   0.8711270000000000E+00,
   0.1178862894323998E+00,   0.2116237835153360E+00,   0.8711270000000000E+00,
   0.1223886615082189E+00,   0.2205676802022915E+00,   0.8711270000000000E+00,
   0.1246395678835226E+00,   0.2250419660305034E+00,   0.8711270000000000E+00,
   0.1327882494259616E+00,   0.1976551191905612E+00,   0.8623402000000000E+00,
   0.1353877145775023E+00,   0.2019329421073857E+00,   0.8623402000000000E+00,
   0.1405901059553036E+00,   0.2104894403090364E+00,   0.8623402000000000E+00,
   0.1431908421977379E+00,   0.2147693652432805E+00,   0.8623402000000000E+00,
   0.1492489694949940E+00,   0.1867160620748254E+00,   0.8564823000000000E+00,
   0.1521888580244833E+00,   0.1907690515518857E+00,   0.8564823000000000E+00,
   0.1580708107853279E+00,   0.1988739903389337E+00,   0.8564823000000000E+00,
   0.1610110067450912E+00,   0.2029274137349017E+00,   0.8564823000000000E+00,
   0.1648289234684797E+00,   0.1744045236681754E+00,   0.8535534000000000E+00,
   0.1680945122677648E+00,   0.1782011381830362E+00,   0.8535534000000000E+00,
   0.1746265668914217E+00,   0.1857920770128797E+00,   0.8535534000000000E+00,
   0.1778913210202290E+00,   0.1895879222959881E+00,   0.8535534000000000E+00,
   0.1793488665863403E+00,   0.1608211745864992E+00,   0.8535534000000000E+00,
   0.1829210352986759E+00,   0.1643319338717233E+00,   0.8535534000000000E+00,
   0.1900648393497592E+00,   0.1713498591516061E+00,   0.8535534000000000E+00,
   0.1936351281666959E+00,   0.1748586350757433E+00,   0.8535534000000000E+00,
   0.1926480500842069E+00,   0.1460972025086502E+00,   0.8564823000000000E+00,
   0.1965037696062084E+00,   0.1492949517223088E+00,   0.8564823000000000E+00,
   0.2042128079156738E+00,   0.1556859048246899E+00,   0.8564823000000000E+00,
   0.2080652405632977E+00,   0.1588809424344085E+00,   0.8564823000000000E+00,
   0.2045907850843200E+00,   0.1303897478608673E+00,   0.8623402000000000E+00,
   0.2087030546518490E+00,   0.1332505323771798E+00,   0.8623402000000000E+00,
   0.2169236365728489E+00,   0.1389671705208838E+00,   0.8623402000000000E+00,
   0.2210314171358040E+00,   0.1418248125097454E+00,   0.8623402000000000E+00,
   0.2150706674099745E+00,   0.1138760595324946E+00,   0.8711270000000000E+00,
   0.2194097384736835E+00,   0.1163798276918467E+00,   0.8711270000000000E+00,
   0.2280823471405271E+00,   0.1213824809852041E+00,   0.8711270000000000E+00,
   0.2324155871697238E+00,   0.1238829457983255E+00,   0.8711270000000000E+00,
   0.2240145083532497E+00,   0.9674686103273841E-01,   0.8828427000000000E+00,
   0.2285483824300535E+00,   0.9887786479400786E-01,   0.8828427000000000E+00,
   0.2376088672889653E+00,   0.1031353625873233E+00,   0.8828427000000000E+00,
   0.2421357768232516E+00,   0.1052632028511293E+00,   0.8828427000000000E+00,
   0.2313836391088856E+00,   0.7919895491907397E-01,   0.8974874000000000E+00,
   0.2360787280813427E+00,   0.8094608911480200E-01,   0.8974874000000000E+00,
   0.2454605033918605E+00,   0.8443633698569732E-01,   0.8974874000000000E+00,
   0.2501475441223669E+00,   0.8618066683643323E-01,   0.8974874000000000E+00,
   0.2371732859229294E+00,   0.6142822544114387E-01,   0.9150610000000000E+00,
   0.2419954080791938E+00,   0.6278496348467656E-01,   0.9150610000000000E+00,
   0.2516305477042670E+00,   0.6549513072641096E-01,   0.9150610000000000E+00,
   0.2564440179419716E+00,   0.6684953298250253E-01,   0.9150610000000000E+00,
   0.2414102734898551E+00,   0.4362285958315804E-01,   0.9355635000000000E+00,
   0.2463257847013307E+00,   0.4458720002928303E-01,   0.9355635000000000E+00,
   0.2561468313481622E+00,   0.4651340905816601E-01,   0.9355635000000000E+00,
   0.2610529871587409E+00,   0.4747598678108787E-01,   0.9355635000000000E+00,
   0.2441498068452884E+00,   0.2595782700500655E-01,   0.9589949000000000E+00,
   0.2491257887746975E+00,   0.2653197128228483E-01,   0.9589949000000000E+00,
   0.2590672953022187E+00,   0.2767878357978670E-01,   0.9589949000000000E+00,
   0.2640335186566059E+00,   0.2825187558997807E-01,   0.9589949000000000E+00,
   0.2454707735920777E+00,   0.8590454149753637E-02,   0.9853553000000000E+00,
   0.2504760132621891E+00,   0.8780535635259870E-02,   0.9853553000000000E+00,
   0.2604756609602131E+00,   0.9160162058251655E-02,   0.9853553000000000E+00,
   0.2654709553529715E+00,   0.9349858085381737E-02,   0.9853553000000000E+00,
   0.2454708840215076E+00,   0.0000000000000000E+00,   0.1000000000000000E+01,
   0.2504760767306378E+00,   0.0000000000000000E+00,   0.1000000000000000E+01,
   0.2604756645579888E+00,   0.0000000000000000E+00,   0.1000000000000000E+01,
   0.2654708988324090E+00,   0.0000000000000000E+00,   0.1000000000000000E+01,
