!----------------------------------------------------------------
!
! Rigid Punch on Elastic Foundation
!
!----------------------------------------------------------------
*begin_MP
2       !number of patches
2       !problem dimension
2, 2	!degree of each dimension patch1
2, 2    !degree of each dimension patch2
14, 8    !control points in each direction patch1
5, 3    !control points in each direction patch2
0, 0    !open(0) or closed(1) knot vector patch1
0, 0    !open(0) or closed(1) knot vector patch2
127     !total number of control points
-----------------------------------------------------------------
*knots    !knot spans
0.000000	0.000000	0.000000	0.083333	0.166667	0.250000	0.333333	0.416667	0.500000	0.583333	0.666667	0.750000	0.833333	0.916667	1.000000	1.000000	1.000000
0.000000	0.000000	0.000000	0.166667	0.333333	0.500000	0.666667	0.833333	1.000000	1.000000	1.000000
0.00	0.00	0.00	0.50	0.50	1.00	1.00	1.00  
0.00	0.00	0.00	1.00	1.00	1.00 
-----------------------------------------------------------------
*element
Quad9E  !Element for patch 1 (Block)
Quad9E  !Element for patch 2 (Punch)
*bnet     
-8.000000E+000 0.000000E+000 1.000000E+000
-8.000000E+000 3.333333E-001 1.000000E+000
-8.000000E+000 1.000000E+000 1.000000E+000
-8.000000E+000 1.666667E+000 1.000000E+000
-8.000000E+000 2.333333E+000 1.000000E+000
-8.000000E+000 3.000000E+000 1.000000E+000
-8.000000E+000 3.666667E+000 1.000000E+000
-8.000000E+000 4.000000E+000 1.000000E+000
-7.333333E+000 0.000000E+000 1.000000E+000
-7.333333E+000 3.333333E-001 1.000000E+000
-7.333333E+000 1.000000E+000 1.000000E+000
-7.333333E+000 1.666667E+000 1.000000E+000
-7.333333E+000 2.333333E+000 1.000000E+000
-7.333333E+000 3.000000E+000 1.000000E+000
-7.333333E+000 3.666667E+000 1.000000E+000
-7.333333E+000 4.000000E+000 1.000000E+000
-6.000000E+000 0.000000E+000 1.000000E+000
-6.000000E+000 3.333333E-001 1.000000E+000
-6.000000E+000 1.000000E+000 1.000000E+000
-6.000000E+000 1.666667E+000 1.000000E+000
-6.000000E+000 2.333333E+000 1.000000E+000
-6.000000E+000 3.000000E+000 1.000000E+000
-6.000000E+000 3.666667E+000 1.000000E+000
-6.000000E+000 4.000000E+000 1.000000E+000
-4.666667E+000 0.000000E+000 1.000000E+000
-4.666667E+000 3.333333E-001 1.000000E+000
-4.666667E+000 1.000000E+000 1.000000E+000
-4.666667E+000 1.666667E+000 1.000000E+000
-4.666667E+000 2.333333E+000 1.000000E+000
-4.666667E+000 3.000000E+000 1.000000E+000
-4.666667E+000 3.666667E+000 1.000000E+000
-4.666667E+000 4.000000E+000 1.000000E+000
-3.333333E+000 0.000000E+000 1.000000E+000
-3.333333E+000 3.333333E-001 1.000000E+000
-3.333333E+000 1.000000E+000 1.000000E+000
-3.333333E+000 1.666667E+000 1.000000E+000
-3.333333E+000 2.333333E+000 1.000000E+000
-3.333333E+000 3.000000E+000 1.000000E+000
-3.333333E+000 3.666667E+000 1.000000E+000
-3.333333E+000 4.000000E+000 1.000000E+000
-2.000000E+000 0.000000E+000 1.000000E+000
-2.000000E+000 3.333333E-001 1.000000E+000
-2.000000E+000 1.000000E+000 1.000000E+000
-2.000000E+000 1.666667E+000 1.000000E+000
-2.000000E+000 2.333333E+000 1.000000E+000
-2.000000E+000 3.000000E+000 1.000000E+000
-2.000000E+000 3.666667E+000 1.000000E+000
-2.000000E+000 4.000000E+000 1.000000E+000
-6.666667E-001 0.000000E+000 1.000000E+000
-6.666667E-001 3.333333E-001 1.000000E+000
-6.666667E-001 1.000000E+000 1.000000E+000
-6.666667E-001 1.666667E+000 1.000000E+000
-6.666667E-001 2.333333E+000 1.000000E+000
-6.666667E-001 3.000000E+000 1.000000E+000
-6.666667E-001 3.666667E+000 1.000000E+000
-6.666667E-001 4.000000E+000 1.000000E+000
6.666667E-001 0.000000E+000 1.000000E+000
6.666667E-001 3.333333E-001 1.000000E+000
6.666667E-001 1.000000E+000 1.000000E+000
6.666667E-001 1.666667E+000 1.000000E+000
6.666667E-001 2.333333E+000 1.000000E+000
6.666667E-001 3.000000E+000 1.000000E+000
6.666667E-001 3.666667E+000 1.000000E+000
6.666667E-001 4.000000E+000 1.000000E+000
2.000000E+000 0.000000E+000 1.000000E+000
2.000000E+000 3.333333E-001 1.000000E+000
2.000000E+000 1.000000E+000 1.000000E+000
2.000000E+000 1.666667E+000 1.000000E+000
2.000000E+000 2.333333E+000 1.000000E+000
2.000000E+000 3.000000E+000 1.000000E+000
2.000000E+000 3.666667E+000 1.000000E+000
2.000000E+000 4.000000E+000 1.000000E+000
3.333333E+000 0.000000E+000 1.000000E+000
3.333333E+000 3.333333E-001 1.000000E+000
3.333333E+000 1.000000E+000 1.000000E+000
3.333333E+000 1.666667E+000 1.000000E+000
3.333333E+000 2.333333E+000 1.000000E+000
3.333333E+000 3.000000E+000 1.000000E+000
3.333333E+000 3.666667E+000 1.000000E+000
3.333333E+000 4.000000E+000 1.000000E+000
4.666667E+000 0.000000E+000 1.000000E+000
4.666667E+000 3.333333E-001 1.000000E+000
4.666667E+000 1.000000E+000 1.000000E+000
4.666667E+000 1.666667E+000 1.000000E+000
4.666667E+000 2.333333E+000 1.000000E+000
4.666667E+000 3.000000E+000 1.000000E+000
4.666667E+000 3.666667E+000 1.000000E+000
4.666667E+000 4.000000E+000 1.000000E+000
6.000000E+000 0.000000E+000 1.000000E+000
6.000000E+000 3.333333E-001 1.000000E+000
6.000000E+000 1.000000E+000 1.000000E+000
6.000000E+000 1.666667E+000 1.000000E+000
6.000000E+000 2.333333E+000 1.000000E+000
6.000000E+000 3.000000E+000 1.000000E+000
6.000000E+000 3.666667E+000 1.000000E+000
6.000000E+000 4.000000E+000 1.000000E+000
7.333333E+000 0.000000E+000 1.000000E+000
7.333333E+000 3.333333E-001 1.000000E+000
7.333333E+000 1.000000E+000 1.000000E+000
7.333333E+000 1.666667E+000 1.000000E+000
7.333333E+000 2.333333E+000 1.000000E+000
7.333333E+000 3.000000E+000 1.000000E+000
7.333333E+000 3.666667E+000 1.000000E+000
7.333333E+000 4.000000E+000 1.000000E+000
8.000000E+000 0.000000E+000 1.000000E+000
8.000000E+000 3.333333E-001 1.000000E+000
8.000000E+000 1.000000E+000 1.000000E+000
8.000000E+000 1.666667E+000 1.000000E+000
8.000000E+000 2.333333E+000 1.000000E+000
8.000000E+000 3.000000E+000 1.000000E+000
8.000000E+000 3.666667E+000 1.000000E+000
8.000000E+000 4.000000E+000 1.000000E+000
-7.000000E+000 1.200000E+001 1.000000E+000 !Punch
-7.500000E+000 1.200000E+001 1.000000E+000
-8.000000E+000 1.200000E+001 1.000000E+000
-7.000000E+000 5.000000E+000 7.071068E-001
-7.500000E+000 4.500000E+000 7.071068E-001
-8.000000E+000 4.000000E+000 7.071068E-001
0.000000E+000 5.000000E+000 1.000000E+000
0.000000E+000 4.500000E+000 1.000000E+000
0.000000E+000 4.000000E+000 1.000000E+000
7.000000E+000 5.000000E+000 7.071068E-001
7.500000E+000 4.500000E+000 7.071068E-001
8.000000E+000 4.000000E+000 7.071068E-001
7.000000E+000 1.200000E+001 1.000000E+000
7.500000E+000 1.200000E+001 1.000000E+000
8.000000E+000 1.200000E+001 1.000000E+000
-----------------------------------------------------------------
*MP_conn
   1   31   30   29   17   16   15    3    2    1
   2   32   31   30   18   17   16    4    3    2
   3   33   32   31   19   18   17    5    4    3
   4   34   33   32   20   19   18    6    5    4
   5   35   34   33   21   20   19    7    6    5
   6   36   35   34   22   21   20    8    7    6
   7   37   36   35   23   22   21    9    8    7
   8   38   37   36   24   23   22   10    9    8
   9   39   38   37   25   24   23   11   10    9
  10   40   39   38   26   25   24   12   11   10
  11   41   40   39   27   26   25   13   12   11
  12   42   41   40   28   27   26   14   13   12
  13   45   44   43   31   30   29   17   16   15
  14   46   45   44   32   31   30   18   17   16
  15   47   46   45   33   32   31   19   18   17
  16   48   47   46   34   33   32   20   19   18
  17   49   48   47   35   34   33   21   20   19
  18   50   49   48   36   35   34   22   21   20
  19   51   50   49   37   36   35   23   22   21
  20   52   51   50   38   37   36   24   23   22
  21   53   52   51   39   38   37   25   24   23
  22   54   53   52   40   39   38   26   25   24
  23   55   54   53   41   40   39   27   26   25
  24   56   55   54   42   41   40   28   27   26
  25   59   58   57   45   44   43   31   30   29
  26   60   59   58   46   45   44   32   31   30
  27   61   60   59   47   46   45   33   32   31
  28   62   61   60   48   47   46   34   33   32
  29   63   62   61   49   48   47   35   34   33
  30   64   63   62   50   49   48   36   35   34
  31   65   64   63   51   50   49   37   36   35
  32   66   65   64   52   51   50   38   37   36
  33   67   66   65   53   52   51   39   38   37
  34   68   67   66   54   53   52   40   39   38
  35   69   68   67   55   54   53   41   40   39
  36   70   69   68   56   55   54   42   41   40
  37   73   72   71   59   58   57   45   44   43
  38   74   73   72   60   59   58   46   45   44
  39   75   74   73   61   60   59   47   46   45
  40   76   75   74   62   61   60   48   47   46
  41   77   76   75   63   62   61   49   48   47
  42   78   77   76   64   63   62   50   49   48
  43   79   78   77   65   64   63   51   50   49
  44   80   79   78   66   65   64   52   51   50
  45   81   80   79   67   66   65   53   52   51
  46   82   81   80   68   67   66   54   53   52
  47   83   82   81   69   68   67   55   54   53
  48   84   83   82   70   69   68   56   55   54
  49   87   86   85   73   72   71   59   58   57
  50   88   87   86   74   73   72   60   59   58
  51   89   88   87   75   74   73   61   60   59
  52   90   89   88   76   75   74   62   61   60
  53   91   90   89   77   76   75   63   62   61
  54   92   91   90   78   77   76   64   63   62
  55   93   92   91   79   78   77   65   64   63
  56   94   93   92   80   79   78   66   65   64
  57   95   94   93   81   80   79   67   66   65
  58   96   95   94   82   81   80   68   67   66
  59   97   96   95   83   82   81   69   68   67
  60   98   97   96   84   83   82   70   69   68
  61  101  100   99   87   86   85   73   72   71
  62  102  101  100   88   87   86   74   73   72
  63  103  102  101   89   88   87   75   74   73
  64  104  103  102   90   89   88   76   75   74
  65  105  104  103   91   90   89   77   76   75
  66  106  105  104   92   91   90   78   77   76
  67  107  106  105   93   92   91   79   78   77
  68  108  107  106   94   93   92   80   79   78
  69  109  108  107   95   94   93   81   80   79
  70  110  109  108   96   95   94   82   81   80
  71  111  110  109   97   96   95   83   82   81
  72  112  111  110   98   97   96   84   83   82
73	125	124	123	120	119	118	115	114	113
74	127	126	125	122	121	120	117	116	115
-----------------------------------------------------------------
*material
6
1000.0, 0.3, 1.0, 0.0, 1.0e25, 100.0
1000000000.0, 0.3, 1.0, 0.0, 1.0e25, 0.0
-----------------------------------------------------------------
*ContactPTS
*Master
2
5
0.00	0.00	0.00	0.50	0.50	1.00	1.00	1.00
127, 126, 125, 124, 123
*Slave
2
14
0.000000	0.000000	0.000000	0.083333	0.166667	0.250000	0.333333	0.416667	0.500000	0.583333	0.666667	0.750000	0.833333	0.916667	1.000000	1.000000	1.000000
99, 100, 101, 102, 103, 104, 105, 106, 107, 108, 109, 110, 111, 112
-----------------------------------------------------------------
*Multistep
1
*step
*increment
1
*iteration
100
*bcdof
71
1	,	1
2	,	1
3	,	1
4	,	1
5	,	1
6	,	1
7	,	1
8	,	1
9	,	1
10	,	1
11	,	1
12	,	1
13	,	1
14	,	1
15	,	1
29	,	1
43	,	1
57	,	1
71	,	1
85	,	1
99	,	1
28	,	1
42	,	1
56	,	1
70	,	1
84	,	1
98	,	1
112	,	1
1	,	2
2	,	2
3	,	2
4	,	2
5	,	2
6	,	2
7	,	2
8	,	2
9	,	2
10	,	2
11	,	2
12	,	2
13	,	2
14	,	2
15	,	2
29	,	2
43	,	2
57	,	2
71	,	2
85	,	2
99	,	2
28	,	2
42	,	2
56	,	2
70	,	2
84	,	2
98	,	2
112	,	2
113	,	1
114	,	1
115	,	1
116	,	1
117	,	1
118	,	1
119	,	1
120	,	1
121	,	1
122	,	1
123	,	1
124	,	1
125	,	1
126	,	1
127	,	1
*dispdof
15
113	,	2	,	-0.6
114	,	2	,	-0.6
115	,	2	,	-0.6
116	,	2	,	-0.6
117	,	2	,	-0.6
118	,	2	,	-0.6
119	,	2	,	-0.6
120	,	2	,	-0.6
121	,	2	,	-0.6
122	,	2	,	-0.6
123	,	2	,	-0.6
124	,	2	,	-0.6
125	,	2	,	-0.6
126	,	2	,	-0.6
127	,	2	,	-0.6
*endstep
*end
