-----------------------------------------------------------------------------------------------
Timoshenko Beam from the work of Nguyen et al
12 element mesh obtained from k-refinement
-----------------------------------------------------------------------------------------------
*begin
2        !problem dimension
2, 2     !degree of each dimension
26, 10     !control points in each direction
0, 0     !open(0) or closed(1) knot vector
-----------------------------------------------------------------------------------------------
*knots    !knot spans
0.00000000, 0.00000000, 0.00000000, 0.04166667, 0.08333333, 0.12500000, 0.16666667, 0.20833333, 0.25000000, 0.29166667, 0.33333333, 0.37500000, 0.41666667, 0.45833333, 0.50000000, 0.54166667, 0.58333333, 0.62500000, 0.66666667, 0.70833333, 0.75000000, 0.79166667, 0.83333333, 0.87500000, 0.91666667, 0.95833333, 1.00000000, 1.00000000, 1.00000000
0.00000000, 0.00000000, 0.00000000, 0.12500000, 0.25000000, 0.37500000, 0.50000000, 0.62500000, 0.75000000, 0.87500000, 1.00000000, 1.00000000, 1.00000000
-----------------------------------------------------------------------------------------------
*element
Quad16S
-----------------------------------------------------------------------------------------------
*bnet     !nurbs control points
0.000000E+000 -6.000000E+000 1.000000E+000
0.000000E+000 -5.250000E+000 1.000000E+000
0.000000E+000 -3.750000E+000 1.000000E+000
0.000000E+000 -2.250000E+000 1.000000E+000
0.000000E+000 -7.500000E-001 1.000000E+000
0.000000E+000 7.500000E-001 1.000000E+000
0.000000E+000 2.250000E+000 1.000000E+000
0.000000E+000 3.750000E+000 1.000000E+000
0.000000E+000 5.250000E+000 1.000000E+000
0.000000E+000 6.000000E+000 1.000000E+000
1.000000E+000 -6.000000E+000 1.000000E+000
1.000000E+000 -5.250000E+000 1.000000E+000
1.000000E+000 -3.750000E+000 1.000000E+000
1.000000E+000 -2.250000E+000 1.000000E+000
1.000000E+000 -7.500000E-001 1.000000E+000
1.000000E+000 7.500000E-001 1.000000E+000
1.000000E+000 2.250000E+000 1.000000E+000
1.000000E+000 3.750000E+000 1.000000E+000
1.000000E+000 5.250000E+000 1.000000E+000
1.000000E+000 6.000000E+000 1.000000E+000
3.000000E+000 -6.000000E+000 1.000000E+000
3.000000E+000 -5.250000E+000 1.000000E+000
3.000000E+000 -3.750000E+000 1.000000E+000
3.000000E+000 -2.250000E+000 1.000000E+000
3.000000E+000 -7.500000E-001 1.000000E+000
3.000000E+000 7.500000E-001 1.000000E+000
3.000000E+000 2.250000E+000 1.000000E+000
3.000000E+000 3.750000E+000 1.000000E+000
3.000000E+000 5.250000E+000 1.000000E+000
3.000000E+000 6.000000E+000 1.000000E+000
5.000000E+000 -6.000000E+000 1.000000E+000
5.000000E+000 -5.250000E+000 1.000000E+000
5.000000E+000 -3.750000E+000 1.000000E+000
5.000000E+000 -2.250000E+000 1.000000E+000
5.000000E+000 -7.500000E-001 1.000000E+000
5.000000E+000 7.500000E-001 1.000000E+000
5.000000E+000 2.250000E+000 1.000000E+000
5.000000E+000 3.750000E+000 1.000000E+000
5.000000E+000 5.250000E+000 1.000000E+000
5.000000E+000 6.000000E+000 1.000000E+000
7.000000E+000 -6.000000E+000 1.000000E+000
7.000000E+000 -5.250000E+000 1.000000E+000
7.000000E+000 -3.750000E+000 1.000000E+000
7.000000E+000 -2.250000E+000 1.000000E+000
7.000000E+000 -7.500000E-001 1.000000E+000
7.000000E+000 7.500000E-001 1.000000E+000
7.000000E+000 2.250000E+000 1.000000E+000
7.000000E+000 3.750000E+000 1.000000E+000
7.000000E+000 5.250000E+000 1.000000E+000
7.000000E+000 6.000000E+000 1.000000E+000
9.000000E+000 -6.000000E+000 1.000000E+000
9.000000E+000 -5.250000E+000 1.000000E+000
9.000000E+000 -3.750000E+000 1.000000E+000
9.000000E+000 -2.250000E+000 1.000000E+000
9.000000E+000 -7.500000E-001 1.000000E+000
9.000000E+000 7.500000E-001 1.000000E+000
9.000000E+000 2.250000E+000 1.000000E+000
9.000000E+000 3.750000E+000 1.000000E+000
9.000000E+000 5.250000E+000 1.000000E+000
9.000000E+000 6.000000E+000 1.000000E+000
1.100000E+001 -6.000000E+000 1.000000E+000
1.100000E+001 -5.250000E+000 1.000000E+000
1.100000E+001 -3.750000E+000 1.000000E+000
1.100000E+001 -2.250000E+000 1.000000E+000
1.100000E+001 -7.500000E-001 1.000000E+000
1.100000E+001 7.500000E-001 1.000000E+000
1.100000E+001 2.250000E+000 1.000000E+000
1.100000E+001 3.750000E+000 1.000000E+000
1.100000E+001 5.250000E+000 1.000000E+000
1.100000E+001 6.000000E+000 1.000000E+000
1.300000E+001 -6.000000E+000 1.000000E+000
1.300000E+001 -5.250000E+000 1.000000E+000
1.300000E+001 -3.750000E+000 1.000000E+000
1.300000E+001 -2.250000E+000 1.000000E+000
1.300000E+001 -7.500000E-001 1.000000E+000
1.300000E+001 7.500000E-001 1.000000E+000
1.300000E+001 2.250000E+000 1.000000E+000
1.300000E+001 3.750000E+000 1.000000E+000
1.300000E+001 5.250000E+000 1.000000E+000
1.300000E+001 6.000000E+000 1.000000E+000
1.500000E+001 -6.000000E+000 1.000000E+000
1.500000E+001 -5.250000E+000 1.000000E+000
1.500000E+001 -3.750000E+000 1.000000E+000
1.500000E+001 -2.250000E+000 1.000000E+000
1.500000E+001 -7.500000E-001 1.000000E+000
1.500000E+001 7.500000E-001 1.000000E+000
1.500000E+001 2.250000E+000 1.000000E+000
1.500000E+001 3.750000E+000 1.000000E+000
1.500000E+001 5.250000E+000 1.000000E+000
1.500000E+001 6.000000E+000 1.000000E+000
1.700000E+001 -6.000000E+000 1.000000E+000
1.700000E+001 -5.250000E+000 1.000000E+000
1.700000E+001 -3.750000E+000 1.000000E+000
1.700000E+001 -2.250000E+000 1.000000E+000
1.700000E+001 -7.500000E-001 1.000000E+000
1.700000E+001 7.500000E-001 1.000000E+000
1.700000E+001 2.250000E+000 1.000000E+000
1.700000E+001 3.750000E+000 1.000000E+000
1.700000E+001 5.250000E+000 1.000000E+000
1.700000E+001 6.000000E+000 1.000000E+000
1.900000E+001 -6.000000E+000 1.000000E+000
1.900000E+001 -5.250000E+000 1.000000E+000
1.900000E+001 -3.750000E+000 1.000000E+000
1.900000E+001 -2.250000E+000 1.000000E+000
1.900000E+001 -7.500000E-001 1.000000E+000
1.900000E+001 7.500000E-001 1.000000E+000
1.900000E+001 2.250000E+000 1.000000E+000
1.900000E+001 3.750000E+000 1.000000E+000
1.900000E+001 5.250000E+000 1.000000E+000
1.900000E+001 6.000000E+000 1.000000E+000
2.100000E+001 -6.000000E+000 1.000000E+000
2.100000E+001 -5.250000E+000 1.000000E+000
2.100000E+001 -3.750000E+000 1.000000E+000
2.100000E+001 -2.250000E+000 1.000000E+000
2.100000E+001 -7.500000E-001 1.000000E+000
2.100000E+001 7.500000E-001 1.000000E+000
2.100000E+001 2.250000E+000 1.000000E+000
2.100000E+001 3.750000E+000 1.000000E+000
2.100000E+001 5.250000E+000 1.000000E+000
2.100000E+001 6.000000E+000 1.000000E+000
2.300000E+001 -6.000000E+000 1.000000E+000
2.300000E+001 -5.250000E+000 1.000000E+000
2.300000E+001 -3.750000E+000 1.000000E+000
2.300000E+001 -2.250000E+000 1.000000E+000
2.300000E+001 -7.500000E-001 1.000000E+000
2.300000E+001 7.500000E-001 1.000000E+000
2.300000E+001 2.250000E+000 1.000000E+000
2.300000E+001 3.750000E+000 1.000000E+000
2.300000E+001 5.250000E+000 1.000000E+000
2.300000E+001 6.000000E+000 1.000000E+000
2.500000E+001 -6.000000E+000 1.000000E+000
2.500000E+001 -5.250000E+000 1.000000E+000
2.500000E+001 -3.750000E+000 1.000000E+000
2.500000E+001 -2.250000E+000 1.000000E+000
2.500000E+001 -7.500000E-001 1.000000E+000
2.500000E+001 7.500000E-001 1.000000E+000
2.500000E+001 2.250000E+000 1.000000E+000
2.500000E+001 3.750000E+000 1.000000E+000
2.500000E+001 5.250000E+000 1.000000E+000
2.500000E+001 6.000000E+000 1.000000E+000
2.700000E+001 -6.000000E+000 1.000000E+000
2.700000E+001 -5.250000E+000 1.000000E+000
2.700000E+001 -3.750000E+000 1.000000E+000
2.700000E+001 -2.250000E+000 1.000000E+000
2.700000E+001 -7.500000E-001 1.000000E+000
2.700000E+001 7.500000E-001 1.000000E+000
2.700000E+001 2.250000E+000 1.000000E+000
2.700000E+001 3.750000E+000 1.000000E+000
2.700000E+001 5.250000E+000 1.000000E+000
2.700000E+001 6.000000E+000 1.000000E+000
2.900000E+001 -6.000000E+000 1.000000E+000
2.900000E+001 -5.250000E+000 1.000000E+000
2.900000E+001 -3.750000E+000 1.000000E+000
2.900000E+001 -2.250000E+000 1.000000E+000
2.900000E+001 -7.500000E-001 1.000000E+000
2.900000E+001 7.500000E-001 1.000000E+000
2.900000E+001 2.250000E+000 1.000000E+000
2.900000E+001 3.750000E+000 1.000000E+000
2.900000E+001 5.250000E+000 1.000000E+000
2.900000E+001 6.000000E+000 1.000000E+000
3.100000E+001 -6.000000E+000 1.000000E+000
3.100000E+001 -5.250000E+000 1.000000E+000
3.100000E+001 -3.750000E+000 1.000000E+000
3.100000E+001 -2.250000E+000 1.000000E+000
3.100000E+001 -7.500000E-001 1.000000E+000
3.100000E+001 7.500000E-001 1.000000E+000
3.100000E+001 2.250000E+000 1.000000E+000
3.100000E+001 3.750000E+000 1.000000E+000
3.100000E+001 5.250000E+000 1.000000E+000
3.100000E+001 6.000000E+000 1.000000E+000
3.300000E+001 -6.000000E+000 1.000000E+000
3.300000E+001 -5.250000E+000 1.000000E+000
3.300000E+001 -3.750000E+000 1.000000E+000
3.300000E+001 -2.250000E+000 1.000000E+000
3.300000E+001 -7.500000E-001 1.000000E+000
3.300000E+001 7.500000E-001 1.000000E+000
3.300000E+001 2.250000E+000 1.000000E+000
3.300000E+001 3.750000E+000 1.000000E+000
3.300000E+001 5.250000E+000 1.000000E+000
3.300000E+001 6.000000E+000 1.000000E+000
3.500000E+001 -6.000000E+000 1.000000E+000
3.500000E+001 -5.250000E+000 1.000000E+000
3.500000E+001 -3.750000E+000 1.000000E+000
3.500000E+001 -2.250000E+000 1.000000E+000
3.500000E+001 -7.500000E-001 1.000000E+000
3.500000E+001 7.500000E-001 1.000000E+000
3.500000E+001 2.250000E+000 1.000000E+000
3.500000E+001 3.750000E+000 1.000000E+000
3.500000E+001 5.250000E+000 1.000000E+000
3.500000E+001 6.000000E+000 1.000000E+000
3.700000E+001 -6.000000E+000 1.000000E+000
3.700000E+001 -5.250000E+000 1.000000E+000
3.700000E+001 -3.750000E+000 1.000000E+000
3.700000E+001 -2.250000E+000 1.000000E+000
3.700000E+001 -7.500000E-001 1.000000E+000
3.700000E+001 7.500000E-001 1.000000E+000
3.700000E+001 2.250000E+000 1.000000E+000
3.700000E+001 3.750000E+000 1.000000E+000
3.700000E+001 5.250000E+000 1.000000E+000
3.700000E+001 6.000000E+000 1.000000E+000
3.900000E+001 -6.000000E+000 1.000000E+000
3.900000E+001 -5.250000E+000 1.000000E+000
3.900000E+001 -3.750000E+000 1.000000E+000
3.900000E+001 -2.250000E+000 1.000000E+000
3.900000E+001 -7.500000E-001 1.000000E+000
3.900000E+001 7.500000E-001 1.000000E+000
3.900000E+001 2.250000E+000 1.000000E+000
3.900000E+001 3.750000E+000 1.000000E+000
3.900000E+001 5.250000E+000 1.000000E+000
3.900000E+001 6.000000E+000 1.000000E+000
4.100000E+001 -6.000000E+000 1.000000E+000
4.100000E+001 -5.250000E+000 1.000000E+000
4.100000E+001 -3.750000E+000 1.000000E+000
4.100000E+001 -2.250000E+000 1.000000E+000
4.100000E+001 -7.500000E-001 1.000000E+000
4.100000E+001 7.500000E-001 1.000000E+000
4.100000E+001 2.250000E+000 1.000000E+000
4.100000E+001 3.750000E+000 1.000000E+000
4.100000E+001 5.250000E+000 1.000000E+000
4.100000E+001 6.000000E+000 1.000000E+000
4.300000E+001 -6.000000E+000 1.000000E+000
4.300000E+001 -5.250000E+000 1.000000E+000
4.300000E+001 -3.750000E+000 1.000000E+000
4.300000E+001 -2.250000E+000 1.000000E+000
4.300000E+001 -7.500000E-001 1.000000E+000
4.300000E+001 7.500000E-001 1.000000E+000
4.300000E+001 2.250000E+000 1.000000E+000
4.300000E+001 3.750000E+000 1.000000E+000
4.300000E+001 5.250000E+000 1.000000E+000
4.300000E+001 6.000000E+000 1.000000E+000
4.500000E+001 -6.000000E+000 1.000000E+000
4.500000E+001 -5.250000E+000 1.000000E+000
4.500000E+001 -3.750000E+000 1.000000E+000
4.500000E+001 -2.250000E+000 1.000000E+000
4.500000E+001 -7.500000E-001 1.000000E+000
4.500000E+001 7.500000E-001 1.000000E+000
4.500000E+001 2.250000E+000 1.000000E+000
4.500000E+001 3.750000E+000 1.000000E+000
4.500000E+001 5.250000E+000 1.000000E+000
4.500000E+001 6.000000E+000 1.000000E+000
4.700000E+001 -6.000000E+000 1.000000E+000
4.700000E+001 -5.250000E+000 1.000000E+000
4.700000E+001 -3.750000E+000 1.000000E+000
4.700000E+001 -2.250000E+000 1.000000E+000
4.700000E+001 -7.500000E-001 1.000000E+000
4.700000E+001 7.500000E-001 1.000000E+000
4.700000E+001 2.250000E+000 1.000000E+000
4.700000E+001 3.750000E+000 1.000000E+000
4.700000E+001 5.250000E+000 1.000000E+000
4.700000E+001 6.000000E+000 1.000000E+000
4.800000E+001 -6.000000E+000 1.000000E+000
4.800000E+001 -5.250000E+000 1.000000E+000
4.800000E+001 -3.750000E+000 1.000000E+000
4.800000E+001 -2.250000E+000 1.000000E+000
4.800000E+001 -7.500000E-001 1.000000E+000
4.800000E+001 7.500000E-001 1.000000E+000
4.800000E+001 2.250000E+000 1.000000E+000
4.800000E+001 3.750000E+000 1.000000E+000
4.800000E+001 5.250000E+000 1.000000E+000
4.800000E+001 6.000000E+000 1.000000E+000
-----------------------------------------------------------------------------------------------
*material
5
3.0e7, 0.30, 1.0, 0.0, 1.0e25
!Young Modulus, Poisson coef, thickness (set to 1.0 if not used), density, Yield Stress
-----------------------------------------------------------------------------------------------
*boundary   !boundary condition
20
1, 1, 1
1, 1, 2
1, 2, 1
1, 2, 2
1, 3, 1
1, 3, 2
1, 4, 1
1, 4, 2
1, 5, 1
1, 5, 2
1, 6, 1
1, 6, 2
1, 7, 1
1, 7, 2
1, 8, 1
1, 8, 2
1, 9, 1
1, 9, 2
1, 10, 1
1, 10, 2
--------------------------------------------------------
*load
8
26,	2,	2, -32.958984375000000
26,	3,	2, -1.142578125000000e+002
26,	4,	2, -1.611328125000000e+002
26,	5,	2, -1.845703125000000e+002
26,	6,	2, -1.845703125000000e+002
26,	7,	2, -1.611328125000000e+002
26,	8,	2, -1.142578125000000e+002
26,	9,	2, -32.958984375000000
-----------------------------------------------------------------------------------------------
*end


