!---------------------------------------------------------------------------
!
! Beam Benging subjected to Momentum in the tip
!
!---------------------------------------------------------------------------

*begin
3           !problem dimension
2, 1, 1     !degree of each dimension
10, 2, 2     !control points in each direction
0, 0, 0     !open(0) or closed(1) knot vector
--------------------------------------------------------
*knots    !knot spans
0.0 0.0 0.0 0.125 0.25 0.375 0.5 0.625 0.75 0.875 1.0 1.0, 1.0
0.0, 0.0, 1.0, 1.0
0.0, 0.0, 1.0, 1.0
--------------------------------------------------------
*element
Hex27EAS
*bnet     !nurbs control points
0.0000000000000000E+000 0.0000000000000000E+000 0.0000000000000000E+000 1.0000000000000000E+000
0.0000000000000000E+000 0.0000000000000000E+000 1.0000000000000000E+000 1.0000000000000000E+000
0.0000000000000000E+000 1.0000000000000000E+000 0.0000000000000000E+000 1.0000000000000000E+000
0.0000000000000000E+000 1.0000000000000000E+000 1.0000000000000000E+000 1.0000000000000000E+000
6.2500000000000011E-001 0.0000000000000000E+000 0.0000000000000000E+000 1.0000000000000000E+000
6.2500000000000011E-001 0.0000000000000000E+000 1.0000000000000000E+000 1.0000000000000000E+000
6.2500000000000011E-001 1.0000000000000000E+000 0.0000000000000000E+000 1.0000000000000000E+000
6.2500000000000011E-001 1.0000000000000000E+000 1.0000000000000000E+000 1.0000000000000000E+000
1.8750000000000004E+000 0.0000000000000000E+000 0.0000000000000000E+000 1.0000000000000000E+000
1.8750000000000004E+000 0.0000000000000000E+000 1.0000000000000000E+000 1.0000000000000000E+000
1.8750000000000004E+000 1.0000000000000000E+000 0.0000000000000000E+000 1.0000000000000000E+000
1.8750000000000004E+000 1.0000000000000000E+000 1.0000000000000000E+000 1.0000000000000000E+000
3.1250000000000004E+000 0.0000000000000000E+000 0.0000000000000000E+000 1.0000000000000000E+000
3.1250000000000004E+000 0.0000000000000000E+000 1.0000000000000000E+000 1.0000000000000000E+000
3.1250000000000004E+000 1.0000000000000000E+000 0.0000000000000000E+000 1.0000000000000000E+000
3.1250000000000004E+000 1.0000000000000000E+000 1.0000000000000000E+000 1.0000000000000000E+000
4.3750000000000000E+000 0.0000000000000000E+000 0.0000000000000000E+000 1.0000000000000000E+000
4.3750000000000000E+000 0.0000000000000000E+000 1.0000000000000000E+000 1.0000000000000000E+000
4.3750000000000000E+000 1.0000000000000000E+000 0.0000000000000000E+000 1.0000000000000000E+000
4.3750000000000000E+000 1.0000000000000000E+000 1.0000000000000000E+000 1.0000000000000000E+000
5.6250000000000000E+000 0.0000000000000000E+000 0.0000000000000000E+000 1.0000000000000000E+000
5.6250000000000000E+000 0.0000000000000000E+000 1.0000000000000000E+000 1.0000000000000000E+000
5.6250000000000000E+000 1.0000000000000000E+000 0.0000000000000000E+000 1.0000000000000000E+000
5.6250000000000000E+000 1.0000000000000000E+000 1.0000000000000000E+000 1.0000000000000000E+000
6.8750000000000000E+000 0.0000000000000000E+000 0.0000000000000000E+000 1.0000000000000000E+000
6.8750000000000000E+000 0.0000000000000000E+000 1.0000000000000000E+000 1.0000000000000000E+000
6.8750000000000000E+000 1.0000000000000000E+000 0.0000000000000000E+000 1.0000000000000000E+000
6.8750000000000000E+000 1.0000000000000000E+000 1.0000000000000000E+000 1.0000000000000000E+000
8.1250000000000000E+000 0.0000000000000000E+000 0.0000000000000000E+000 1.0000000000000000E+000
8.1250000000000000E+000 0.0000000000000000E+000 1.0000000000000000E+000 1.0000000000000000E+000
8.1250000000000000E+000 1.0000000000000000E+000 0.0000000000000000E+000 1.0000000000000000E+000
8.1250000000000000E+000 1.0000000000000000E+000 1.0000000000000000E+000 1.0000000000000000E+000
9.3750000000000000E+000 0.0000000000000000E+000 0.0000000000000000E+000 1.0000000000000000E+000
9.3750000000000000E+000 0.0000000000000000E+000 1.0000000000000000E+000 1.0000000000000000E+000
9.3750000000000000E+000 1.0000000000000000E+000 0.0000000000000000E+000 1.0000000000000000E+000
9.3750000000000000E+000 1.0000000000000000E+000 1.0000000000000000E+000 1.0000000000000000E+000
1.0000000000000000E+001 0.0000000000000000E+000 0.0000000000000000E+000 1.0000000000000000E+000
1.0000000000000000E+001 0.0000000000000000E+000 1.0000000000000000E+000 1.0000000000000000E+000
1.0000000000000000E+001 1.0000000000000000E+000 0.0000000000000000E+000 1.0000000000000000E+000
1.0000000000000000E+001 1.0000000000000000E+000 1.0000000000000000E+000 1.0000000000000000E+000
 --------------------------------------------------------
*material
5
1000.0, 0.0, 1.0, 0.0, 1.0e25
!Young Modulus, Poisson coef, thickness (set to 1.0 if not used), density, Yield Stress
*bcdof   !boundary condition *38
12
1	,	1
1	,	2
1	,	3
11	,	1
11	,	2
11	,	3
21	,	1
21	,	2
21	,	3
31	,	1
31	,	2
31	,	3
--------------------------------------------------------
*loaddof       !load vector
4
10, 1, -0.25
20, 1, -0.25
30, 1,  0.25
40, 1,  0.25
*end