!---------------------------------------------------------------------------
!
! Timoshenko Straight Cantilever
!
!---------------------------------------------------------------------------
*begin
3           !problem dimension
3, 3, 3     !degree of each dimension
4, 11, 4     !control points in each direction
0, 0, 0     !open(0) or closed(1) knot vector
--------------------------------------------------------
*knots    !knot spans
0.0, 0.0, 0.0, 0.0, 1.0, 1.0, 1.0, 1.0
0.0, 0.0, 0.0, 0.0, 0.125, 0.25, 0.375, 0.5, 0.625, 0.75, 0.875, 1.0, 1.0, 1.0, 1.0
0.0, 0.0, 0.0, 0.0, 1.0, 1.0, 1.0, 1.0
--------------------------------------------------------
*element
Hex64
*bnet     !nurbs control points
0.0000000000000000E+000 0.0000000000000000E+000 0.0000000000000000E+000 1.0000000000000000E+000
0.0000000000000000E+000 0.0000000000000000E+000 3.3333333333333331E-001 1.0000000000000000E+000
0.0000000000000000E+000 0.0000000000000000E+000 6.6666666666666663E-001 1.0000000000000000E+000
0.0000000000000000E+000 0.0000000000000000E+000 1.0000000000000000E+000 1.0000000000000000E+000
0.0000000000000000E+000 4.1666666666666661E+000 0.0000000000000000E+000 1.0000000000000000E+000
0.0000000000000000E+000 4.1666666666666661E+000 3.3333333333333331E-001 1.0000000000000000E+000
0.0000000000000000E+000 4.1666666666666661E+000 6.6666666666666663E-001 1.0000000000000000E+000
0.0000000000000000E+000 4.1666666666666661E+000 1.0000000000000000E+000 1.0000000000000000E+000
0.0000000000000000E+000 1.2499999999999998E+001 0.0000000000000000E+000 1.0000000000000000E+000
0.0000000000000000E+000 1.2499999999999998E+001 3.3333333333333331E-001 1.0000000000000000E+000
0.0000000000000000E+000 1.2499999999999998E+001 6.6666666666666663E-001 1.0000000000000000E+000
0.0000000000000000E+000 1.2499999999999998E+001 1.0000000000000000E+000 1.0000000000000000E+000
0.0000000000000000E+000 2.4999999999999996E+001 0.0000000000000000E+000 1.0000000000000000E+000
0.0000000000000000E+000 2.4999999999999993E+001 3.3333333333333337E-001 1.0000000000000000E+000
0.0000000000000000E+000 2.4999999999999993E+001 6.6666666666666674E-001 1.0000000000000000E+000
0.0000000000000000E+000 2.4999999999999996E+001 1.0000000000000000E+000 1.0000000000000000E+000
0.0000000000000000E+000 3.7500000000000000E+001 0.0000000000000000E+000 1.0000000000000000E+000
0.0000000000000000E+000 3.7499999999999993E+001 3.3333333333333337E-001 1.0000000000000000E+000
0.0000000000000000E+000 3.7499999999999993E+001 6.6666666666666674E-001 1.0000000000000000E+000
0.0000000000000000E+000 3.7500000000000000E+001 1.0000000000000000E+000 1.0000000000000000E+000
0.0000000000000000E+000 5.0000000000000000E+001 0.0000000000000000E+000 1.0000000000000000E+000
0.0000000000000000E+000 4.9999999999999986E+001 3.3333333333333337E-001 1.0000000000000000E+000
0.0000000000000000E+000 4.9999999999999986E+001 6.6666666666666674E-001 1.0000000000000000E+000
0.0000000000000000E+000 5.0000000000000000E+001 1.0000000000000000E+000 1.0000000000000000E+000
0.0000000000000000E+000 6.2499999999999993E+001 0.0000000000000000E+000 1.0000000000000000E+000
0.0000000000000000E+000 6.2499999999999986E+001 3.3333333333333337E-001 1.0000000000000000E+000
0.0000000000000000E+000 6.2499999999999986E+001 6.6666666666666674E-001 1.0000000000000000E+000
0.0000000000000000E+000 6.2499999999999993E+001 1.0000000000000000E+000 1.0000000000000000E+000
0.0000000000000000E+000 7.5000000000000000E+001 0.0000000000000000E+000 1.0000000000000000E+000
0.0000000000000000E+000 7.5000000000000000E+001 3.3333333333333331E-001 1.0000000000000000E+000
0.0000000000000000E+000 7.5000000000000000E+001 6.6666666666666663E-001 1.0000000000000000E+000
0.0000000000000000E+000 7.5000000000000000E+001 1.0000000000000000E+000 1.0000000000000000E+000
0.0000000000000000E+000 8.7500000000000000E+001 0.0000000000000000E+000 1.0000000000000000E+000
0.0000000000000000E+000 8.7500000000000000E+001 3.3333333333333331E-001 1.0000000000000000E+000
0.0000000000000000E+000 8.7500000000000000E+001 6.6666666666666663E-001 1.0000000000000000E+000
0.0000000000000000E+000 8.7500000000000000E+001 1.0000000000000000E+000 1.0000000000000000E+000
0.0000000000000000E+000 9.5833333333333329E+001 0.0000000000000000E+000 1.0000000000000000E+000
0.0000000000000000E+000 9.5833333333333314E+001 3.3333333333333331E-001 1.0000000000000000E+000
0.0000000000000000E+000 9.5833333333333314E+001 6.6666666666666663E-001 1.0000000000000000E+000
0.0000000000000000E+000 9.5833333333333329E+001 1.0000000000000000E+000 1.0000000000000000E+000
0.0000000000000000E+000 1.0000000000000000E+002 0.0000000000000000E+000 1.0000000000000000E+000
0.0000000000000000E+000 9.9999999999999986E+001 3.3333333333333331E-001 1.0000000000000000E+000
0.0000000000000000E+000 9.9999999999999986E+001 6.6666666666666663E-001 1.0000000000000000E+000
0.0000000000000000E+000 1.0000000000000000E+002 1.0000000000000000E+000 1.0000000000000000E+000
3.3333333333333331E-001 0.0000000000000000E+000 0.0000000000000000E+000 1.0000000000000000E+000
3.3333333333333331E-001 0.0000000000000000E+000 3.3333333333333331E-001 1.0000000000000000E+000
3.3333333333333331E-001 0.0000000000000000E+000 6.6666666666666663E-001 1.0000000000000000E+000
3.3333333333333331E-001 0.0000000000000000E+000 1.0000000000000000E+000 1.0000000000000000E+000
3.3333333333333331E-001 4.1666666666666661E+000 0.0000000000000000E+000 1.0000000000000000E+000
3.3333333333333331E-001 4.1666666666666661E+000 3.3333333333333331E-001 1.0000000000000000E+000
3.3333333333333331E-001 4.1666666666666661E+000 6.6666666666666663E-001 1.0000000000000000E+000
3.3333333333333331E-001 4.1666666666666661E+000 1.0000000000000000E+000 1.0000000000000000E+000
3.3333333333333331E-001 1.2499999999999998E+001 0.0000000000000000E+000 1.0000000000000000E+000
3.3333333333333331E-001 1.2499999999999998E+001 3.3333333333333331E-001 1.0000000000000000E+000
3.3333333333333331E-001 1.2499999999999998E+001 6.6666666666666663E-001 1.0000000000000000E+000
3.3333333333333331E-001 1.2499999999999998E+001 1.0000000000000000E+000 1.0000000000000000E+000
3.3333333333333337E-001 2.4999999999999993E+001 0.0000000000000000E+000 1.0000000000000000E+000
3.3333333333333337E-001 2.4999999999999993E+001 3.3333333333333337E-001 1.0000000000000000E+000
3.3333333333333337E-001 2.4999999999999993E+001 6.6666666666666674E-001 1.0000000000000000E+000
3.3333333333333337E-001 2.4999999999999993E+001 1.0000000000000000E+000 1.0000000000000000E+000
3.3333333333333337E-001 3.7499999999999993E+001 0.0000000000000000E+000 1.0000000000000000E+000
3.3333333333333337E-001 3.7499999999999993E+001 3.3333333333333337E-001 1.0000000000000000E+000
3.3333333333333337E-001 3.7499999999999993E+001 6.6666666666666674E-001 1.0000000000000000E+000
3.3333333333333337E-001 3.7499999999999993E+001 1.0000000000000000E+000 1.0000000000000000E+000
3.3333333333333337E-001 4.9999999999999986E+001 0.0000000000000000E+000 1.0000000000000000E+000
3.3333333333333337E-001 4.9999999999999986E+001 3.3333333333333337E-001 1.0000000000000000E+000
3.3333333333333337E-001 4.9999999999999986E+001 6.6666666666666674E-001 1.0000000000000000E+000
3.3333333333333337E-001 4.9999999999999986E+001 1.0000000000000000E+000 1.0000000000000000E+000
3.3333333333333337E-001 6.2499999999999986E+001 0.0000000000000000E+000 1.0000000000000000E+000
3.3333333333333337E-001 6.2499999999999986E+001 3.3333333333333337E-001 1.0000000000000000E+000
3.3333333333333337E-001 6.2499999999999986E+001 6.6666666666666674E-001 1.0000000000000000E+000
3.3333333333333337E-001 6.2499999999999986E+001 1.0000000000000000E+000 1.0000000000000000E+000
3.3333333333333331E-001 7.5000000000000000E+001 0.0000000000000000E+000 1.0000000000000000E+000
3.3333333333333331E-001 7.5000000000000000E+001 3.3333333333333331E-001 1.0000000000000000E+000
3.3333333333333331E-001 7.5000000000000000E+001 6.6666666666666663E-001 1.0000000000000000E+000
3.3333333333333331E-001 7.5000000000000000E+001 1.0000000000000000E+000 1.0000000000000000E+000
3.3333333333333331E-001 8.7500000000000000E+001 0.0000000000000000E+000 1.0000000000000000E+000
3.3333333333333331E-001 8.7500000000000000E+001 3.3333333333333331E-001 1.0000000000000000E+000
3.3333333333333331E-001 8.7500000000000000E+001 6.6666666666666663E-001 1.0000000000000000E+000
3.3333333333333331E-001 8.7500000000000000E+001 1.0000000000000000E+000 1.0000000000000000E+000
3.3333333333333331E-001 9.5833333333333314E+001 0.0000000000000000E+000 1.0000000000000000E+000
3.3333333333333331E-001 9.5833333333333314E+001 3.3333333333333331E-001 1.0000000000000000E+000
3.3333333333333331E-001 9.5833333333333314E+001 6.6666666666666663E-001 1.0000000000000000E+000
3.3333333333333331E-001 9.5833333333333314E+001 1.0000000000000000E+000 1.0000000000000000E+000
3.3333333333333331E-001 9.9999999999999986E+001 0.0000000000000000E+000 1.0000000000000000E+000
3.3333333333333331E-001 9.9999999999999986E+001 3.3333333333333331E-001 1.0000000000000000E+000
3.3333333333333331E-001 9.9999999999999986E+001 6.6666666666666663E-001 1.0000000000000000E+000
3.3333333333333331E-001 9.9999999999999986E+001 1.0000000000000000E+000 1.0000000000000000E+000
6.6666666666666663E-001 0.0000000000000000E+000 0.0000000000000000E+000 1.0000000000000000E+000
6.6666666666666663E-001 0.0000000000000000E+000 3.3333333333333331E-001 1.0000000000000000E+000
6.6666666666666663E-001 0.0000000000000000E+000 6.6666666666666663E-001 1.0000000000000000E+000
6.6666666666666663E-001 0.0000000000000000E+000 1.0000000000000000E+000 1.0000000000000000E+000
6.6666666666666663E-001 4.1666666666666661E+000 0.0000000000000000E+000 1.0000000000000000E+000
6.6666666666666663E-001 4.1666666666666661E+000 3.3333333333333331E-001 1.0000000000000000E+000
6.6666666666666663E-001 4.1666666666666661E+000 6.6666666666666663E-001 1.0000000000000000E+000
6.6666666666666663E-001 4.1666666666666661E+000 1.0000000000000000E+000 1.0000000000000000E+000
6.6666666666666663E-001 1.2499999999999998E+001 0.0000000000000000E+000 1.0000000000000000E+000
6.6666666666666663E-001 1.2499999999999998E+001 3.3333333333333331E-001 1.0000000000000000E+000
6.6666666666666663E-001 1.2499999999999998E+001 6.6666666666666663E-001 1.0000000000000000E+000
6.6666666666666663E-001 1.2499999999999998E+001 1.0000000000000000E+000 1.0000000000000000E+000
6.6666666666666674E-001 2.4999999999999993E+001 0.0000000000000000E+000 1.0000000000000000E+000
6.6666666666666674E-001 2.4999999999999993E+001 3.3333333333333337E-001 1.0000000000000000E+000
6.6666666666666674E-001 2.4999999999999993E+001 6.6666666666666674E-001 1.0000000000000000E+000
6.6666666666666674E-001 2.4999999999999993E+001 1.0000000000000000E+000 1.0000000000000000E+000
6.6666666666666674E-001 3.7499999999999993E+001 0.0000000000000000E+000 1.0000000000000000E+000
6.6666666666666674E-001 3.7499999999999993E+001 3.3333333333333337E-001 1.0000000000000000E+000
6.6666666666666674E-001 3.7499999999999993E+001 6.6666666666666674E-001 1.0000000000000000E+000
6.6666666666666674E-001 3.7499999999999993E+001 1.0000000000000000E+000 1.0000000000000000E+000
6.6666666666666674E-001 4.9999999999999986E+001 0.0000000000000000E+000 1.0000000000000000E+000
6.6666666666666674E-001 4.9999999999999986E+001 3.3333333333333337E-001 1.0000000000000000E+000
6.6666666666666674E-001 4.9999999999999986E+001 6.6666666666666674E-001 1.0000000000000000E+000
6.6666666666666674E-001 4.9999999999999986E+001 1.0000000000000000E+000 1.0000000000000000E+000
6.6666666666666674E-001 6.2499999999999986E+001 0.0000000000000000E+000 1.0000000000000000E+000
6.6666666666666674E-001 6.2499999999999986E+001 3.3333333333333337E-001 1.0000000000000000E+000
6.6666666666666674E-001 6.2499999999999986E+001 6.6666666666666674E-001 1.0000000000000000E+000
6.6666666666666674E-001 6.2499999999999986E+001 1.0000000000000000E+000 1.0000000000000000E+000
6.6666666666666663E-001 7.5000000000000000E+001 0.0000000000000000E+000 1.0000000000000000E+000
6.6666666666666663E-001 7.5000000000000000E+001 3.3333333333333331E-001 1.0000000000000000E+000
6.6666666666666663E-001 7.5000000000000000E+001 6.6666666666666663E-001 1.0000000000000000E+000
6.6666666666666663E-001 7.5000000000000000E+001 1.0000000000000000E+000 1.0000000000000000E+000
6.6666666666666663E-001 8.7500000000000000E+001 0.0000000000000000E+000 1.0000000000000000E+000
6.6666666666666663E-001 8.7500000000000000E+001 3.3333333333333331E-001 1.0000000000000000E+000
6.6666666666666663E-001 8.7500000000000000E+001 6.6666666666666663E-001 1.0000000000000000E+000
6.6666666666666663E-001 8.7500000000000000E+001 1.0000000000000000E+000 1.0000000000000000E+000
6.6666666666666663E-001 9.5833333333333314E+001 0.0000000000000000E+000 1.0000000000000000E+000
6.6666666666666663E-001 9.5833333333333314E+001 3.3333333333333331E-001 1.0000000000000000E+000
6.6666666666666663E-001 9.5833333333333314E+001 6.6666666666666663E-001 1.0000000000000000E+000
6.6666666666666663E-001 9.5833333333333314E+001 1.0000000000000000E+000 1.0000000000000000E+000
6.6666666666666663E-001 9.9999999999999986E+001 0.0000000000000000E+000 1.0000000000000000E+000
6.6666666666666663E-001 9.9999999999999986E+001 3.3333333333333331E-001 1.0000000000000000E+000
6.6666666666666663E-001 9.9999999999999986E+001 6.6666666666666663E-001 1.0000000000000000E+000
6.6666666666666663E-001 9.9999999999999986E+001 1.0000000000000000E+000 1.0000000000000000E+000
1.0000000000000000E+000 0.0000000000000000E+000 0.0000000000000000E+000 1.0000000000000000E+000
1.0000000000000000E+000 0.0000000000000000E+000 3.3333333333333331E-001 1.0000000000000000E+000
1.0000000000000000E+000 0.0000000000000000E+000 6.6666666666666663E-001 1.0000000000000000E+000
1.0000000000000000E+000 0.0000000000000000E+000 1.0000000000000000E+000 1.0000000000000000E+000
1.0000000000000000E+000 4.1666666666666661E+000 0.0000000000000000E+000 1.0000000000000000E+000
1.0000000000000000E+000 4.1666666666666661E+000 3.3333333333333331E-001 1.0000000000000000E+000
1.0000000000000000E+000 4.1666666666666661E+000 6.6666666666666663E-001 1.0000000000000000E+000
1.0000000000000000E+000 4.1666666666666661E+000 1.0000000000000000E+000 1.0000000000000000E+000
1.0000000000000000E+000 1.2499999999999998E+001 0.0000000000000000E+000 1.0000000000000000E+000
1.0000000000000000E+000 1.2499999999999998E+001 3.3333333333333331E-001 1.0000000000000000E+000
1.0000000000000000E+000 1.2499999999999998E+001 6.6666666666666663E-001 1.0000000000000000E+000
1.0000000000000000E+000 1.2499999999999998E+001 1.0000000000000000E+000 1.0000000000000000E+000
1.0000000000000000E+000 2.4999999999999996E+001 0.0000000000000000E+000 1.0000000000000000E+000
1.0000000000000000E+000 2.4999999999999993E+001 3.3333333333333337E-001 1.0000000000000000E+000
1.0000000000000000E+000 2.4999999999999993E+001 6.6666666666666674E-001 1.0000000000000000E+000
1.0000000000000000E+000 2.4999999999999996E+001 1.0000000000000000E+000 1.0000000000000000E+000
1.0000000000000000E+000 3.7500000000000000E+001 0.0000000000000000E+000 1.0000000000000000E+000
1.0000000000000000E+000 3.7499999999999993E+001 3.3333333333333337E-001 1.0000000000000000E+000
1.0000000000000000E+000 3.7499999999999993E+001 6.6666666666666674E-001 1.0000000000000000E+000
1.0000000000000000E+000 3.7500000000000000E+001 1.0000000000000000E+000 1.0000000000000000E+000
1.0000000000000000E+000 5.0000000000000000E+001 0.0000000000000000E+000 1.0000000000000000E+000
1.0000000000000000E+000 4.9999999999999986E+001 3.3333333333333337E-001 1.0000000000000000E+000
1.0000000000000000E+000 4.9999999999999986E+001 6.6666666666666674E-001 1.0000000000000000E+000
1.0000000000000000E+000 5.0000000000000000E+001 1.0000000000000000E+000 1.0000000000000000E+000
1.0000000000000000E+000 6.2499999999999993E+001 0.0000000000000000E+000 1.0000000000000000E+000
1.0000000000000000E+000 6.2499999999999986E+001 3.3333333333333337E-001 1.0000000000000000E+000
1.0000000000000000E+000 6.2499999999999986E+001 6.6666666666666674E-001 1.0000000000000000E+000
1.0000000000000000E+000 6.2499999999999993E+001 1.0000000000000000E+000 1.0000000000000000E+000
1.0000000000000000E+000 7.5000000000000000E+001 0.0000000000000000E+000 1.0000000000000000E+000
1.0000000000000000E+000 7.5000000000000000E+001 3.3333333333333331E-001 1.0000000000000000E+000
1.0000000000000000E+000 7.5000000000000000E+001 6.6666666666666663E-001 1.0000000000000000E+000
1.0000000000000000E+000 7.5000000000000000E+001 1.0000000000000000E+000 1.0000000000000000E+000
1.0000000000000000E+000 8.7500000000000000E+001 0.0000000000000000E+000 1.0000000000000000E+000
1.0000000000000000E+000 8.7500000000000000E+001 3.3333333333333331E-001 1.0000000000000000E+000
1.0000000000000000E+000 8.7500000000000000E+001 6.6666666666666663E-001 1.0000000000000000E+000
1.0000000000000000E+000 8.7500000000000000E+001 1.0000000000000000E+000 1.0000000000000000E+000
1.0000000000000000E+000 9.5833333333333329E+001 0.0000000000000000E+000 1.0000000000000000E+000
1.0000000000000000E+000 9.5833333333333314E+001 3.3333333333333331E-001 1.0000000000000000E+000
1.0000000000000000E+000 9.5833333333333314E+001 6.6666666666666663E-001 1.0000000000000000E+000
1.0000000000000000E+000 9.5833333333333329E+001 1.0000000000000000E+000 1.0000000000000000E+000
1.0000000000000000E+000 1.0000000000000000E+002 0.0000000000000000E+000 1.0000000000000000E+000
1.0000000000000000E+000 9.9999999999999986E+001 3.3333333333333331E-001 1.0000000000000000E+000
1.0000000000000000E+000 9.9999999999999986E+001 6.6666666666666663E-001 1.0000000000000000E+000
1.0000000000000000E+000 1.0000000000000000E+002 1.0000000000000000E+000 1.0000000000000000E+000
 --------------------------------------------------------
*material
5
1000.0, 0.0, 1.0, 0.0, 1.0e25
!Young Modulus, Poisson coef, thickness (set to 1.0 if not used), density, Yield Stress
*bcdof
48
1	,	1
2	,	1
3	,	1
4	,	1
45	,	1
46	,	1
47	,	1
48	,	1
89	,	1
90	,	1
91	,	1
92	,	1
133	,	1
134	,	1
135	,	1
136	,	1
1	,	2
2	,	2
3	,	2
4	,	2
45	,	2
46	,	2
47	,	2
48	,	2
89	,	2
90	,	2
91	,	2
92	,	2
133	,	2
134	,	2
135	,	2
136	,	2
1	,	3
2	,	3
3	,	3
4	,	3
45	,	3
46	,	3
47	,	3
48	,	3
89	,	3
90	,	3
91	,	3
92	,	3
133	,	3
134	,	3
135	,	3
136	,	3
--------------------------------------------------------
*loaddof       !load vector
16
 41, 3, -4.16666666666667E-03
 42, 3, -4.16666666666667E-03
 43, 3, -4.16666666666667E-03
 44, 3, -4.16666666666667E-03
173, 3, -4.16666666666667E-03
174, 3, -4.16666666666667E-03
175, 3, -4.16666666666667E-03
176, 3, -4.16666666666667E-03
 85, 3, -8.33333333333333E-03
 86, 3, -8.33333333333333E-03
 87, 3, -8.33333333333333E-03
 88, 3, -8.33333333333333E-03
129, 3, -8.33333333333333E-03
130, 3, -8.33333333333333E-03
131, 3, -8.33333333333333E-03
132, 3, -8.33333333333333E-03
*end