!---------------------------------------------------------------------------
!
! Curved Beam subjected to a shear displacement plane strain conditions
! 2x2x1 element mesh
!
!---------------------------------------------------------------------------
*begin
3           !problem dimension
2, 2, 2     !degree of each dimension
6, 6, 3     !control points in each direction
0, 0, 0     !open(0) or closed(1) knot vector
--------------------------------------------------------
*knots    !knot spans
0.0, 0.0, 0.0, 0.25, 0.5, 0.75, 1.0, 1.0, 1.0
0.0, 0.0, 0.0, 0.25, 0.5, 0.75, 1.0, 1.0, 1.0
0.0, 0.0, 0.0, 1.0, 1.0, 1.0
--------------------------------------------------------
*element
Hex27ANS
*bnet     !nurbs control points
0.0000000000000000E+000 0.0000000000000000E+000 0.0000000000000000E+000 1.0000000000000000E+000
0.0000000000000000E+000 0.0000000000000000E+000 5.0000000000000000E-001 1.0000000000000000E+000
0.0000000000000000E+000 0.0000000000000000E+000 1.0000000000000000E+000 1.0000000000000000E+000
0.0000000000000000E+000 1.2500000000000000E+001 0.0000000000000000E+000 1.0000000000000000E+000
0.0000000000000000E+000 1.2500000000000000E+001 5.0000000000000000E-001 1.0000000000000000E+000
0.0000000000000000E+000 1.2500000000000000E+001 1.0000000000000000E+000 1.0000000000000000E+000
0.0000000000000000E+000 3.7500000000000000E+001 0.0000000000000000E+000 1.0000000000000000E+000
0.0000000000000000E+000 3.7500000000000000E+001 5.0000000000000000E-001 1.0000000000000000E+000
0.0000000000000000E+000 3.7500000000000000E+001 1.0000000000000000E+000 1.0000000000000000E+000
0.0000000000000000E+000 6.2500000000000000E+001 0.0000000000000000E+000 1.0000000000000000E+000
0.0000000000000000E+000 6.2500000000000000E+001 5.0000000000000000E-001 1.0000000000000000E+000
0.0000000000000000E+000 6.2500000000000000E+001 1.0000000000000000E+000 1.0000000000000000E+000
0.0000000000000000E+000 8.7500000000000000E+001 0.0000000000000000E+000 1.0000000000000000E+000
0.0000000000000000E+000 8.7500000000000000E+001 5.0000000000000000E-001 1.0000000000000000E+000
0.0000000000000000E+000 8.7500000000000000E+001 1.0000000000000000E+000 1.0000000000000000E+000
0.0000000000000000E+000 1.0000000000000000E+002 0.0000000000000000E+000 1.0000000000000000E+000
0.0000000000000000E+000 1.0000000000000000E+002 5.0000000000000000E-001 1.0000000000000000E+000
0.0000000000000000E+000 1.0000000000000000E+002 1.0000000000000000E+000 1.0000000000000000E+000
0.0000000000000000E+000 0.0000000000000000E+000 0.0000000000000000E+000 9.2677669529663687E-001
0.0000000000000000E+000 0.0000000000000000E+000 5.0000000000000000E-001 9.2677669529663687E-001
0.0000000000000000E+000 0.0000000000000000E+000 1.0000000000000000E+000 9.2677669529663687E-001
2.3842946228818271E+000 1.2500000000000000E+001 0.0000000000000000E+000 9.2677669529663687E-001
2.3842946228818271E+000 1.2500000000000000E+001 5.0000000000000000E-001 9.2677669529663687E-001
2.3842946228818271E+000 1.2500000000000000E+001 1.0000000000000000E+000 9.2677669529663687E-001
7.1528838686454819E+000 3.7500000000000000E+001 0.0000000000000000E+000 9.2677669529663675E-001
7.1528838686454819E+000 3.7500000000000000E+001 5.0000000000000000E-001 9.2677669529663675E-001
7.1528838686454819E+000 3.7500000000000000E+001 1.0000000000000000E+000 9.2677669529663675E-001
1.1921473114409135E+001 6.2500000000000000E+001 0.0000000000000000E+000 9.2677669529663687E-001
1.1921473114409135E+001 6.2500000000000000E+001 5.0000000000000000E-001 9.2677669529663687E-001
1.1921473114409135E+001 6.2500000000000000E+001 1.0000000000000000E+000 9.2677669529663687E-001
1.6690062360172789E+001 8.7500000000000000E+001 0.0000000000000000E+000 9.2677669529663687E-001
1.6690062360172789E+001 8.7500000000000000E+001 5.0000000000000000E-001 9.2677669529663687E-001
1.6690062360172789E+001 8.7500000000000000E+001 1.0000000000000000E+000 9.2677669529663687E-001
1.9074356983054617E+001 1.0000000000000000E+002 0.0000000000000000E+000 9.2677669529663687E-001
1.9074356983054617E+001 1.0000000000000000E+002 5.0000000000000000E-001 9.2677669529663687E-001
1.9074356983054617E+001 1.0000000000000000E+002 1.0000000000000000E+000 9.2677669529663687E-001
0.0000000000000000E+000 0.0000000000000000E+000 0.0000000000000000E+000 8.5355339059327373E-001
0.0000000000000000E+000 0.0000000000000000E+000 5.0000000000000000E-001 8.5355339059327373E-001
0.0000000000000000E+000 0.0000000000000000E+000 1.0000000000000000E+000 8.5355339059327373E-001
7.0082521472477666E+000 1.0669417382415922E+001 0.0000000000000000E+000 8.5355339059327373E-001
7.0082521472477666E+000 1.0669417382415922E+001 5.0000000000000000E-001 8.5355339059327373E-001
7.0082521472477666E+000 1.0669417382415922E+001 1.0000000000000000E+000 8.5355339059327373E-001
2.1024756441743300E+001 3.2008252147247774E+001 0.0000000000000000E+000 8.5355339059327373E-001
2.1024756441743300E+001 3.2008252147247774E+001 5.0000000000000000E-001 8.5355339059327373E-001
2.1024756441743300E+001 3.2008252147247774E+001 1.0000000000000000E+000 8.5355339059327373E-001
3.5041260736238833E+001 5.3347086912079618E+001 0.0000000000000000E+000 8.5355339059327373E-001
3.5041260736238833E+001 5.3347086912079618E+001 5.0000000000000000E-001 8.5355339059327373E-001
3.5041260736238833E+001 5.3347086912079618E+001 1.0000000000000000E+000 8.5355339059327373E-001
4.9057765030734366E+001 7.4685921676911462E+001 0.0000000000000000E+000 8.5355339059327373E-001
4.9057765030734366E+001 7.4685921676911462E+001 5.0000000000000000E-001 8.5355339059327373E-001
4.9057765030734366E+001 7.4685921676911462E+001 1.0000000000000000E+000 8.5355339059327373E-001
5.6066017177982133E+001 8.5355339059327378E+001 0.0000000000000000E+000 8.5355339059327373E-001
5.6066017177982133E+001 8.5355339059327378E+001 5.0000000000000000E-001 8.5355339059327373E-001
5.6066017177982133E+001 8.5355339059327378E+001 1.0000000000000000E+000 8.5355339059327373E-001
0.0000000000000000E+000 0.0000000000000000E+000 0.0000000000000000E+000 8.5355339059327373E-001
0.0000000000000000E+000 0.0000000000000000E+000 5.0000000000000000E-001 8.5355339059327373E-001
0.0000000000000000E+000 0.0000000000000000E+000 1.0000000000000000E+000 8.5355339059327373E-001
1.0669417382415922E+001 7.0082521472477657E+000 0.0000000000000000E+000 8.5355339059327373E-001
1.0669417382415922E+001 7.0082521472477657E+000 5.0000000000000000E-001 8.5355339059327373E-001
1.0669417382415922E+001 7.0082521472477657E+000 1.0000000000000000E+000 8.5355339059327373E-001
3.2008252147247774E+001 2.1024756441743300E+001 0.0000000000000000E+000 8.5355339059327373E-001
3.2008252147247774E+001 2.1024756441743300E+001 5.0000000000000000E-001 8.5355339059327373E-001
3.2008252147247774E+001 2.1024756441743300E+001 1.0000000000000000E+000 8.5355339059327373E-001
5.3347086912079618E+001 3.5041260736238833E+001 0.0000000000000000E+000 8.5355339059327373E-001
5.3347086912079618E+001 3.5041260736238833E+001 5.0000000000000000E-001 8.5355339059327373E-001
5.3347086912079618E+001 3.5041260736238833E+001 1.0000000000000000E+000 8.5355339059327373E-001
7.4685921676911462E+001 4.9057765030734359E+001 0.0000000000000000E+000 8.5355339059327373E-001
7.4685921676911462E+001 4.9057765030734359E+001 5.0000000000000000E-001 8.5355339059327373E-001
7.4685921676911462E+001 4.9057765030734359E+001 1.0000000000000000E+000 8.5355339059327373E-001
8.5355339059327378E+001 5.6066017177982125E+001 0.0000000000000000E+000 8.5355339059327373E-001
8.5355339059327378E+001 5.6066017177982125E+001 5.0000000000000000E-001 8.5355339059327373E-001
8.5355339059327378E+001 5.6066017177982125E+001 1.0000000000000000E+000 8.5355339059327373E-001
0.0000000000000000E+000 0.0000000000000000E+000 0.0000000000000000E+000 9.2677669529663687E-001
0.0000000000000000E+000 0.0000000000000000E+000 5.0000000000000000E-001 9.2677669529663687E-001
0.0000000000000000E+000 0.0000000000000000E+000 1.0000000000000000E+000 9.2677669529663687E-001
1.2500000000000000E+001 2.3842946228818271E+000 0.0000000000000000E+000 9.2677669529663687E-001
1.2500000000000000E+001 2.3842946228818271E+000 5.0000000000000000E-001 9.2677669529663687E-001
1.2500000000000000E+001 2.3842946228818271E+000 1.0000000000000000E+000 9.2677669529663687E-001
3.7500000000000000E+001 7.1528838686454819E+000 0.0000000000000000E+000 9.2677669529663675E-001
3.7500000000000000E+001 7.1528838686454819E+000 5.0000000000000000E-001 9.2677669529663675E-001
3.7500000000000000E+001 7.1528838686454819E+000 1.0000000000000000E+000 9.2677669529663675E-001
6.2500000000000000E+001 1.1921473114409135E+001 0.0000000000000000E+000 9.2677669529663687E-001
6.2500000000000000E+001 1.1921473114409135E+001 5.0000000000000000E-001 9.2677669529663687E-001
6.2500000000000000E+001 1.1921473114409135E+001 1.0000000000000000E+000 9.2677669529663687E-001
8.7500000000000000E+001 1.6690062360172789E+001 0.0000000000000000E+000 9.2677669529663687E-001
8.7500000000000000E+001 1.6690062360172789E+001 5.0000000000000000E-001 9.2677669529663687E-001
8.7500000000000000E+001 1.6690062360172789E+001 1.0000000000000000E+000 9.2677669529663687E-001
1.0000000000000000E+002 1.9074356983054617E+001 0.0000000000000000E+000 9.2677669529663687E-001
1.0000000000000000E+002 1.9074356983054617E+001 5.0000000000000000E-001 9.2677669529663687E-001
1.0000000000000000E+002 1.9074356983054617E+001 1.0000000000000000E+000 9.2677669529663687E-001
0.0000000000000000E+000 0.0000000000000000E+000 0.0000000000000000E+000 1.0000000000000000E+000
0.0000000000000000E+000 0.0000000000000000E+000 5.0000000000000000E-001 1.0000000000000000E+000
0.0000000000000000E+000 0.0000000000000000E+000 1.0000000000000000E+000 1.0000000000000000E+000
1.2500000000000000E+001 0.0000000000000000E+000 0.0000000000000000E+000 1.0000000000000000E+000
1.2500000000000000E+001 0.0000000000000000E+000 5.0000000000000000E-001 1.0000000000000000E+000
1.2500000000000000E+001 0.0000000000000000E+000 1.0000000000000000E+000 1.0000000000000000E+000
3.7500000000000000E+001 0.0000000000000000E+000 0.0000000000000000E+000 1.0000000000000000E+000
3.7500000000000000E+001 0.0000000000000000E+000 5.0000000000000000E-001 1.0000000000000000E+000
3.7500000000000000E+001 0.0000000000000000E+000 1.0000000000000000E+000 1.0000000000000000E+000
6.2500000000000000E+001 0.0000000000000000E+000 0.0000000000000000E+000 1.0000000000000000E+000
6.2500000000000000E+001 0.0000000000000000E+000 5.0000000000000000E-001 1.0000000000000000E+000
6.2500000000000000E+001 0.0000000000000000E+000 1.0000000000000000E+000 1.0000000000000000E+000
8.7500000000000000E+001 0.0000000000000000E+000 0.0000000000000000E+000 1.0000000000000000E+000
8.7500000000000000E+001 0.0000000000000000E+000 5.0000000000000000E-001 1.0000000000000000E+000
8.7500000000000000E+001 0.0000000000000000E+000 1.0000000000000000E+000 1.0000000000000000E+000
1.0000000000000000E+002 0.0000000000000000E+000 0.0000000000000000E+000 1.0000000000000000E+000
1.0000000000000000E+002 0.0000000000000000E+000 5.0000000000000000E-001 1.0000000000000000E+000
1.0000000000000000E+002 0.0000000000000000E+000 1.0000000000000000E+000 1.0000000000000000E+000
 --------------------------------------------------------
*material
5
1000.0, 0.0, 1.0, 0.0, 1.0e25
!Young Modulus, Poisson coef, thickness (set to 1.0 if not used), density, Yield Stress
*bcdof
114
1	,	1
2	,	1
3	,	1
4	,	1
5	,	1
6	,	1
7	,	1
13	,	1
19	,	1
25	,	1
37	,	1
38	,	1
39	,	1
40	,	1
41	,	1
42	,	1
43	,	1
49	,	1
55	,	1
61	,	1
73	,	1
74	,	1
75	,	1
76	,	1
77	,	1
78	,	1
79	,	1
85	,	1
91	,	1
97	,	1
1	,	2
2	,	2
3	,	2
4	,	2
5	,	2
6	,	2
12	,	2
18	,	2
24	,	2
30	,	2
37	,	2
38	,	2
39	,	2
40	,	2
41	,	2
42	,	2
48	,	2
54	,	2
60	,	2
66	,	2
73	,	2
74	,	2
75	,	2
76	,	2
77	,	2
78	,	2
84	,	2
90	,	2
96	,	2
102	,	2
31	,	1
32	,	1
33	,	1
34	,	1
35	,	1
36	,	1
67	,	1
68	,	1
69	,	1
70	,	1
71	,	1
72	,	1
103	,	1
104	,	1
105	,	1
106	,	1
107	,	1
108	,	1
31	,	2
32	,	2
33	,	2
34	,	2
35	,	2
36	,	2
67	,	2
68	,	2
69	,	2
70	,	2
71	,	2
72	,	2
103	,	2
104	,	2
105	,	2
106	,	2
107	,	2
108	,	2
31	,	3
32	,	3
33	,	3
34	,	3
35	,	3
36	,	3
67	,	3
68	,	3
69	,	3
70	,	3
71	,	3
72	,	3
103	,	3
104	,	3
105	,	3
106	,	3
107	,	3
108	,	3
--------------------------------------------------------
*loaddof       !load vector
6
73	,	3	,	-0.666666667
74	,	4	,	-0.666666667
75	,	5	,	-0.666666667
76	,	6	,	-0.666666667
77	,	7	,	-0.666666667
78	,	8	,	-0.666666667
*end