!---------------------------------------------------------------------------
!
! Cook Membrane in plane strain conditions, with 2 elements per side
! Plasticity included
!
!---------------------------------------------------------------------------
*begin
3           !problem dimension
1, 1, 1     !degree of each dimension
3, 3, 2     !control points in each direction
0, 0, 0     !open(0) or closed(1) knot vector
--------------------------------------------------------
*knots    !knot spans
0.0, 0.0, 0.5, 1.0, 1.0
0.0, 0.0, 0.5, 1.0, 1.0
0.0, 0.0, 1.0, 1.0
--------------------------------------------------------
*element
Hex8
*bnet     !nurbs control points
0.000000E+000 0.000000E+000 0.000000E+000 1.000000E+000
0.000000E+000 0.000000E+000 1.000000E+000 1.000000E+000
0.000000E+000 2.200000E+001 0.000000E+000 1.000000E+000
0.000000E+000 2.200000E+001 1.000000E+000 1.000000E+000
0.000000E+000 4.400000E+001 0.000000E+000 1.000000E+000
0.000000E+000 4.400000E+001 1.000000E+000 1.000000E+000
2.400000E+001 2.200000E+001 0.000000E+000 1.000000E+000
2.400000E+001 2.200000E+001 1.000000E+000 1.000000E+000
2.400000E+001 3.700000E+001 0.000000E+000 1.000000E+000
2.400000E+001 3.700000E+001 1.000000E+000 1.000000E+000
2.400000E+001 5.200000E+001 0.000000E+000 1.000000E+000
2.400000E+001 5.200000E+001 1.000000E+000 1.000000E+000
4.800000E+001 4.400000E+001 0.000000E+000 1.000000E+000
4.800000E+001 4.400000E+001 1.000000E+000 1.000000E+000
4.800000E+001 5.200000E+001 0.000000E+000 1.000000E+000
4.800000E+001 5.200000E+001 1.000000E+000 1.000000E+000
4.800000E+001 6.000000E+001 0.000000E+000 1.000000E+000
4.800000E+001 6.000000E+001 1.000000E+000 1.000000E+000
 --------------------------------------------------------
*material
9
70.0, 0.33333, 1.0, 0.0, 0.243, 0.243, 0.0, 0.378, 1.0
!Young Modulus, Poisson coef, thickness (set to 1.0 if not used), density, Yield Stress
*boundary   !boundary condition *38
30
1, 1, 1, 1
1, 1, 1, 2
1, 1, 2, 1
1, 1, 2, 2
1, 2, 1, 1
1, 2, 1, 2
1, 2, 2, 1
1, 2, 2, 2
1, 3, 1, 1
1, 3, 1, 2
1, 3, 2, 1
1, 3, 2, 2
1	,	1	,	1	,	3
1	,	1	,	2	,	3
1	,	2	,	1	,	3
1	,	2	,	2	,	3
1	,	3	,	1	,	3
1	,	3	,	2	,	3
2	,	1	,	1	,	3
2	,	1	,	2	,	3
2	,	2	,	1	,	3
2	,	2	,	2	,	3
2	,	3	,	1	,	3
2	,	3	,	2	,	3
3	,	1	,	1	,	3
3	,	1	,	2	,	3
3	,	2	,	1	,	3
3	,	2	,	2	,	3
3	,	3	,	1	,	3
3	,	3	,	2	,	3
--------------------------------------------------------
*load       !load vector
6
3, 1, 1, 2, 0.225
3, 1, 2, 2, 0.225
3, 2, 1, 2, 0.45 
3, 2, 2, 2, 0.45
3, 3, 1, 2, 0.225
3, 3, 2, 2, 0.225
*end