!---------------------------------------------------------------------------
!
! Cook Membrane in plane strain conditions, with 2 elements per side
!
!---------------------------------------------------------------------------
*begin
3           !problem dimension
2, 2, 1     !degree of each dimension
4, 4, 2     !control points in each direction
0, 0, 0     !open(0) or closed(1) knot vector
--------------------------------------------------------
*knots    !knot spans
0.0, 0.0, 0.0, 0.5, 1.0, 1.0, 1.0
0.0, 0.0, 0.0, 0.5, 1.0, 1.0, 1.0
0.0, 0.0, 1.0, 1.0
--------------------------------------------------------
*element
Hex27BBar
*bnet     !nurbs control points
0.000000E+000 0.000000E+000 0.000000E+000 1.000000E+000
0.000000E+000 0.000000E+000 1.000000E+000 1.000000E+000
0.000000E+000 1.100000E+001 0.000000E+000 1.000000E+000
0.000000E+000 1.100000E+001 1.000000E+000 1.000000E+000
0.000000E+000 3.300000E+001 0.000000E+000 1.000000E+000
0.000000E+000 3.300000E+001 1.000000E+000 1.000000E+000
0.000000E+000 4.400000E+001 0.000000E+000 1.000000E+000
0.000000E+000 4.400000E+001 1.000000E+000 1.000000E+000
1.200000E+001 1.100000E+001 0.000000E+000 1.000000E+000
1.200000E+001 1.100000E+001 1.000000E+000 1.000000E+000
1.200000E+001 2.025000E+001 0.000000E+000 1.000000E+000
1.200000E+001 2.025000E+001 1.000000E+000 1.000000E+000
1.200000E+001 3.875000E+001 0.000000E+000 1.000000E+000
1.200000E+001 3.875000E+001 1.000000E+000 1.000000E+000
1.200000E+001 4.800000E+001 0.000000E+000 1.000000E+000
1.200000E+001 4.800000E+001 1.000000E+000 1.000000E+000
3.600000E+001 3.300000E+001 0.000000E+000 1.000000E+000
3.600000E+001 3.300000E+001 1.000000E+000 1.000000E+000
3.600000E+001 3.875000E+001 0.000000E+000 1.000000E+000
3.600000E+001 3.875000E+001 1.000000E+000 1.000000E+000
3.600000E+001 5.025000E+001 0.000000E+000 1.000000E+000
3.600000E+001 5.025000E+001 1.000000E+000 1.000000E+000
3.600000E+001 5.600000E+001 0.000000E+000 1.000000E+000
3.600000E+001 5.600000E+001 1.000000E+000 1.000000E+000
4.800000E+001 4.400000E+001 0.000000E+000 1.000000E+000
4.800000E+001 4.400000E+001 1.000000E+000 1.000000E+000
4.800000E+001 4.800000E+001 0.000000E+000 1.000000E+000
4.800000E+001 4.800000E+001 1.000000E+000 1.000000E+000
4.800000E+001 5.600000E+001 0.000000E+000 1.000000E+000
4.800000E+001 5.600000E+001 1.000000E+000 1.000000E+000
4.800000E+001 6.000000E+001 0.000000E+000 1.000000E+000
4.800000E+001 6.000000E+001 1.000000E+000 1.000000E+000
 --------------------------------------------------------
*material
5
240.565, 0.4999, 1.0, 0.0, 1.0e25
!Young Modulus, Poisson coef, thickness (set to 1.0 if not used), density, Yield Stress
*boundary   !boundary condition *38
48
1, 1, 1, 1
1, 1, 1, 2
1, 1, 2, 1
1, 1, 2, 2
1, 2, 1, 1
1, 2, 1, 2
1, 2, 2, 1
1, 2, 2, 2
1, 3, 1, 1
1, 3, 1, 2
1, 3, 2, 1
1, 3, 2, 2
1, 4, 1, 1
1, 4, 1, 2
1, 4, 2, 1
1, 4, 2, 2
1	,	1	,	1	,	3
1	,	1	,	2	,	3
1	,	2	,	1	,	3
1	,	2	,	2	,	3
1	,	3	,	1	,	3
1	,	3	,	2	,	3
1	,	4	,	1	,	3
1	,	4	,	2	,	3
2	,	1	,	1	,	3
2	,	1	,	2	,	3
2	,	2	,	1	,	3
2	,	2	,	2	,	3
2	,	3	,	1	,	3
2	,	3	,	2	,	3
2	,	4	,	1	,	3
2	,	4	,	2	,	3
3	,	1	,	1	,	3
3	,	1	,	2	,	3
3	,	2	,	1	,	3
3	,	2	,	2	,	3
3	,	3	,	1	,	3
3	,	3	,	2	,	3
3	,	4	,	1	,	3
3	,	4	,	2	,	3
4	,	1	,	1	,	3
4	,	1	,	2	,	3
4	,	2	,	1	,	3
4	,	2	,	2	,	3
4	,	3	,	1	,	3
4	,	3	,	2	,	3
4	,	4	,	1	,	3
4	,	4	,	2	,	3
--------------------------------------------------------
*load       !load vector
8
4, 1, 1, 2, 6.25
4, 1, 2, 2, 6.25
4, 2, 1, 2, 18.75
4, 2, 2, 2, 18.75
4, 3, 1, 2, 18.75
4, 3, 2, 2, 18.75
4, 4, 1, 2, 6.25
4, 4, 2, 2, 6.25
*end