!---------------------------------------------------------------------------
!
! Clamped Square Plate with central load and t/L = 1/1000
! 4 element mesh
!
!---------------------------------------------------------------------------

*begin
3           !problem dimension
2, 2, 1     !degree of each dimension
4, 4, 2     !control points in each direction
0, 0, 0     !open(0) or closed(1) knot vector
--------------------------------------------------------
*knots    !knot spans
0.0, 0.0, 0.0, 0.5, 1.0, 1.0, 1.0
0.0, 0.0, 0.0, 0.5, 1.0, 1.0, 1.0
0.0, 0.0, 1.0, 1.0
--------------------------------------------------------
*element
Hex27
*bnet     !nurbs control points
0.000000E+000 0.000000E+000 0.000000E+000 1.000000E+000
0.000000E+000 0.000000E+000 1.000000E-001 1.000000E+000
0.000000E+000 1.250000E+001 0.000000E+000 1.000000E+000
0.000000E+000 1.250000E+001 1.000000E-001 1.000000E+000
0.000000E+000 3.750000E+001 0.000000E+000 1.000000E+000
0.000000E+000 3.750000E+001 1.000000E-001 1.000000E+000
0.000000E+000 5.000000E+001 0.000000E+000 1.000000E+000
0.000000E+000 5.000000E+001 1.000000E-001 1.000000E+000
1.250000E+001 0.000000E+000 0.000000E+000 1.000000E+000
1.250000E+001 0.000000E+000 1.000000E-001 1.000000E+000
1.250000E+001 1.250000E+001 0.000000E+000 1.000000E+000
1.250000E+001 1.250000E+001 1.000000E-001 1.000000E+000
1.250000E+001 3.750000E+001 0.000000E+000 1.000000E+000
1.250000E+001 3.750000E+001 1.000000E-001 1.000000E+000
1.250000E+001 5.000000E+001 0.000000E+000 1.000000E+000
1.250000E+001 5.000000E+001 1.000000E-001 1.000000E+000
3.750000E+001 0.000000E+000 0.000000E+000 1.000000E+000
3.750000E+001 0.000000E+000 1.000000E-001 1.000000E+000
3.750000E+001 1.250000E+001 0.000000E+000 1.000000E+000
3.750000E+001 1.250000E+001 1.000000E-001 1.000000E+000
3.750000E+001 3.750000E+001 0.000000E+000 1.000000E+000
3.750000E+001 3.750000E+001 1.000000E-001 1.000000E+000
3.750000E+001 5.000000E+001 0.000000E+000 1.000000E+000
3.750000E+001 5.000000E+001 1.000000E-001 1.000000E+000
5.000000E+001 0.000000E+000 0.000000E+000 1.000000E+000
5.000000E+001 0.000000E+000 1.000000E-001 1.000000E+000
5.000000E+001 1.250000E+001 0.000000E+000 1.000000E+000
5.000000E+001 1.250000E+001 1.000000E-001 1.000000E+000
5.000000E+001 3.750000E+001 0.000000E+000 1.000000E+000
5.000000E+001 3.750000E+001 1.000000E-001 1.000000E+000
5.000000E+001 5.000000E+001 0.000000E+000 1.000000E+000
5.000000E+001 5.000000E+001 1.000000E-001 1.000000E+000
 --------------------------------------------------------
*material
5
10000.0, 0.49999, 1.0, 0.0, 1.0e25
!Young Modulus, Poisson coef, thickness (set to 1.0 if not used), density, Yield Stress
*boundary   !boundary condition *38
54
1, 1, 1, 1 *** encastre xx
1, 1, 1, 2
1, 1, 1, 3
1, 1, 2, 1
1, 1, 2, 2
1, 1, 2, 3
1, 2, 1, 1
1, 2, 1, 2
1, 2, 1, 3
1, 2, 2, 1
1, 2, 2, 2
1, 2, 2, 3
1, 3, 1, 1
1, 3, 1, 2
1, 3, 1, 3
1, 3, 2, 1
1, 3, 2, 2
1, 3, 2, 3
1, 4, 1, 1
1, 4, 1, 2
1, 4, 1, 3
1, 4, 2, 1
1, 4, 2, 2
1, 4, 2, 3
2, 1, 1, 1 *** encastre yy
2, 1, 1, 2
2, 1, 1, 3
2, 1, 2, 1
2, 1, 2, 2
2, 1, 2, 3
3, 1, 1, 1
3, 1, 1, 2
3, 1, 1, 3
3, 1, 2, 1
3, 1, 2, 2
3, 1, 2, 3
4, 1, 1, 1
4, 1, 1, 2
4, 1, 1, 3
4, 1, 2, 1
4, 1, 2, 2
4, 1, 2, 3
2, 4, 1, 1 *** symmetry xx
2, 4, 2, 1
3, 4, 1, 1 
3, 4, 2, 1
4, 4, 1, 1 
4, 4, 2, 1
4, 4, 1, 2 *** symmetry yy
4, 4, 2, 2
4, 3, 1, 2
4, 3, 2, 2
4, 2, 1, 2
4, 2, 2, 2
--------------------------------------------------------
*load       !load vector
1
4, 4, 2, 3, -4.09175
*end