!---------------------------------------------------------------------------
!
! Clamped Square Plate with central load (Volumetric Locking Test)
!
!---------------------------------------------------------------------------

*begin
3           !problem dimension
2, 2, 2     !degree of each dimension
10, 10, 3     !control points in each direction
0, 0, 0     !open(0) or closed(1) knot vector
--------------------------------------------------------
*knots    !knot spans
0.0 0.0 0.0 0.125 0.25 0.375 0.5 0.625 0.75 0.875 1.0 1.0, 1.0
0.0 0.0 0.0 0.125 0.25 0.375 0.5 0.625 0.75 0.875 1.0 1.0, 1.0
0.0, 0.0, 0.0, 1.0, 1.0, 1.0
--------------------------------------------------------
*element
Hex27EAS
*bnet     !nurbs control points
0.000000E+00	0.000000E+00	0.000000E+00	1.000000E+00
0.000000E+00	0.000000E+00	1.000000E+00	1.000000E+00
0.000000E+00	0.000000E+00	2.000000E+00	1.000000E+00
0.000000E+00	3.125000E+00	0.000000E+00	1.000000E+00
0.000000E+00	3.125000E+00	1.000000E+00	1.000000E+00
0.000000E+00	3.125000E+00	2.000000E+00	1.000000E+00
0.000000E+00	9.375000E+00	0.000000E+00	1.000000E+00
0.000000E+00	9.375000E+00	1.000000E+00	1.000000E+00
0.000000E+00	9.375000E+00	2.000000E+00	1.000000E+00
0.000000E+00	1.562500E+01	0.000000E+00	1.000000E+00
0.000000E+00	1.562500E+01	1.000000E+00	1.000000E+00
0.000000E+00	1.562500E+01	2.000000E+00	1.000000E+00
0.000000E+00	2.187500E+01	0.000000E+00	1.000000E+00
0.000000E+00	2.187500E+01	1.000000E+00	1.000000E+00
0.000000E+00	2.187500E+01	2.000000E+00	1.000000E+00
0.000000E+00	2.812500E+01	0.000000E+00	1.000000E+00
0.000000E+00	2.812500E+01	1.000000E+00	1.000000E+00
0.000000E+00	2.812500E+01	2.000000E+00	1.000000E+00
0.000000E+00	3.437500E+01	0.000000E+00	1.000000E+00
0.000000E+00	3.437500E+01	1.000000E+00	1.000000E+00
0.000000E+00	3.437500E+01	2.000000E+00	1.000000E+00
0.000000E+00	4.062500E+01	0.000000E+00	1.000000E+00
0.000000E+00	4.062500E+01	1.000000E+00	1.000000E+00
0.000000E+00	4.062500E+01	2.000000E+00	1.000000E+00
0.000000E+00	4.687500E+01	0.000000E+00	1.000000E+00
0.000000E+00	4.687500E+01	1.000000E+00	1.000000E+00
0.000000E+00	4.687500E+01	2.000000E+00	1.000000E+00
0.000000E+00	5.000000E+01	0.000000E+00	1.000000E+00
0.000000E+00	5.000000E+01	1.000000E+00	1.000000E+00
0.000000E+00	5.000000E+01	2.000000E+00	1.000000E+00
3.125000E+00	0.000000E+00	0.000000E+00	1.000000E+00
3.125000E+00	0.000000E+00	1.000000E+00	1.000000E+00
3.125000E+00	0.000000E+00	2.000000E+00	1.000000E+00
3.125000E+00	3.125000E+00	0.000000E+00	1.000000E+00
3.125000E+00	3.125000E+00	1.000000E+00	1.000000E+00
3.125000E+00	3.125000E+00	2.000000E+00	1.000000E+00
3.125000E+00	9.375000E+00	0.000000E+00	1.000000E+00
3.125000E+00	9.375000E+00	1.000000E+00	1.000000E+00
3.125000E+00	9.375000E+00	2.000000E+00	1.000000E+00
3.125000E+00	1.562500E+01	0.000000E+00	1.000000E+00
3.125000E+00	1.562500E+01	1.000000E+00	1.000000E+00
3.125000E+00	1.562500E+01	2.000000E+00	1.000000E+00
3.125000E+00	2.187500E+01	0.000000E+00	1.000000E+00
3.125000E+00	2.187500E+01	1.000000E+00	1.000000E+00
3.125000E+00	2.187500E+01	2.000000E+00	1.000000E+00
3.125000E+00	2.812500E+01	0.000000E+00	1.000000E+00
3.125000E+00	2.812500E+01	1.000000E+00	1.000000E+00
3.125000E+00	2.812500E+01	2.000000E+00	1.000000E+00
3.125000E+00	3.437500E+01	0.000000E+00	1.000000E+00
3.125000E+00	3.437500E+01	1.000000E+00	1.000000E+00
3.125000E+00	3.437500E+01	2.000000E+00	1.000000E+00
3.125000E+00	4.062500E+01	0.000000E+00	1.000000E+00
3.125000E+00	4.062500E+01	1.000000E+00	1.000000E+00
3.125000E+00	4.062500E+01	2.000000E+00	1.000000E+00
3.125000E+00	4.687500E+01	0.000000E+00	1.000000E+00
3.125000E+00	4.687500E+01	1.000000E+00	1.000000E+00
3.125000E+00	4.687500E+01	2.000000E+00	1.000000E+00
3.125000E+00	5.000000E+01	0.000000E+00	1.000000E+00
3.125000E+00	5.000000E+01	1.000000E+00	1.000000E+00
3.125000E+00	5.000000E+01	2.000000E+00	1.000000E+00
9.375000E+00	0.000000E+00	0.000000E+00	1.000000E+00
9.375000E+00	0.000000E+00	1.000000E+00	1.000000E+00
9.375000E+00	0.000000E+00	2.000000E+00	1.000000E+00
9.375000E+00	3.125000E+00	0.000000E+00	1.000000E+00
9.375000E+00	3.125000E+00	1.000000E+00	1.000000E+00
9.375000E+00	3.125000E+00	2.000000E+00	1.000000E+00
9.375000E+00	9.375000E+00	0.000000E+00	1.000000E+00
9.375000E+00	9.375000E+00	1.000000E+00	1.000000E+00
9.375000E+00	9.375000E+00	2.000000E+00	1.000000E+00
9.375000E+00	1.562500E+01	0.000000E+00	1.000000E+00
9.375000E+00	1.562500E+01	1.000000E+00	1.000000E+00
9.375000E+00	1.562500E+01	2.000000E+00	1.000000E+00
9.375000E+00	2.187500E+01	0.000000E+00	1.000000E+00
9.375000E+00	2.187500E+01	1.000000E+00	1.000000E+00
9.375000E+00	2.187500E+01	2.000000E+00	1.000000E+00
9.375000E+00	2.812500E+01	0.000000E+00	1.000000E+00
9.375000E+00	2.812500E+01	1.000000E+00	1.000000E+00
9.375000E+00	2.812500E+01	2.000000E+00	1.000000E+00
9.375000E+00	3.437500E+01	0.000000E+00	1.000000E+00
9.375000E+00	3.437500E+01	1.000000E+00	1.000000E+00
9.375000E+00	3.437500E+01	2.000000E+00	1.000000E+00
9.375000E+00	4.062500E+01	0.000000E+00	1.000000E+00
9.375000E+00	4.062500E+01	1.000000E+00	1.000000E+00
9.375000E+00	4.062500E+01	2.000000E+00	1.000000E+00
9.375000E+00	4.687500E+01	0.000000E+00	1.000000E+00
9.375000E+00	4.687500E+01	1.000000E+00	1.000000E+00
9.375000E+00	4.687500E+01	2.000000E+00	1.000000E+00
9.375000E+00	5.000000E+01	0.000000E+00	1.000000E+00
9.375000E+00	5.000000E+01	1.000000E+00	1.000000E+00
9.375000E+00	5.000000E+01	2.000000E+00	1.000000E+00
1.562500E+01	0.000000E+00	0.000000E+00	1.000000E+00
1.562500E+01	0.000000E+00	1.000000E+00	1.000000E+00
1.562500E+01	0.000000E+00	2.000000E+00	1.000000E+00
1.562500E+01	3.125000E+00	0.000000E+00	1.000000E+00
1.562500E+01	3.125000E+00	1.000000E+00	1.000000E+00
1.562500E+01	3.125000E+00	2.000000E+00	1.000000E+00
1.562500E+01	9.375000E+00	0.000000E+00	1.000000E+00
1.562500E+01	9.375000E+00	1.000000E+00	1.000000E+00
1.562500E+01	9.375000E+00	2.000000E+00	1.000000E+00
1.562500E+01	1.562500E+01	0.000000E+00	1.000000E+00
1.562500E+01	1.562500E+01	1.000000E+00	1.000000E+00
1.562500E+01	1.562500E+01	2.000000E+00	1.000000E+00
1.562500E+01	2.187500E+01	0.000000E+00	1.000000E+00
1.562500E+01	2.187500E+01	1.000000E+00	1.000000E+00
1.562500E+01	2.187500E+01	2.000000E+00	1.000000E+00
1.562500E+01	2.812500E+01	0.000000E+00	1.000000E+00
1.562500E+01	2.812500E+01	1.000000E+00	1.000000E+00
1.562500E+01	2.812500E+01	2.000000E+00	1.000000E+00
1.562500E+01	3.437500E+01	0.000000E+00	1.000000E+00
1.562500E+01	3.437500E+01	1.000000E+00	1.000000E+00
1.562500E+01	3.437500E+01	2.000000E+00	1.000000E+00
1.562500E+01	4.062500E+01	0.000000E+00	1.000000E+00
1.562500E+01	4.062500E+01	1.000000E+00	1.000000E+00
1.562500E+01	4.062500E+01	2.000000E+00	1.000000E+00
1.562500E+01	4.687500E+01	0.000000E+00	1.000000E+00
1.562500E+01	4.687500E+01	1.000000E+00	1.000000E+00
1.562500E+01	4.687500E+01	2.000000E+00	1.000000E+00
1.562500E+01	5.000000E+01	0.000000E+00	1.000000E+00
1.562500E+01	5.000000E+01	1.000000E+00	1.000000E+00
1.562500E+01	5.000000E+01	2.000000E+00	1.000000E+00
2.187500E+01	0.000000E+00	0.000000E+00	1.000000E+00
2.187500E+01	0.000000E+00	1.000000E+00	1.000000E+00
2.187500E+01	0.000000E+00	2.000000E+00	1.000000E+00
2.187500E+01	3.125000E+00	0.000000E+00	1.000000E+00
2.187500E+01	3.125000E+00	1.000000E+00	1.000000E+00
2.187500E+01	3.125000E+00	2.000000E+00	1.000000E+00
2.187500E+01	9.375000E+00	0.000000E+00	1.000000E+00
2.187500E+01	9.375000E+00	1.000000E+00	1.000000E+00
2.187500E+01	9.375000E+00	2.000000E+00	1.000000E+00
2.187500E+01	1.562500E+01	0.000000E+00	1.000000E+00
2.187500E+01	1.562500E+01	1.000000E+00	1.000000E+00
2.187500E+01	1.562500E+01	2.000000E+00	1.000000E+00
2.187500E+01	2.187500E+01	0.000000E+00	1.000000E+00
2.187500E+01	2.187500E+01	1.000000E+00	1.000000E+00
2.187500E+01	2.187500E+01	2.000000E+00	1.000000E+00
2.187500E+01	2.812500E+01	0.000000E+00	1.000000E+00
2.187500E+01	2.812500E+01	1.000000E+00	1.000000E+00
2.187500E+01	2.812500E+01	2.000000E+00	1.000000E+00
2.187500E+01	3.437500E+01	0.000000E+00	1.000000E+00
2.187500E+01	3.437500E+01	1.000000E+00	1.000000E+00
2.187500E+01	3.437500E+01	2.000000E+00	1.000000E+00
2.187500E+01	4.062500E+01	0.000000E+00	1.000000E+00
2.187500E+01	4.062500E+01	1.000000E+00	1.000000E+00
2.187500E+01	4.062500E+01	2.000000E+00	1.000000E+00
2.187500E+01	4.687500E+01	0.000000E+00	1.000000E+00
2.187500E+01	4.687500E+01	1.000000E+00	1.000000E+00
2.187500E+01	4.687500E+01	2.000000E+00	1.000000E+00
2.187500E+01	5.000000E+01	0.000000E+00	1.000000E+00
2.187500E+01	5.000000E+01	1.000000E+00	1.000000E+00
2.187500E+01	5.000000E+01	2.000000E+00	1.000000E+00
2.812500E+01	0.000000E+00	0.000000E+00	1.000000E+00
2.812500E+01	0.000000E+00	1.000000E+00	1.000000E+00
2.812500E+01	0.000000E+00	2.000000E+00	1.000000E+00
2.812500E+01	3.125000E+00	0.000000E+00	1.000000E+00
2.812500E+01	3.125000E+00	1.000000E+00	1.000000E+00
2.812500E+01	3.125000E+00	2.000000E+00	1.000000E+00
2.812500E+01	9.375000E+00	0.000000E+00	1.000000E+00
2.812500E+01	9.375000E+00	1.000000E+00	1.000000E+00
2.812500E+01	9.375000E+00	2.000000E+00	1.000000E+00
2.812500E+01	1.562500E+01	0.000000E+00	1.000000E+00
2.812500E+01	1.562500E+01	1.000000E+00	1.000000E+00
2.812500E+01	1.562500E+01	2.000000E+00	1.000000E+00
2.812500E+01	2.187500E+01	0.000000E+00	1.000000E+00
2.812500E+01	2.187500E+01	1.000000E+00	1.000000E+00
2.812500E+01	2.187500E+01	2.000000E+00	1.000000E+00
2.812500E+01	2.812500E+01	0.000000E+00	1.000000E+00
2.812500E+01	2.812500E+01	1.000000E+00	1.000000E+00
2.812500E+01	2.812500E+01	2.000000E+00	1.000000E+00
2.812500E+01	3.437500E+01	0.000000E+00	1.000000E+00
2.812500E+01	3.437500E+01	1.000000E+00	1.000000E+00
2.812500E+01	3.437500E+01	2.000000E+00	1.000000E+00
2.812500E+01	4.062500E+01	0.000000E+00	1.000000E+00
2.812500E+01	4.062500E+01	1.000000E+00	1.000000E+00
2.812500E+01	4.062500E+01	2.000000E+00	1.000000E+00
2.812500E+01	4.687500E+01	0.000000E+00	1.000000E+00
2.812500E+01	4.687500E+01	1.000000E+00	1.000000E+00
2.812500E+01	4.687500E+01	2.000000E+00	1.000000E+00
2.812500E+01	5.000000E+01	0.000000E+00	1.000000E+00
2.812500E+01	5.000000E+01	1.000000E+00	1.000000E+00
2.812500E+01	5.000000E+01	2.000000E+00	1.000000E+00
3.437500E+01	0.000000E+00	0.000000E+00	1.000000E+00
3.437500E+01	0.000000E+00	1.000000E+00	1.000000E+00
3.437500E+01	0.000000E+00	2.000000E+00	1.000000E+00
3.437500E+01	3.125000E+00	0.000000E+00	1.000000E+00
3.437500E+01	3.125000E+00	1.000000E+00	1.000000E+00
3.437500E+01	3.125000E+00	2.000000E+00	1.000000E+00
3.437500E+01	9.375000E+00	0.000000E+00	1.000000E+00
3.437500E+01	9.375000E+00	1.000000E+00	1.000000E+00
3.437500E+01	9.375000E+00	2.000000E+00	1.000000E+00
3.437500E+01	1.562500E+01	0.000000E+00	1.000000E+00
3.437500E+01	1.562500E+01	1.000000E+00	1.000000E+00
3.437500E+01	1.562500E+01	2.000000E+00	1.000000E+00
3.437500E+01	2.187500E+01	0.000000E+00	1.000000E+00
3.437500E+01	2.187500E+01	1.000000E+00	1.000000E+00
3.437500E+01	2.187500E+01	2.000000E+00	1.000000E+00
3.437500E+01	2.812500E+01	0.000000E+00	1.000000E+00
3.437500E+01	2.812500E+01	1.000000E+00	1.000000E+00
3.437500E+01	2.812500E+01	2.000000E+00	1.000000E+00
3.437500E+01	3.437500E+01	0.000000E+00	1.000000E+00
3.437500E+01	3.437500E+01	1.000000E+00	1.000000E+00
3.437500E+01	3.437500E+01	2.000000E+00	1.000000E+00
3.437500E+01	4.062500E+01	0.000000E+00	1.000000E+00
3.437500E+01	4.062500E+01	1.000000E+00	1.000000E+00
3.437500E+01	4.062500E+01	2.000000E+00	1.000000E+00
3.437500E+01	4.687500E+01	0.000000E+00	1.000000E+00
3.437500E+01	4.687500E+01	1.000000E+00	1.000000E+00
3.437500E+01	4.687500E+01	2.000000E+00	1.000000E+00
3.437500E+01	5.000000E+01	0.000000E+00	1.000000E+00
3.437500E+01	5.000000E+01	1.000000E+00	1.000000E+00
3.437500E+01	5.000000E+01	2.000000E+00	1.000000E+00
4.062500E+01	0.000000E+00	0.000000E+00	1.000000E+00
4.062500E+01	0.000000E+00	1.000000E+00	1.000000E+00
4.062500E+01	0.000000E+00	2.000000E+00	1.000000E+00
4.062500E+01	3.125000E+00	0.000000E+00	1.000000E+00
4.062500E+01	3.125000E+00	1.000000E+00	1.000000E+00
4.062500E+01	3.125000E+00	2.000000E+00	1.000000E+00
4.062500E+01	9.375000E+00	0.000000E+00	1.000000E+00
4.062500E+01	9.375000E+00	1.000000E+00	1.000000E+00
4.062500E+01	9.375000E+00	2.000000E+00	1.000000E+00
4.062500E+01	1.562500E+01	0.000000E+00	1.000000E+00
4.062500E+01	1.562500E+01	1.000000E+00	1.000000E+00
4.062500E+01	1.562500E+01	2.000000E+00	1.000000E+00
4.062500E+01	2.187500E+01	0.000000E+00	1.000000E+00
4.062500E+01	2.187500E+01	1.000000E+00	1.000000E+00
4.062500E+01	2.187500E+01	2.000000E+00	1.000000E+00
4.062500E+01	2.812500E+01	0.000000E+00	1.000000E+00
4.062500E+01	2.812500E+01	1.000000E+00	1.000000E+00
4.062500E+01	2.812500E+01	2.000000E+00	1.000000E+00
4.062500E+01	3.437500E+01	0.000000E+00	1.000000E+00
4.062500E+01	3.437500E+01	1.000000E+00	1.000000E+00
4.062500E+01	3.437500E+01	2.000000E+00	1.000000E+00
4.062500E+01	4.062500E+01	0.000000E+00	1.000000E+00
4.062500E+01	4.062500E+01	1.000000E+00	1.000000E+00
4.062500E+01	4.062500E+01	2.000000E+00	1.000000E+00
4.062500E+01	4.687500E+01	0.000000E+00	1.000000E+00
4.062500E+01	4.687500E+01	1.000000E+00	1.000000E+00
4.062500E+01	4.687500E+01	2.000000E+00	1.000000E+00
4.062500E+01	5.000000E+01	0.000000E+00	1.000000E+00
4.062500E+01	5.000000E+01	1.000000E+00	1.000000E+00
4.062500E+01	5.000000E+01	2.000000E+00	1.000000E+00
4.687500E+01	0.000000E+00	0.000000E+00	1.000000E+00
4.687500E+01	0.000000E+00	1.000000E+00	1.000000E+00
4.687500E+01	0.000000E+00	2.000000E+00	1.000000E+00
4.687500E+01	3.125000E+00	0.000000E+00	1.000000E+00
4.687500E+01	3.125000E+00	1.000000E+00	1.000000E+00
4.687500E+01	3.125000E+00	2.000000E+00	1.000000E+00
4.687500E+01	9.375000E+00	0.000000E+00	1.000000E+00
4.687500E+01	9.375000E+00	1.000000E+00	1.000000E+00
4.687500E+01	9.375000E+00	2.000000E+00	1.000000E+00
4.687500E+01	1.562500E+01	0.000000E+00	1.000000E+00
4.687500E+01	1.562500E+01	1.000000E+00	1.000000E+00
4.687500E+01	1.562500E+01	2.000000E+00	1.000000E+00
4.687500E+01	2.187500E+01	0.000000E+00	1.000000E+00
4.687500E+01	2.187500E+01	1.000000E+00	1.000000E+00
4.687500E+01	2.187500E+01	2.000000E+00	1.000000E+00
4.687500E+01	2.812500E+01	0.000000E+00	1.000000E+00
4.687500E+01	2.812500E+01	1.000000E+00	1.000000E+00
4.687500E+01	2.812500E+01	2.000000E+00	1.000000E+00
4.687500E+01	3.437500E+01	0.000000E+00	1.000000E+00
4.687500E+01	3.437500E+01	1.000000E+00	1.000000E+00
4.687500E+01	3.437500E+01	2.000000E+00	1.000000E+00
4.687500E+01	4.062500E+01	0.000000E+00	1.000000E+00
4.687500E+01	4.062500E+01	1.000000E+00	1.000000E+00
4.687500E+01	4.062500E+01	2.000000E+00	1.000000E+00
4.687500E+01	4.687500E+01	0.000000E+00	1.000000E+00
4.687500E+01	4.687500E+01	1.000000E+00	1.000000E+00
4.687500E+01	4.687500E+01	2.000000E+00	1.000000E+00
4.687500E+01	5.000000E+01	0.000000E+00	1.000000E+00
4.687500E+01	5.000000E+01	1.000000E+00	1.000000E+00
4.687500E+01	5.000000E+01	2.000000E+00	1.000000E+00
5.000000E+01	0.000000E+00	0.000000E+00	1.000000E+00
5.000000E+01	0.000000E+00	1.000000E+00	1.000000E+00
5.000000E+01	0.000000E+00	2.000000E+00	1.000000E+00
5.000000E+01	3.125000E+00	0.000000E+00	1.000000E+00
5.000000E+01	3.125000E+00	1.000000E+00	1.000000E+00
5.000000E+01	3.125000E+00	2.000000E+00	1.000000E+00
5.000000E+01	9.375000E+00	0.000000E+00	1.000000E+00
5.000000E+01	9.375000E+00	1.000000E+00	1.000000E+00
5.000000E+01	9.375000E+00	2.000000E+00	1.000000E+00
5.000000E+01	1.562500E+01	0.000000E+00	1.000000E+00
5.000000E+01	1.562500E+01	1.000000E+00	1.000000E+00
5.000000E+01	1.562500E+01	2.000000E+00	1.000000E+00
5.000000E+01	2.187500E+01	0.000000E+00	1.000000E+00
5.000000E+01	2.187500E+01	1.000000E+00	1.000000E+00
5.000000E+01	2.187500E+01	2.000000E+00	1.000000E+00
5.000000E+01	2.812500E+01	0.000000E+00	1.000000E+00
5.000000E+01	2.812500E+01	1.000000E+00	1.000000E+00
5.000000E+01	2.812500E+01	2.000000E+00	1.000000E+00
5.000000E+01	3.437500E+01	0.000000E+00	1.000000E+00
5.000000E+01	3.437500E+01	1.000000E+00	1.000000E+00
5.000000E+01	3.437500E+01	2.000000E+00	1.000000E+00
5.000000E+01	4.062500E+01	0.000000E+00	1.000000E+00
5.000000E+01	4.062500E+01	1.000000E+00	1.000000E+00
5.000000E+01	4.062500E+01	2.000000E+00	1.000000E+00
5.000000E+01	4.687500E+01	0.000000E+00	1.000000E+00
5.000000E+01	4.687500E+01	1.000000E+00	1.000000E+00
5.000000E+01	4.687500E+01	2.000000E+00	1.000000E+00
5.000000E+01	5.000000E+01	0.000000E+00	1.000000E+00
5.000000E+01	5.000000E+01	1.000000E+00	1.000000E+00
5.000000E+01	5.000000E+01	2.000000E+00	1.000000E+00
 --------------------------------------------------------
*material
5
10000.0, 0.3, 1.0, 0.0, 1.0e25
!Young Modulus, Poisson coef, thickness (set to 1.0 if not used), density, Yield Stress
*bcdof   !boundary condition *38
225
1	,	1
2	,	1
3	,	1
4	,	1
5	,	1
6	,	1
7	,	1
8	,	1
9	,	1
10	,	1
11	,	1
21	,	1
31	,	1
41	,	1
51	,	1
61	,	1
71	,	1
81	,	1
91	,	1
101	,	1
102	,	1
103	,	1
104	,	1
105	,	1
106	,	1
107	,	1
108	,	1
109	,	1
110	,	1
111	,	1
121	,	1
131	,	1
141	,	1
151	,	1
161	,	1
171	,	1
181	,	1
191	,	1
201	,	1
202	,	1
203	,	1
204	,	1
205	,	1
206	,	1
207	,	1
208	,	1
209	,	1
210	,	1
211	,	1
221	,	1
231	,	1
241	,	1
251	,	1
261	,	1
271	,	1
281	,	1
291	,	1
1	,	2
2	,	2
3	,	2
4	,	2
5	,	2
6	,	2
7	,	2
8	,	2
9	,	2
10	,	2
11	,	2
21	,	2
31	,	2
41	,	2
51	,	2
61	,	2
71	,	2
81	,	2
91	,	2
101	,	2
102	,	2
103	,	2
104	,	2
105	,	2
106	,	2
107	,	2
108	,	2
109	,	2
110	,	2
111	,	2
121	,	2
131	,	2
141	,	2
151	,	2
161	,	2
171	,	2
181	,	2
191	,	2
201	,	2
202	,	2
203	,	2
204	,	2
205	,	2
206	,	2
207	,	2
208	,	2
209	,	2
210	,	2
211	,	2
221	,	2
231	,	2
241	,	2
251	,	2
261	,	2
271	,	2
281	,	2
291	,	2
1	,	3
2	,	3
3	,	3
4	,	3
5	,	3
6	,	3
7	,	3
8	,	3
9	,	3
10	,	3
11	,	3
21	,	3
31	,	3
41	,	3
51	,	3
61	,	3
71	,	3
81	,	3
91	,	3
101	,	3
102	,	3
103	,	3
104	,	3
105	,	3
106	,	3
107	,	3
108	,	3
109	,	3
110	,	3
111	,	3
121	,	3
131	,	3
141	,	3
151	,	3
161	,	3
171	,	3
181	,	3
191	,	3
201	,	3
202	,	3
203	,	3
204	,	3
205	,	3
206	,	3
207	,	3
208	,	3
209	,	3
210	,	3
211	,	3
221	,	3
231	,	3
241	,	3
251	,	3
261	,	3
271	,	3
281	,	3
291	,	3
20	,	1
30	,	1
40	,	1
50	,	1
60	,	1
70	,	1
80	,	1
90	,	1
100	,	1
120	,	1
130	,	1
140	,	1
150	,	1
160	,	1
170	,	1
180	,	1
190	,	1
200	,	1
220	,	1
230	,	1
240	,	1
250	,	1
260	,	1
270	,	1
280	,	1
290	,	1
300	,	1
92	,	2
93	,	2
94	,	2
95	,	2
96	,	2
97	,	2
98	,	2
99	,	2
100	,	2
192	,	2
193	,	2
194	,	2
195	,	2
196	,	2
197	,	2
198	,	2
199	,	2
200	,	2
292	,	2
293	,	2
294	,	2
295	,	2
296	,	2
297	,	2
298	,	2
299	,	2
300	,	2
--------------------------------------------------------
*loaddof       !load vector
1
300, 3, -4.09175
*end