!---------------------------------------------------------------------------
!
! Curved Beam subjected to a shear displacement plane strain conditions
! 2x2x1 element mesh
!
!---------------------------------------------------------------------------
*begin
3           !problem dimension
2, 1, 1     !degree of each dimension
4, 3, 2     !control points in each direction
0, 0, 0     !open(0) or closed(1) knot vector
--------------------------------------------------------
*knots    !knot spans
0.0, 0.0, 0.0, 0.5, 1.0, 1.0, 1.0
0.0, 0.0, 0.5, 1.0, 1.0
0.0, 0.0, 1.0, 1.0
--------------------------------------------------------
*element
Hex27
*bnet     !nurbs control points
0.000000E+000 5.000000E+000 0.000000E+000 1.000000E+000
0.000000E+000 5.000000E+000 1.000000E+000 1.000000E+000
0.000000E+000 7.500000E+000 0.000000E+000 1.000000E+000
0.000000E+000 7.500000E+000 1.000000E+000 1.000000E+000
0.000000E+000 1.000000E+001 0.000000E+000 1.000000E+000
0.000000E+000 1.000000E+001 1.000000E+000 1.000000E+000
2.071068E+000 5.000000E+000 0.000000E+000 8.535534E-001
2.071068E+000 5.000000E+000 1.000000E+000 8.535534E-001
3.106602E+000 7.500000E+000 0.000000E+000 8.535534E-001
3.106602E+000 7.500000E+000 1.000000E+000 8.535534E-001
4.142136E+000 1.000000E+001 0.000000E+000 8.535534E-001
4.142136E+000 1.000000E+001 1.000000E+000 8.535534E-001
5.000000E+000 2.071068E+000 0.000000E+000 8.535534E-001
5.000000E+000 2.071068E+000 1.000000E+000 8.535534E-001
7.500000E+000 3.106602E+000 0.000000E+000 8.535534E-001
7.500000E+000 3.106602E+000 1.000000E+000 8.535534E-001
1.000000E+001 4.142136E+000 0.000000E+000 8.535534E-001
1.000000E+001 4.142136E+000 1.000000E+000 8.535534E-001
5.000000E+000 0.000000E+000 0.000000E+000 1.000000E+000
5.000000E+000 0.000000E+000 1.000000E+000 1.000000E+000
7.500000E+000 0.000000E+000 0.000000E+000 1.000000E+000
7.500000E+000 0.000000E+000 1.000000E+000 1.000000E+000
1.000000E+001 0.000000E+000 0.000000E+000 1.000000E+000
1.000000E+001 0.000000E+000 1.000000E+000 1.000000E+000
 --------------------------------------------------------
*material
5
9600.0, 0.2, 1.0, 0.0, 1.0e25
!Young Modulus, Poisson coef, thickness (set to 1.0 if not used), density, Yield Stress
*boundary
32
1, 1, 1, 1 *xy bondary
1, 1, 1, 2
1, 1, 2, 1
1, 1, 2, 2
1, 2, 1, 1 **xx boundary
1, 2, 2, 1
1, 3, 1, 1 
1, 3, 2, 1
1	,	1	,	1	,	3 ** zz boundary
1	,	1	,	2	,	3
1	,	2	,	1	,	3
1	,	2	,	2	,	3
1	,	3	,	1	,	3
1	,	3	,	2	,	3
2	,	1	,	1	,	3
2	,	1	,	2	,	3
2	,	2	,	1	,	3
2	,	2	,	2	,	3
2	,	3	,	1	,	3
2	,	3	,	2	,	3
3	,	1	,	1	,	3
3	,	1	,	2	,	3
3	,	2	,	1	,	3
3	,	2	,	2	,	3
3	,	3	,	1	,	3
3	,	3	,	2	,	3
4	,	1	,	1	,	3
4	,	1	,	2	,	3
4	,	2	,	1	,	3
4	,	2	,	2	,	3
4	,	3	,	1	,	3
4	,	3	,	2	,	3
--------------------------------------------------------
*load       !load vector
6
4, 1, 1, 1, -12.5
4, 1, 2, 1, -12.5
4, 2, 1, 1, -25.0
4, 2, 2, 1, -25.0
4, 3, 1, 1, -12.5
4, 3, 2, 1, -12.5
*end