!---------------------------------------------------------------------------
!
! Curved Beam subjected to a shear displacement plane strain conditions
! 8x8x1 element mesh
!
!---------------------------------------------------------------------------
*begin
3           !problem dimension
2, 1, 1     !degree of each dimension
10, 9, 2     !control points in each direction
0, 0, 0     !open(0) or closed(1) knot vector
--------------------------------------------------------
*knots    !knot spans
0.0, 0.0, 0.0, 0.125, 0.25, 0.375, 0.5, 0.625, 0.75, 0.875, 1.0, 1.0, 1.0
0.0, 0.0, 0.125, 0.25, 0.375, 0.5, 0.625, 0.75, 0.875, 1.0, 1.0
0.0, 0.0, 1.0, 1.0
--------------------------------------------------------
*element
Hex27
*bnet     !nurbs control points
0.000000E+000 5.000000E+000 0.000000E+000 1.000000E+000
0.000000E+000 5.000000E+000 1.000000E+000 1.000000E+000
0.000000E+000 5.625000E+000 0.000000E+000 1.000000E+000
0.000000E+000 5.625000E+000 1.000000E+000 1.000000E+000
0.000000E+000 6.250000E+000 0.000000E+000 1.000000E+000
0.000000E+000 6.250000E+000 1.000000E+000 1.000000E+000
0.000000E+000 6.875000E+000 0.000000E+000 1.000000E+000
0.000000E+000 6.875000E+000 1.000000E+000 1.000000E+000
0.000000E+000 7.500000E+000 0.000000E+000 1.000000E+000
0.000000E+000 7.500000E+000 1.000000E+000 1.000000E+000
0.000000E+000 8.125000E+000 0.000000E+000 1.000000E+000
0.000000E+000 8.125000E+000 1.000000E+000 1.000000E+000
0.000000E+000 8.750000E+000 0.000000E+000 1.000000E+000
0.000000E+000 8.750000E+000 1.000000E+000 1.000000E+000
0.000000E+000 9.375000E+000 0.000000E+000 1.000000E+000
0.000000E+000 9.375000E+000 1.000000E+000 1.000000E+000
0.000000E+000 1.000000E+001 0.000000E+000 1.000000E+000
0.000000E+000 1.000000E+001 1.000000E+000 1.000000E+000
4.587369E-001 5.000000E+000 0.000000E+000 9.633883E-001
4.587369E-001 5.000000E+000 1.000000E+000 9.633883E-001
5.160790E-001 5.625000E+000 0.000000E+000 9.633883E-001
5.160790E-001 5.625000E+000 1.000000E+000 9.633883E-001
5.734211E-001 6.250000E+000 0.000000E+000 9.633883E-001
5.734211E-001 6.250000E+000 1.000000E+000 9.633883E-001
6.307632E-001 6.875000E+000 0.000000E+000 9.633883E-001
6.307632E-001 6.875000E+000 1.000000E+000 9.633883E-001
6.881053E-001 7.500000E+000 0.000000E+000 9.633883E-001
6.881053E-001 7.500000E+000 1.000000E+000 9.633883E-001
7.454474E-001 8.125000E+000 0.000000E+000 9.633883E-001
7.454474E-001 8.125000E+000 1.000000E+000 9.633883E-001
8.027895E-001 8.750000E+000 0.000000E+000 9.633883E-001
8.027895E-001 8.750000E+000 1.000000E+000 9.633883E-001
8.601316E-001 9.375000E+000 0.000000E+000 9.633883E-001
8.601316E-001 9.375000E+000 1.000000E+000 9.633883E-001
9.174737E-001 1.000000E+001 0.000000E+000 9.633883E-001
9.174737E-001 1.000000E+001 1.000000E+000 9.633883E-001
1.388162E+000 4.828008E+000 0.000000E+000 9.084709E-001
1.388162E+000 4.828008E+000 1.000000E+000 9.084709E-001
1.561682E+000 5.431509E+000 0.000000E+000 9.084709E-001
1.561682E+000 5.431509E+000 1.000000E+000 9.084709E-001
1.735202E+000 6.035010E+000 0.000000E+000 9.084709E-001
1.735202E+000 6.035010E+000 1.000000E+000 9.084709E-001
1.908722E+000 6.638511E+000 0.000000E+000 9.084709E-001
1.908722E+000 6.638511E+000 1.000000E+000 9.084709E-001
2.082242E+000 7.242012E+000 0.000000E+000 9.084709E-001
2.082242E+000 7.242012E+000 1.000000E+000 9.084709E-001
2.255763E+000 7.845513E+000 0.000000E+000 9.084709E-001
2.255763E+000 7.845513E+000 1.000000E+000 9.084709E-001
2.429283E+000 8.449013E+000 0.000000E+000 9.084709E-001
2.429283E+000 8.449013E+000 1.000000E+000 9.084709E-001
2.602803E+000 9.052514E+000 0.000000E+000 9.084709E-001
2.602803E+000 9.052514E+000 1.000000E+000 9.084709E-001
2.776323E+000 9.656015E+000 0.000000E+000 9.084709E-001
2.776323E+000 9.656015E+000 1.000000E+000 9.084709E-001
2.311779E+000 4.462356E+000 0.000000E+000 8.718592E-001
2.311779E+000 4.462356E+000 1.000000E+000 8.718592E-001
2.600752E+000 5.020150E+000 0.000000E+000 8.718592E-001
2.600752E+000 5.020150E+000 1.000000E+000 8.718592E-001
2.889724E+000 5.577945E+000 0.000000E+000 8.718592E-001
2.889724E+000 5.577945E+000 1.000000E+000 8.718592E-001
3.178697E+000 6.135739E+000 0.000000E+000 8.718592E-001
3.178697E+000 6.135739E+000 1.000000E+000 8.718592E-001
3.467669E+000 6.693534E+000 0.000000E+000 8.718592E-001
3.467669E+000 6.693534E+000 1.000000E+000 8.718592E-001
3.756641E+000 7.251328E+000 0.000000E+000 8.718592E-001
3.756641E+000 7.251328E+000 1.000000E+000 8.718592E-001
4.045614E+000 7.809123E+000 0.000000E+000 8.718592E-001
4.045614E+000 7.809123E+000 1.000000E+000 8.718592E-001
4.334586E+000 8.366917E+000 0.000000E+000 8.718592E-001
4.334586E+000 8.366917E+000 1.000000E+000 8.718592E-001
4.623559E+000 8.924712E+000 0.000000E+000 8.718592E-001
4.623559E+000 8.924712E+000 1.000000E+000 8.718592E-001
3.169417E+000 3.901650E+000 0.000000E+000 8.535534E-001
3.169417E+000 3.901650E+000 1.000000E+000 8.535534E-001
3.565595E+000 4.389357E+000 0.000000E+000 8.535534E-001
3.565595E+000 4.389357E+000 1.000000E+000 8.535534E-001
3.961772E+000 4.877063E+000 0.000000E+000 8.535534E-001
3.961772E+000 4.877063E+000 1.000000E+000 8.535534E-001
4.357949E+000 5.364769E+000 0.000000E+000 8.535534E-001
4.357949E+000 5.364769E+000 1.000000E+000 8.535534E-001
4.754126E+000 5.852476E+000 0.000000E+000 8.535534E-001
4.754126E+000 5.852476E+000 1.000000E+000 8.535534E-001
5.150303E+000 6.340182E+000 0.000000E+000 8.535534E-001
5.150303E+000 6.340182E+000 1.000000E+000 8.535534E-001
5.546480E+000 6.827888E+000 0.000000E+000 8.535534E-001
5.546480E+000 6.827888E+000 1.000000E+000 8.535534E-001
5.942658E+000 7.315595E+000 0.000000E+000 8.535534E-001
5.942658E+000 7.315595E+000 1.000000E+000 8.535534E-001
6.338835E+000 7.803301E+000 0.000000E+000 8.535534E-001
6.338835E+000 7.803301E+000 1.000000E+000 8.535534E-001
3.901650E+000 3.169417E+000 0.000000E+000 8.535534E-001
3.901650E+000 3.169417E+000 1.000000E+000 8.535534E-001
4.389357E+000 3.565595E+000 0.000000E+000 8.535534E-001
4.389357E+000 3.565595E+000 1.000000E+000 8.535534E-001
4.877063E+000 3.961772E+000 0.000000E+000 8.535534E-001
4.877063E+000 3.961772E+000 1.000000E+000 8.535534E-001
5.364769E+000 4.357949E+000 0.000000E+000 8.535534E-001
5.364769E+000 4.357949E+000 1.000000E+000 8.535534E-001
5.852476E+000 4.754126E+000 0.000000E+000 8.535534E-001
5.852476E+000 4.754126E+000 1.000000E+000 8.535534E-001
6.340182E+000 5.150303E+000 0.000000E+000 8.535534E-001
6.340182E+000 5.150303E+000 1.000000E+000 8.535534E-001
6.827888E+000 5.546480E+000 0.000000E+000 8.535534E-001
6.827888E+000 5.546480E+000 1.000000E+000 8.535534E-001
7.315595E+000 5.942658E+000 0.000000E+000 8.535534E-001
7.315595E+000 5.942658E+000 1.000000E+000 8.535534E-001
7.803301E+000 6.338835E+000 0.000000E+000 8.535534E-001
7.803301E+000 6.338835E+000 1.000000E+000 8.535534E-001
4.462356E+000 2.311779E+000 0.000000E+000 8.718592E-001
4.462356E+000 2.311779E+000 1.000000E+000 8.718592E-001
5.020150E+000 2.600752E+000 0.000000E+000 8.718592E-001
5.020150E+000 2.600752E+000 1.000000E+000 8.718592E-001
5.577945E+000 2.889724E+000 0.000000E+000 8.718592E-001
5.577945E+000 2.889724E+000 1.000000E+000 8.718592E-001
6.135739E+000 3.178697E+000 0.000000E+000 8.718592E-001
6.135739E+000 3.178697E+000 1.000000E+000 8.718592E-001
6.693534E+000 3.467669E+000 0.000000E+000 8.718592E-001
6.693534E+000 3.467669E+000 1.000000E+000 8.718592E-001
7.251328E+000 3.756641E+000 0.000000E+000 8.718592E-001
7.251328E+000 3.756641E+000 1.000000E+000 8.718592E-001
7.809123E+000 4.045614E+000 0.000000E+000 8.718592E-001
7.809123E+000 4.045614E+000 1.000000E+000 8.718592E-001
8.366917E+000 4.334586E+000 0.000000E+000 8.718592E-001
8.366917E+000 4.334586E+000 1.000000E+000 8.718592E-001
8.924712E+000 4.623559E+000 0.000000E+000 8.718592E-001
8.924712E+000 4.623559E+000 1.000000E+000 8.718592E-001
4.828008E+000 1.388162E+000 0.000000E+000 9.084709E-001
4.828008E+000 1.388162E+000 1.000000E+000 9.084709E-001
5.431509E+000 1.561682E+000 0.000000E+000 9.084709E-001
5.431509E+000 1.561682E+000 1.000000E+000 9.084709E-001
6.035010E+000 1.735202E+000 0.000000E+000 9.084709E-001
6.035010E+000 1.735202E+000 1.000000E+000 9.084709E-001
6.638511E+000 1.908722E+000 0.000000E+000 9.084709E-001
6.638511E+000 1.908722E+000 1.000000E+000 9.084709E-001
7.242012E+000 2.082242E+000 0.000000E+000 9.084709E-001
7.242012E+000 2.082242E+000 1.000000E+000 9.084709E-001
7.845513E+000 2.255763E+000 0.000000E+000 9.084709E-001
7.845513E+000 2.255763E+000 1.000000E+000 9.084709E-001
8.449013E+000 2.429283E+000 0.000000E+000 9.084709E-001
8.449013E+000 2.429283E+000 1.000000E+000 9.084709E-001
9.052514E+000 2.602803E+000 0.000000E+000 9.084709E-001
9.052514E+000 2.602803E+000 1.000000E+000 9.084709E-001
9.656015E+000 2.776323E+000 0.000000E+000 9.084709E-001
9.656015E+000 2.776323E+000 1.000000E+000 9.084709E-001
5.000000E+000 4.587369E-001 0.000000E+000 9.633883E-001
5.000000E+000 4.587369E-001 1.000000E+000 9.633883E-001
5.625000E+000 5.160790E-001 0.000000E+000 9.633883E-001
5.625000E+000 5.160790E-001 1.000000E+000 9.633883E-001
6.250000E+000 5.734211E-001 0.000000E+000 9.633883E-001
6.250000E+000 5.734211E-001 1.000000E+000 9.633883E-001
6.875000E+000 6.307632E-001 0.000000E+000 9.633883E-001
6.875000E+000 6.307632E-001 1.000000E+000 9.633883E-001
7.500000E+000 6.881053E-001 0.000000E+000 9.633883E-001
7.500000E+000 6.881053E-001 1.000000E+000 9.633883E-001
8.125000E+000 7.454474E-001 0.000000E+000 9.633883E-001
8.125000E+000 7.454474E-001 1.000000E+000 9.633883E-001
8.750000E+000 8.027895E-001 0.000000E+000 9.633883E-001
8.750000E+000 8.027895E-001 1.000000E+000 9.633883E-001
9.375000E+000 8.601316E-001 0.000000E+000 9.633883E-001
9.375000E+000 8.601316E-001 1.000000E+000 9.633883E-001
1.000000E+001 9.174737E-001 0.000000E+000 9.633883E-001
1.000000E+001 9.174737E-001 1.000000E+000 9.633883E-001
5.000000E+000 0.000000E+000 0.000000E+000 1.000000E+000
5.000000E+000 0.000000E+000 1.000000E+000 1.000000E+000
5.625000E+000 0.000000E+000 0.000000E+000 1.000000E+000
5.625000E+000 0.000000E+000 1.000000E+000 1.000000E+000
6.250000E+000 0.000000E+000 0.000000E+000 1.000000E+000
6.250000E+000 0.000000E+000 1.000000E+000 1.000000E+000
6.875000E+000 0.000000E+000 0.000000E+000 1.000000E+000
6.875000E+000 0.000000E+000 1.000000E+000 1.000000E+000
7.500000E+000 0.000000E+000 0.000000E+000 1.000000E+000
7.500000E+000 0.000000E+000 1.000000E+000 1.000000E+000
8.125000E+000 0.000000E+000 0.000000E+000 1.000000E+000
8.125000E+000 0.000000E+000 1.000000E+000 1.000000E+000
8.750000E+000 0.000000E+000 0.000000E+000 1.000000E+000
8.750000E+000 0.000000E+000 1.000000E+000 1.000000E+000
9.375000E+000 0.000000E+000 0.000000E+000 1.000000E+000
9.375000E+000 0.000000E+000 1.000000E+000 1.000000E+000
1.000000E+001 0.000000E+000 0.000000E+000 1.000000E+000
1.000000E+001 0.000000E+000 1.000000E+000 1.000000E+000
 --------------------------------------------------------
*material
5
9600.0, 0.2, 1.0, 0.0, 1.0e25
!Young Modulus, Poisson coef, thickness (set to 1.0 if not used), density, Yield Stress
*boundary
200
1, 1, 1, 1 *xy bondary
1, 1, 1, 2
1, 1, 2, 1
1, 1, 2, 2
1, 2, 1, 1 **xx boundary
1, 2, 2, 1
1, 3, 1, 1 
1, 3, 2, 1
1, 4, 1, 1 
1, 4, 2, 1
1, 5, 1, 1 
1, 5, 2, 1
1, 6, 1, 1 
1, 6, 2, 1
1, 7, 1, 1 
1, 7, 2, 1
1, 8, 1, 1 
1, 8, 2, 1
1, 9, 1, 1 
1, 9, 2, 1
1	,	1	,	1	,	3
1	,	1	,	2	,	3
1	,	2	,	1	,	3
1	,	2	,	2	,	3
1	,	3	,	1	,	3
1	,	3	,	2	,	3
1	,	4	,	1	,	3
1	,	4	,	2	,	3
1	,	5	,	1	,	3
1	,	5	,	2	,	3
1	,	6	,	1	,	3
1	,	6	,	2	,	3
1	,	7	,	1	,	3
1	,	7	,	2	,	3
1	,	8	,	1	,	3
1	,	8	,	2	,	3
1	,	9	,	1	,	3
1	,	9	,	2	,	3
2	,	1	,	1	,	3
2	,	1	,	2	,	3
2	,	2	,	1	,	3
2	,	2	,	2	,	3
2	,	3	,	1	,	3
2	,	3	,	2	,	3
2	,	4	,	1	,	3
2	,	4	,	2	,	3
2	,	5	,	1	,	3
2	,	5	,	2	,	3
2	,	6	,	1	,	3
2	,	6	,	2	,	3
2	,	7	,	1	,	3
2	,	7	,	2	,	3
2	,	8	,	1	,	3
2	,	8	,	2	,	3
2	,	9	,	1	,	3
2	,	9	,	2	,	3
3	,	1	,	1	,	3
3	,	1	,	2	,	3
3	,	2	,	1	,	3
3	,	2	,	2	,	3
3	,	3	,	1	,	3
3	,	3	,	2	,	3
3	,	4	,	1	,	3
3	,	4	,	2	,	3
3	,	5	,	1	,	3
3	,	5	,	2	,	3
3	,	6	,	1	,	3
3	,	6	,	2	,	3
3	,	7	,	1	,	3
3	,	7	,	2	,	3
3	,	8	,	1	,	3
3	,	8	,	2	,	3
3	,	9	,	1	,	3
3	,	9	,	2	,	3
4	,	1	,	1	,	3
4	,	1	,	2	,	3
4	,	2	,	1	,	3
4	,	2	,	2	,	3
4	,	3	,	1	,	3
4	,	3	,	2	,	3
4	,	4	,	1	,	3
4	,	4	,	2	,	3
4	,	5	,	1	,	3
4	,	5	,	2	,	3
4	,	6	,	1	,	3
4	,	6	,	2	,	3
4	,	7	,	1	,	3
4	,	7	,	2	,	3
4	,	8	,	1	,	3
4	,	8	,	2	,	3
4	,	9	,	1	,	3
4	,	9	,	2	,	3
5	,	1	,	1	,	3
5	,	1	,	2	,	3
5	,	2	,	1	,	3
5	,	2	,	2	,	3
5	,	3	,	1	,	3
5	,	3	,	2	,	3
5	,	4	,	1	,	3
5	,	4	,	2	,	3
5	,	5	,	1	,	3
5	,	5	,	2	,	3
5	,	6	,	1	,	3
5	,	6	,	2	,	3
5	,	7	,	1	,	3
5	,	7	,	2	,	3
5	,	8	,	1	,	3
5	,	8	,	2	,	3
5	,	9	,	1	,	3
5	,	9	,	2	,	3
6	,	1	,	1	,	3
6	,	1	,	2	,	3
6	,	2	,	1	,	3
6	,	2	,	2	,	3
6	,	3	,	1	,	3
6	,	3	,	2	,	3
6	,	4	,	1	,	3
6	,	4	,	2	,	3
6	,	5	,	1	,	3
6	,	5	,	2	,	3
6	,	6	,	1	,	3
6	,	6	,	2	,	3
6	,	7	,	1	,	3
6	,	7	,	2	,	3
6	,	8	,	1	,	3
6	,	8	,	2	,	3
6	,	9	,	1	,	3
6	,	9	,	2	,	3
7	,	1	,	1	,	3
7	,	1	,	2	,	3
7	,	2	,	1	,	3
7	,	2	,	2	,	3
7	,	3	,	1	,	3
7	,	3	,	2	,	3
7	,	4	,	1	,	3
7	,	4	,	2	,	3
7	,	5	,	1	,	3
7	,	5	,	2	,	3
7	,	6	,	1	,	3
7	,	6	,	2	,	3
7	,	7	,	1	,	3
7	,	7	,	2	,	3
7	,	8	,	1	,	3
7	,	8	,	2	,	3
7	,	9	,	1	,	3
7	,	9	,	2	,	3
8	,	1	,	1	,	3
8	,	1	,	2	,	3
8	,	2	,	1	,	3
8	,	2	,	2	,	3
8	,	3	,	1	,	3
8	,	3	,	2	,	3
8	,	4	,	1	,	3
8	,	4	,	2	,	3
8	,	5	,	1	,	3
8	,	5	,	2	,	3
8	,	6	,	1	,	3
8	,	6	,	2	,	3
8	,	7	,	1	,	3
8	,	7	,	2	,	3
8	,	8	,	1	,	3
8	,	8	,	2	,	3
8	,	9	,	1	,	3
8	,	9	,	2	,	3
9	,	1	,	1	,	3
9	,	1	,	2	,	3
9	,	2	,	1	,	3
9	,	2	,	2	,	3
9	,	3	,	1	,	3
9	,	3	,	2	,	3
9	,	4	,	1	,	3
9	,	4	,	2	,	3
9	,	5	,	1	,	3
9	,	5	,	2	,	3
9	,	6	,	1	,	3
9	,	6	,	2	,	3
9	,	7	,	1	,	3
9	,	7	,	2	,	3
9	,	8	,	1	,	3
9	,	8	,	2	,	3
9	,	9	,	1	,	3
9	,	9	,	2	,	3
10	,	1	,	1	,	3
10	,	1	,	2	,	3
10	,	2	,	1	,	3
10	,	2	,	2	,	3
10	,	3	,	1	,	3
10	,	3	,	2	,	3
10	,	4	,	1	,	3
10	,	4	,	2	,	3
10	,	5	,	1	,	3
10	,	5	,	2	,	3
10	,	6	,	1	,	3
10	,	6	,	2	,	3
10	,	7	,	1	,	3
10	,	7	,	2	,	3
10	,	8	,	1	,	3
10	,	8	,	2	,	3
10	,	9	,	1	,	3
10	,	9	,	2	,	3
--------------------------------------------------------
*displacement       !load vector
18
10, 1, 1, 1, -0.1
10, 1, 2, 1, -0.1
10, 2, 1, 1, -0.1
10, 2, 2, 1, -0.1
10, 3, 1, 1, -0.1
10, 3, 2, 1, -0.1
10, 4, 1, 1, -0.1
10, 4, 2, 1, -0.1
10, 5, 1, 1, -0.1
10, 5, 2, 1, -0.1
10, 6, 1, 1, -0.1
10, 6, 2, 1, -0.1
10, 7, 1, 1, -0.1
10, 7, 2, 1, -0.1
10, 8, 1, 1, -0.1
10, 8, 2, 1, -0.1
10, 9, 1, 1, -0.1
10, 9, 2, 1, -0.1
*end