!---------------------------------------------------------------------------
!
! Curved Beam subjected to a shear displacement plane strain conditions
! 16x16x1 element mesh
!
!---------------------------------------------------------------------------
*begin
3           !problem dimension
2, 1, 1     !degree of each dimension
18, 17, 2     !control points in each direction
0, 0, 0     !open(0) or closed(1) knot vector
--------------------------------------------------------
*knots    !knot spans
0.0 0.0 0.0 0.0625	0.125	0.1875	0.25	0.3125	0.375	0.4375	0.5	0.5625	0.625	0.6875	0.75	0.8125	0.875	0.9375 1.0 1.0 1.0
0.0 0.0 0.0625	0.125	0.1875	0.25	0.3125	0.375	0.4375	0.5	0.5625	0.625	0.6875	0.75	0.8125	0.875	0.9375 1.0 1.0
0.0, 0.0, 1.0, 1.0
--------------------------------------------------------
*element
Hex8
*bnet     !nurbs control points
0.000000E+000 5.000000E+000 0.000000E+000 1.000000E+000
0.000000E+000 5.000000E+000 1.000000E+000 1.000000E+000
0.000000E+000 5.312500E+000 0.000000E+000 1.000000E+000
0.000000E+000 5.312500E+000 1.000000E+000 1.000000E+000
0.000000E+000 5.625000E+000 0.000000E+000 1.000000E+000
0.000000E+000 5.625000E+000 1.000000E+000 1.000000E+000
0.000000E+000 5.937500E+000 0.000000E+000 1.000000E+000
0.000000E+000 5.937500E+000 1.000000E+000 1.000000E+000
0.000000E+000 6.250000E+000 0.000000E+000 1.000000E+000
0.000000E+000 6.250000E+000 1.000000E+000 1.000000E+000
0.000000E+000 6.562500E+000 0.000000E+000 1.000000E+000
0.000000E+000 6.562500E+000 1.000000E+000 1.000000E+000
0.000000E+000 6.875000E+000 0.000000E+000 1.000000E+000
0.000000E+000 6.875000E+000 1.000000E+000 1.000000E+000
0.000000E+000 7.187500E+000 0.000000E+000 1.000000E+000
0.000000E+000 7.187500E+000 1.000000E+000 1.000000E+000
0.000000E+000 7.500000E+000 0.000000E+000 1.000000E+000
0.000000E+000 7.500000E+000 1.000000E+000 1.000000E+000
0.000000E+000 7.812500E+000 0.000000E+000 1.000000E+000
0.000000E+000 7.812500E+000 1.000000E+000 1.000000E+000
0.000000E+000 8.125000E+000 0.000000E+000 1.000000E+000
0.000000E+000 8.125000E+000 1.000000E+000 1.000000E+000
0.000000E+000 8.437500E+000 0.000000E+000 1.000000E+000
0.000000E+000 8.437500E+000 1.000000E+000 1.000000E+000
0.000000E+000 8.750000E+000 0.000000E+000 1.000000E+000
0.000000E+000 8.750000E+000 1.000000E+000 1.000000E+000
0.000000E+000 9.062500E+000 0.000000E+000 1.000000E+000
0.000000E+000 9.062500E+000 1.000000E+000 1.000000E+000
0.000000E+000 9.375000E+000 0.000000E+000 1.000000E+000
0.000000E+000 9.375000E+000 1.000000E+000 1.000000E+000
0.000000E+000 9.687500E+000 0.000000E+000 1.000000E+000
0.000000E+000 9.687500E+000 1.000000E+000 1.000000E+000
0.000000E+000 1.000000E+001 0.000000E+000 1.000000E+000
0.000000E+000 1.000000E+001 1.000000E+000 1.000000E+000
2.250914E-001 5.000000E+000 0.000000E+000 9.816942E-001
2.250914E-001 5.000000E+000 1.000000E+000 9.816942E-001
2.391596E-001 5.312500E+000 0.000000E+000 9.816942E-001
2.391596E-001 5.312500E+000 1.000000E+000 9.816942E-001
2.532278E-001 5.625000E+000 0.000000E+000 9.816942E-001
2.532278E-001 5.625000E+000 1.000000E+000 9.816942E-001
2.672960E-001 5.937500E+000 0.000000E+000 9.816942E-001
2.672960E-001 5.937500E+000 1.000000E+000 9.816942E-001
2.813642E-001 6.250000E+000 0.000000E+000 9.816942E-001
2.813642E-001 6.250000E+000 1.000000E+000 9.816942E-001
2.954324E-001 6.562500E+000 0.000000E+000 9.816942E-001
2.954324E-001 6.562500E+000 1.000000E+000 9.816942E-001
3.095006E-001 6.875000E+000 0.000000E+000 9.816942E-001
3.095006E-001 6.875000E+000 1.000000E+000 9.816942E-001
3.235688E-001 7.187500E+000 0.000000E+000 9.816942E-001
3.235688E-001 7.187500E+000 1.000000E+000 9.816942E-001
3.376370E-001 7.500000E+000 0.000000E+000 9.816942E-001
3.376370E-001 7.500000E+000 1.000000E+000 9.816942E-001
3.517052E-001 7.812500E+000 0.000000E+000 9.816942E-001
3.517052E-001 7.812500E+000 1.000000E+000 9.816942E-001
3.657734E-001 8.125000E+000 0.000000E+000 9.816942E-001
3.657734E-001 8.125000E+000 1.000000E+000 9.816942E-001
3.798417E-001 8.437500E+000 0.000000E+000 9.816942E-001
3.798417E-001 8.437500E+000 1.000000E+000 9.816942E-001
3.939099E-001 8.750000E+000 0.000000E+000 9.816942E-001
3.939099E-001 8.750000E+000 1.000000E+000 9.816942E-001
4.079781E-001 9.062500E+000 0.000000E+000 9.816942E-001
4.079781E-001 9.062500E+000 1.000000E+000 9.816942E-001
4.220463E-001 9.375000E+000 0.000000E+000 9.816942E-001
4.220463E-001 9.375000E+000 1.000000E+000 9.816942E-001
4.361145E-001 9.687500E+000 0.000000E+000 9.816942E-001
4.361145E-001 9.687500E+000 1.000000E+000 9.816942E-001
4.501827E-001 1.000000E+001 0.000000E+000 9.816942E-001
4.501827E-001 1.000000E+001 1.000000E+000 9.816942E-001
6.810154E-001 4.958867E+000 0.000000E+000 9.496590E-001
6.810154E-001 4.958867E+000 1.000000E+000 9.496590E-001
7.235789E-001 5.268796E+000 0.000000E+000 9.496590E-001
7.235789E-001 5.268796E+000 1.000000E+000 9.496590E-001
7.661423E-001 5.578725E+000 0.000000E+000 9.496590E-001
7.661423E-001 5.578725E+000 1.000000E+000 9.496590E-001
8.087058E-001 5.888654E+000 0.000000E+000 9.496590E-001
8.087058E-001 5.888654E+000 1.000000E+000 9.496590E-001
8.512693E-001 6.198584E+000 0.000000E+000 9.496590E-001
8.512693E-001 6.198584E+000 1.000000E+000 9.496590E-001
8.938327E-001 6.508513E+000 0.000000E+000 9.496590E-001
8.938327E-001 6.508513E+000 1.000000E+000 9.496590E-001
9.363962E-001 6.818442E+000 0.000000E+000 9.496590E-001
9.363962E-001 6.818442E+000 1.000000E+000 9.496590E-001
9.789596E-001 7.128371E+000 0.000000E+000 9.496590E-001
9.789596E-001 7.128371E+000 1.000000E+000 9.496590E-001
1.021523E+000 7.438300E+000 0.000000E+000 9.496590E-001
1.021523E+000 7.438300E+000 1.000000E+000 9.496590E-001
1.064087E+000 7.748229E+000 0.000000E+000 9.496590E-001
1.064087E+000 7.748229E+000 1.000000E+000 9.496590E-001
1.106650E+000 8.058159E+000 0.000000E+000 9.496590E-001
1.106650E+000 8.058159E+000 1.000000E+000 9.496590E-001
1.149213E+000 8.368088E+000 0.000000E+000 9.496590E-001
1.149213E+000 8.368088E+000 1.000000E+000 9.496590E-001
1.191777E+000 8.678017E+000 0.000000E+000 9.496590E-001
1.191777E+000 8.678017E+000 1.000000E+000 9.496590E-001
1.234340E+000 8.987946E+000 0.000000E+000 9.496590E-001
1.234340E+000 8.987946E+000 1.000000E+000 9.496590E-001
1.276904E+000 9.297875E+000 0.000000E+000 9.496590E-001
1.276904E+000 9.297875E+000 1.000000E+000 9.496590E-001
1.319467E+000 9.607804E+000 0.000000E+000 9.496590E-001
1.319467E+000 9.607804E+000 1.000000E+000 9.496590E-001
1.362031E+000 9.917734E+000 0.000000E+000 9.496590E-001
1.362031E+000 9.917734E+000 1.000000E+000 9.496590E-001
1.145428E+000 4.872926E+000 0.000000E+000 9.222002E-001
1.145428E+000 4.872926E+000 1.000000E+000 9.222002E-001
1.217017E+000 5.177484E+000 0.000000E+000 9.222002E-001
1.217017E+000 5.177484E+000 1.000000E+000 9.222002E-001
1.288606E+000 5.482042E+000 0.000000E+000 9.222002E-001
1.288606E+000 5.482042E+000 1.000000E+000 9.222002E-001
1.360195E+000 5.786600E+000 0.000000E+000 9.222002E-001
1.360195E+000 5.786600E+000 1.000000E+000 9.222002E-001
1.431785E+000 6.091158E+000 0.000000E+000 9.222002E-001
1.431785E+000 6.091158E+000 1.000000E+000 9.222002E-001
1.503374E+000 6.395716E+000 0.000000E+000 9.222002E-001
1.503374E+000 6.395716E+000 1.000000E+000 9.222002E-001
1.574963E+000 6.700274E+000 0.000000E+000 9.222002E-001
1.574963E+000 6.700274E+000 1.000000E+000 9.222002E-001
1.646552E+000 7.004831E+000 0.000000E+000 9.222002E-001
1.646552E+000 7.004831E+000 1.000000E+000 9.222002E-001
1.718142E+000 7.309389E+000 0.000000E+000 9.222002E-001
1.718142E+000 7.309389E+000 1.000000E+000 9.222002E-001
1.789731E+000 7.613947E+000 0.000000E+000 9.222002E-001
1.789731E+000 7.613947E+000 1.000000E+000 9.222002E-001
1.861320E+000 7.918505E+000 0.000000E+000 9.222002E-001
1.861320E+000 7.918505E+000 1.000000E+000 9.222002E-001
1.932909E+000 8.223063E+000 0.000000E+000 9.222002E-001
1.932909E+000 8.223063E+000 1.000000E+000 9.222002E-001
2.004498E+000 8.527621E+000 0.000000E+000 9.222002E-001
2.004498E+000 8.527621E+000 1.000000E+000 9.222002E-001
2.076088E+000 8.832179E+000 0.000000E+000 9.222002E-001
2.076088E+000 8.832179E+000 1.000000E+000 9.222002E-001
2.147677E+000 9.136737E+000 0.000000E+000 9.222002E-001
2.147677E+000 9.136737E+000 1.000000E+000 9.222002E-001
2.219266E+000 9.441294E+000 0.000000E+000 9.222002E-001
2.219266E+000 9.441294E+000 1.000000E+000 9.222002E-001
2.290855E+000 9.745852E+000 0.000000E+000 9.222002E-001
2.290855E+000 9.745852E+000 1.000000E+000 9.222002E-001
1.612016E+000 4.739386E+000 0.000000E+000 8.993180E-001
1.612016E+000 4.739386E+000 1.000000E+000 8.993180E-001
1.712767E+000 5.035597E+000 0.000000E+000 8.993180E-001
1.712767E+000 5.035597E+000 1.000000E+000 8.993180E-001
1.813518E+000 5.331809E+000 0.000000E+000 8.993180E-001
1.813518E+000 5.331809E+000 1.000000E+000 8.993180E-001
1.914269E+000 5.628021E+000 0.000000E+000 8.993180E-001
1.914269E+000 5.628021E+000 1.000000E+000 8.993180E-001
2.015020E+000 5.924232E+000 0.000000E+000 8.993180E-001
2.015020E+000 5.924232E+000 1.000000E+000 8.993180E-001
2.115771E+000 6.220444E+000 0.000000E+000 8.993180E-001
2.115771E+000 6.220444E+000 1.000000E+000 8.993180E-001
2.216522E+000 6.516656E+000 0.000000E+000 8.993180E-001
2.216522E+000 6.516656E+000 1.000000E+000 8.993180E-001
2.317273E+000 6.812867E+000 0.000000E+000 8.993180E-001
2.317273E+000 6.812867E+000 1.000000E+000 8.993180E-001
2.418024E+000 7.109079E+000 0.000000E+000 8.993180E-001
2.418024E+000 7.109079E+000 1.000000E+000 8.993180E-001
2.518775E+000 7.405290E+000 0.000000E+000 8.993180E-001
2.518775E+000 7.405290E+000 1.000000E+000 8.993180E-001
2.619526E+000 7.701502E+000 0.000000E+000 8.993180E-001
2.619526E+000 7.701502E+000 1.000000E+000 8.993180E-001
2.720277E+000 7.997714E+000 0.000000E+000 8.993180E-001
2.720277E+000 7.997714E+000 1.000000E+000 8.993180E-001
2.821028E+000 8.293925E+000 0.000000E+000 8.993180E-001
2.821028E+000 8.293925E+000 1.000000E+000 8.993180E-001
2.921779E+000 8.590137E+000 0.000000E+000 8.993180E-001
2.921779E+000 8.590137E+000 1.000000E+000 8.993180E-001
3.022530E+000 8.886348E+000 0.000000E+000 8.993180E-001
3.022530E+000 8.886348E+000 1.000000E+000 8.993180E-001
3.123281E+000 9.182560E+000 0.000000E+000 8.993180E-001
3.123281E+000 9.182560E+000 1.000000E+000 8.993180E-001
3.224032E+000 9.478772E+000 0.000000E+000 8.993180E-001
3.224032E+000 9.478772E+000 1.000000E+000 8.993180E-001
2.073678E+000 4.556618E+000 0.000000E+000 8.810121E-001
2.073678E+000 4.556618E+000 1.000000E+000 8.810121E-001
2.203283E+000 4.841407E+000 0.000000E+000 8.810121E-001
2.203283E+000 4.841407E+000 1.000000E+000 8.810121E-001
2.332888E+000 5.126195E+000 0.000000E+000 8.810121E-001
2.332888E+000 5.126195E+000 1.000000E+000 8.810121E-001
2.462493E+000 5.410984E+000 0.000000E+000 8.810121E-001
2.462493E+000 5.410984E+000 1.000000E+000 8.810121E-001
2.592098E+000 5.695772E+000 0.000000E+000 8.810121E-001
2.592098E+000 5.695772E+000 1.000000E+000 8.810121E-001
2.721703E+000 5.980561E+000 0.000000E+000 8.810121E-001
2.721703E+000 5.980561E+000 1.000000E+000 8.810121E-001
2.851308E+000 6.265350E+000 0.000000E+000 8.810121E-001
2.851308E+000 6.265350E+000 1.000000E+000 8.810121E-001
2.980912E+000 6.550138E+000 0.000000E+000 8.810121E-001
2.980912E+000 6.550138E+000 1.000000E+000 8.810121E-001
3.110517E+000 6.834927E+000 0.000000E+000 8.810121E-001
3.110517E+000 6.834927E+000 1.000000E+000 8.810121E-001
3.240122E+000 7.119715E+000 0.000000E+000 8.810121E-001
3.240122E+000 7.119715E+000 1.000000E+000 8.810121E-001
3.369727E+000 7.404504E+000 0.000000E+000 8.810121E-001
3.369727E+000 7.404504E+000 1.000000E+000 8.810121E-001
3.499332E+000 7.689293E+000 0.000000E+000 8.810121E-001
3.499332E+000 7.689293E+000 1.000000E+000 8.810121E-001
3.628937E+000 7.974081E+000 0.000000E+000 8.810121E-001
3.628937E+000 7.974081E+000 1.000000E+000 8.810121E-001
3.758542E+000 8.258870E+000 0.000000E+000 8.810121E-001
3.758542E+000 8.258870E+000 1.000000E+000 8.810121E-001
3.888147E+000 8.543659E+000 0.000000E+000 8.810121E-001
3.888147E+000 8.543659E+000 1.000000E+000 8.810121E-001
4.017752E+000 8.828447E+000 0.000000E+000 8.810121E-001
4.017752E+000 8.828447E+000 1.000000E+000 8.810121E-001
4.147356E+000 9.113236E+000 0.000000E+000 8.810121E-001
4.147356E+000 9.113236E+000 1.000000E+000 8.810121E-001
2.522795E+000 4.324399E+000 0.000000E+000 8.672828E-001
2.522795E+000 4.324399E+000 1.000000E+000 8.672828E-001
2.680469E+000 4.594673E+000 0.000000E+000 8.672828E-001
2.680469E+000 4.594673E+000 1.000000E+000 8.672828E-001
2.838144E+000 4.864948E+000 0.000000E+000 8.672828E-001
2.838144E+000 4.864948E+000 1.000000E+000 8.672828E-001
2.995819E+000 5.135223E+000 0.000000E+000 8.672828E-001
2.995819E+000 5.135223E+000 1.000000E+000 8.672828E-001
3.153493E+000 5.405498E+000 0.000000E+000 8.672828E-001
3.153493E+000 5.405498E+000 1.000000E+000 8.672828E-001
3.311168E+000 5.675773E+000 0.000000E+000 8.672828E-001
3.311168E+000 5.675773E+000 1.000000E+000 8.672828E-001
3.468843E+000 5.946048E+000 0.000000E+000 8.672828E-001
3.468843E+000 5.946048E+000 1.000000E+000 8.672828E-001
3.626517E+000 6.216323E+000 0.000000E+000 8.672828E-001
3.626517E+000 6.216323E+000 1.000000E+000 8.672828E-001
3.784192E+000 6.486598E+000 0.000000E+000 8.672828E-001
3.784192E+000 6.486598E+000 1.000000E+000 8.672828E-001
3.941867E+000 6.756873E+000 0.000000E+000 8.672828E-001
3.941867E+000 6.756873E+000 1.000000E+000 8.672828E-001
4.099541E+000 7.027148E+000 0.000000E+000 8.672828E-001
4.099541E+000 7.027148E+000 1.000000E+000 8.672828E-001
4.257216E+000 7.297423E+000 0.000000E+000 8.672828E-001
4.257216E+000 7.297423E+000 1.000000E+000 8.672828E-001
4.414891E+000 7.567697E+000 0.000000E+000 8.672828E-001
4.414891E+000 7.567697E+000 1.000000E+000 8.672828E-001
4.572565E+000 7.837972E+000 0.000000E+000 8.672828E-001
4.572565E+000 7.837972E+000 1.000000E+000 8.672828E-001
4.730240E+000 8.108247E+000 0.000000E+000 8.672828E-001
4.730240E+000 8.108247E+000 1.000000E+000 8.672828E-001
4.887915E+000 8.378522E+000 0.000000E+000 8.672828E-001
4.887915E+000 8.378522E+000 1.000000E+000 8.672828E-001
5.045589E+000 8.648797E+000 0.000000E+000 8.672828E-001
5.045589E+000 8.648797E+000 1.000000E+000 8.672828E-001
2.951577E+000 4.044069E+000 0.000000E+000 8.581298E-001
2.951577E+000 4.044069E+000 1.000000E+000 8.581298E-001
3.136051E+000 4.296824E+000 0.000000E+000 8.581298E-001
3.136051E+000 4.296824E+000 1.000000E+000 8.581298E-001
3.320525E+000 4.549578E+000 0.000000E+000 8.581298E-001
3.320525E+000 4.549578E+000 1.000000E+000 8.581298E-001
3.504998E+000 4.802333E+000 0.000000E+000 8.581298E-001
3.504998E+000 4.802333E+000 1.000000E+000 8.581298E-001
3.689472E+000 5.055087E+000 0.000000E+000 8.581298E-001
3.689472E+000 5.055087E+000 1.000000E+000 8.581298E-001
3.873945E+000 5.307841E+000 0.000000E+000 8.581298E-001
3.873945E+000 5.307841E+000 1.000000E+000 8.581298E-001
4.058419E+000 5.560596E+000 0.000000E+000 8.581298E-001
4.058419E+000 5.560596E+000 1.000000E+000 8.581298E-001
4.242893E+000 5.813350E+000 0.000000E+000 8.581298E-001
4.242893E+000 5.813350E+000 1.000000E+000 8.581298E-001
4.427366E+000 6.066104E+000 0.000000E+000 8.581298E-001
4.427366E+000 6.066104E+000 1.000000E+000 8.581298E-001
4.611840E+000 6.318859E+000 0.000000E+000 8.581298E-001
4.611840E+000 6.318859E+000 1.000000E+000 8.581298E-001
4.796313E+000 6.571613E+000 0.000000E+000 8.581298E-001
4.796313E+000 6.571613E+000 1.000000E+000 8.581298E-001
4.980787E+000 6.824367E+000 0.000000E+000 8.581298E-001
4.980787E+000 6.824367E+000 1.000000E+000 8.581298E-001
5.165261E+000 7.077122E+000 0.000000E+000 8.581298E-001
5.165261E+000 7.077122E+000 1.000000E+000 8.581298E-001
5.349734E+000 7.329876E+000 0.000000E+000 8.581298E-001
5.349734E+000 7.329876E+000 1.000000E+000 8.581298E-001
5.534208E+000 7.582630E+000 0.000000E+000 8.581298E-001
5.534208E+000 7.582630E+000 1.000000E+000 8.581298E-001
5.718681E+000 7.835385E+000 0.000000E+000 8.581298E-001
5.718681E+000 7.835385E+000 1.000000E+000 8.581298E-001
5.903155E+000 8.088139E+000 0.000000E+000 8.581298E-001
5.903155E+000 8.088139E+000 1.000000E+000 8.581298E-001
3.352476E+000 3.718592E+000 0.000000E+000 8.535534E-001
3.352476E+000 3.718592E+000 1.000000E+000 8.535534E-001
3.562005E+000 3.951004E+000 0.000000E+000 8.535534E-001
3.562005E+000 3.951004E+000 1.000000E+000 8.535534E-001
3.771535E+000 4.183416E+000 0.000000E+000 8.535534E-001
3.771535E+000 4.183416E+000 1.000000E+000 8.535534E-001
3.981065E+000 4.415828E+000 0.000000E+000 8.535534E-001
3.981065E+000 4.415828E+000 1.000000E+000 8.535534E-001
4.190595E+000 4.648240E+000 0.000000E+000 8.535534E-001
4.190595E+000 4.648240E+000 1.000000E+000 8.535534E-001
4.400124E+000 4.880652E+000 0.000000E+000 8.535534E-001
4.400124E+000 4.880652E+000 1.000000E+000 8.535534E-001
4.609654E+000 5.113064E+000 0.000000E+000 8.535534E-001
4.609654E+000 5.113064E+000 1.000000E+000 8.535534E-001
4.819184E+000 5.345476E+000 0.000000E+000 8.535534E-001
4.819184E+000 5.345476E+000 1.000000E+000 8.535534E-001
5.028713E+000 5.577888E+000 0.000000E+000 8.535534E-001
5.028713E+000 5.577888E+000 1.000000E+000 8.535534E-001
5.238243E+000 5.810300E+000 0.000000E+000 8.535534E-001
5.238243E+000 5.810300E+000 1.000000E+000 8.535534E-001
5.447773E+000 6.042712E+000 0.000000E+000 8.535534E-001
5.447773E+000 6.042712E+000 1.000000E+000 8.535534E-001
5.657303E+000 6.275124E+000 0.000000E+000 8.535534E-001
5.657303E+000 6.275124E+000 1.000000E+000 8.535534E-001
5.866832E+000 6.507536E+000 0.000000E+000 8.535534E-001
5.866832E+000 6.507536E+000 1.000000E+000 8.535534E-001
6.076362E+000 6.739948E+000 0.000000E+000 8.535534E-001
6.076362E+000 6.739948E+000 1.000000E+000 8.535534E-001
6.285892E+000 6.972360E+000 0.000000E+000 8.535534E-001
6.285892E+000 6.972360E+000 1.000000E+000 8.535534E-001
6.495422E+000 7.204772E+000 0.000000E+000 8.535534E-001
6.495422E+000 7.204772E+000 1.000000E+000 8.535534E-001
6.704951E+000 7.437184E+000 0.000000E+000 8.535534E-001
6.704951E+000 7.437184E+000 1.000000E+000 8.535534E-001
3.718592E+000 3.352476E+000 0.000000E+000 8.535534E-001
3.718592E+000 3.352476E+000 1.000000E+000 8.535534E-001
3.951004E+000 3.562005E+000 0.000000E+000 8.535534E-001
3.951004E+000 3.562005E+000 1.000000E+000 8.535534E-001
4.183416E+000 3.771535E+000 0.000000E+000 8.535534E-001
4.183416E+000 3.771535E+000 1.000000E+000 8.535534E-001
4.415828E+000 3.981065E+000 0.000000E+000 8.535534E-001
4.415828E+000 3.981065E+000 1.000000E+000 8.535534E-001
4.648240E+000 4.190595E+000 0.000000E+000 8.535534E-001
4.648240E+000 4.190595E+000 1.000000E+000 8.535534E-001
4.880652E+000 4.400124E+000 0.000000E+000 8.535534E-001
4.880652E+000 4.400124E+000 1.000000E+000 8.535534E-001
5.113064E+000 4.609654E+000 0.000000E+000 8.535534E-001
5.113064E+000 4.609654E+000 1.000000E+000 8.535534E-001
5.345476E+000 4.819184E+000 0.000000E+000 8.535534E-001
5.345476E+000 4.819184E+000 1.000000E+000 8.535534E-001
5.577888E+000 5.028713E+000 0.000000E+000 8.535534E-001
5.577888E+000 5.028713E+000 1.000000E+000 8.535534E-001
5.810300E+000 5.238243E+000 0.000000E+000 8.535534E-001
5.810300E+000 5.238243E+000 1.000000E+000 8.535534E-001
6.042712E+000 5.447773E+000 0.000000E+000 8.535534E-001
6.042712E+000 5.447773E+000 1.000000E+000 8.535534E-001
6.275124E+000 5.657303E+000 0.000000E+000 8.535534E-001
6.275124E+000 5.657303E+000 1.000000E+000 8.535534E-001
6.507536E+000 5.866832E+000 0.000000E+000 8.535534E-001
6.507536E+000 5.866832E+000 1.000000E+000 8.535534E-001
6.739948E+000 6.076362E+000 0.000000E+000 8.535534E-001
6.739948E+000 6.076362E+000 1.000000E+000 8.535534E-001
6.972360E+000 6.285892E+000 0.000000E+000 8.535534E-001
6.972360E+000 6.285892E+000 1.000000E+000 8.535534E-001
7.204772E+000 6.495422E+000 0.000000E+000 8.535534E-001
7.204772E+000 6.495422E+000 1.000000E+000 8.535534E-001
7.437184E+000 6.704951E+000 0.000000E+000 8.535534E-001
7.437184E+000 6.704951E+000 1.000000E+000 8.535534E-001
4.044069E+000 2.951577E+000 0.000000E+000 8.581298E-001
4.044069E+000 2.951577E+000 1.000000E+000 8.581298E-001
4.296824E+000 3.136051E+000 0.000000E+000 8.581298E-001
4.296824E+000 3.136051E+000 1.000000E+000 8.581298E-001
4.549578E+000 3.320525E+000 0.000000E+000 8.581298E-001
4.549578E+000 3.320525E+000 1.000000E+000 8.581298E-001
4.802333E+000 3.504998E+000 0.000000E+000 8.581298E-001
4.802333E+000 3.504998E+000 1.000000E+000 8.581298E-001
5.055087E+000 3.689472E+000 0.000000E+000 8.581298E-001
5.055087E+000 3.689472E+000 1.000000E+000 8.581298E-001
5.307841E+000 3.873945E+000 0.000000E+000 8.581298E-001
5.307841E+000 3.873945E+000 1.000000E+000 8.581298E-001
5.560596E+000 4.058419E+000 0.000000E+000 8.581298E-001
5.560596E+000 4.058419E+000 1.000000E+000 8.581298E-001
5.813350E+000 4.242893E+000 0.000000E+000 8.581298E-001
5.813350E+000 4.242893E+000 1.000000E+000 8.581298E-001
6.066104E+000 4.427366E+000 0.000000E+000 8.581298E-001
6.066104E+000 4.427366E+000 1.000000E+000 8.581298E-001
6.318859E+000 4.611840E+000 0.000000E+000 8.581298E-001
6.318859E+000 4.611840E+000 1.000000E+000 8.581298E-001
6.571613E+000 4.796313E+000 0.000000E+000 8.581298E-001
6.571613E+000 4.796313E+000 1.000000E+000 8.581298E-001
6.824367E+000 4.980787E+000 0.000000E+000 8.581298E-001
6.824367E+000 4.980787E+000 1.000000E+000 8.581298E-001
7.077122E+000 5.165261E+000 0.000000E+000 8.581298E-001
7.077122E+000 5.165261E+000 1.000000E+000 8.581298E-001
7.329876E+000 5.349734E+000 0.000000E+000 8.581298E-001
7.329876E+000 5.349734E+000 1.000000E+000 8.581298E-001
7.582630E+000 5.534208E+000 0.000000E+000 8.581298E-001
7.582630E+000 5.534208E+000 1.000000E+000 8.581298E-001
7.835385E+000 5.718681E+000 0.000000E+000 8.581298E-001
7.835385E+000 5.718681E+000 1.000000E+000 8.581298E-001
8.088139E+000 5.903155E+000 0.000000E+000 8.581298E-001
8.088139E+000 5.903155E+000 1.000000E+000 8.581298E-001
4.324399E+000 2.522795E+000 0.000000E+000 8.672828E-001
4.324399E+000 2.522795E+000 1.000000E+000 8.672828E-001
4.594673E+000 2.680469E+000 0.000000E+000 8.672828E-001
4.594673E+000 2.680469E+000 1.000000E+000 8.672828E-001
4.864948E+000 2.838144E+000 0.000000E+000 8.672828E-001
4.864948E+000 2.838144E+000 1.000000E+000 8.672828E-001
5.135223E+000 2.995819E+000 0.000000E+000 8.672828E-001
5.135223E+000 2.995819E+000 1.000000E+000 8.672828E-001
5.405498E+000 3.153493E+000 0.000000E+000 8.672828E-001
5.405498E+000 3.153493E+000 1.000000E+000 8.672828E-001
5.675773E+000 3.311168E+000 0.000000E+000 8.672828E-001
5.675773E+000 3.311168E+000 1.000000E+000 8.672828E-001
5.946048E+000 3.468843E+000 0.000000E+000 8.672828E-001
5.946048E+000 3.468843E+000 1.000000E+000 8.672828E-001
6.216323E+000 3.626517E+000 0.000000E+000 8.672828E-001
6.216323E+000 3.626517E+000 1.000000E+000 8.672828E-001
6.486598E+000 3.784192E+000 0.000000E+000 8.672828E-001
6.486598E+000 3.784192E+000 1.000000E+000 8.672828E-001
6.756873E+000 3.941867E+000 0.000000E+000 8.672828E-001
6.756873E+000 3.941867E+000 1.000000E+000 8.672828E-001
7.027148E+000 4.099541E+000 0.000000E+000 8.672828E-001
7.027148E+000 4.099541E+000 1.000000E+000 8.672828E-001
7.297423E+000 4.257216E+000 0.000000E+000 8.672828E-001
7.297423E+000 4.257216E+000 1.000000E+000 8.672828E-001
7.567697E+000 4.414891E+000 0.000000E+000 8.672828E-001
7.567697E+000 4.414891E+000 1.000000E+000 8.672828E-001
7.837972E+000 4.572565E+000 0.000000E+000 8.672828E-001
7.837972E+000 4.572565E+000 1.000000E+000 8.672828E-001
8.108247E+000 4.730240E+000 0.000000E+000 8.672828E-001
8.108247E+000 4.730240E+000 1.000000E+000 8.672828E-001
8.378522E+000 4.887915E+000 0.000000E+000 8.672828E-001
8.378522E+000 4.887915E+000 1.000000E+000 8.672828E-001
8.648797E+000 5.045589E+000 0.000000E+000 8.672828E-001
8.648797E+000 5.045589E+000 1.000000E+000 8.672828E-001
4.556618E+000 2.073678E+000 0.000000E+000 8.810121E-001
4.556618E+000 2.073678E+000 1.000000E+000 8.810121E-001
4.841407E+000 2.203283E+000 0.000000E+000 8.810121E-001
4.841407E+000 2.203283E+000 1.000000E+000 8.810121E-001
5.126195E+000 2.332888E+000 0.000000E+000 8.810121E-001
5.126195E+000 2.332888E+000 1.000000E+000 8.810121E-001
5.410984E+000 2.462493E+000 0.000000E+000 8.810121E-001
5.410984E+000 2.462493E+000 1.000000E+000 8.810121E-001
5.695772E+000 2.592098E+000 0.000000E+000 8.810121E-001
5.695772E+000 2.592098E+000 1.000000E+000 8.810121E-001
5.980561E+000 2.721703E+000 0.000000E+000 8.810121E-001
5.980561E+000 2.721703E+000 1.000000E+000 8.810121E-001
6.265350E+000 2.851308E+000 0.000000E+000 8.810121E-001
6.265350E+000 2.851308E+000 1.000000E+000 8.810121E-001
6.550138E+000 2.980912E+000 0.000000E+000 8.810121E-001
6.550138E+000 2.980912E+000 1.000000E+000 8.810121E-001
6.834927E+000 3.110517E+000 0.000000E+000 8.810121E-001
6.834927E+000 3.110517E+000 1.000000E+000 8.810121E-001
7.119715E+000 3.240122E+000 0.000000E+000 8.810121E-001
7.119715E+000 3.240122E+000 1.000000E+000 8.810121E-001
7.404504E+000 3.369727E+000 0.000000E+000 8.810121E-001
7.404504E+000 3.369727E+000 1.000000E+000 8.810121E-001
7.689293E+000 3.499332E+000 0.000000E+000 8.810121E-001
7.689293E+000 3.499332E+000 1.000000E+000 8.810121E-001
7.974081E+000 3.628937E+000 0.000000E+000 8.810121E-001
7.974081E+000 3.628937E+000 1.000000E+000 8.810121E-001
8.258870E+000 3.758542E+000 0.000000E+000 8.810121E-001
8.258870E+000 3.758542E+000 1.000000E+000 8.810121E-001
8.543659E+000 3.888147E+000 0.000000E+000 8.810121E-001
8.543659E+000 3.888147E+000 1.000000E+000 8.810121E-001
8.828447E+000 4.017752E+000 0.000000E+000 8.810121E-001
8.828447E+000 4.017752E+000 1.000000E+000 8.810121E-001
9.113236E+000 4.147356E+000 0.000000E+000 8.810121E-001
9.113236E+000 4.147356E+000 1.000000E+000 8.810121E-001
4.739386E+000 1.612016E+000 0.000000E+000 8.993180E-001
4.739386E+000 1.612016E+000 1.000000E+000 8.993180E-001
5.035597E+000 1.712767E+000 0.000000E+000 8.993180E-001
5.035597E+000 1.712767E+000 1.000000E+000 8.993180E-001
5.331809E+000 1.813518E+000 0.000000E+000 8.993180E-001
5.331809E+000 1.813518E+000 1.000000E+000 8.993180E-001
5.628021E+000 1.914269E+000 0.000000E+000 8.993180E-001
5.628021E+000 1.914269E+000 1.000000E+000 8.993180E-001
5.924232E+000 2.015020E+000 0.000000E+000 8.993180E-001
5.924232E+000 2.015020E+000 1.000000E+000 8.993180E-001
6.220444E+000 2.115771E+000 0.000000E+000 8.993180E-001
6.220444E+000 2.115771E+000 1.000000E+000 8.993180E-001
6.516656E+000 2.216522E+000 0.000000E+000 8.993180E-001
6.516656E+000 2.216522E+000 1.000000E+000 8.993180E-001
6.812867E+000 2.317273E+000 0.000000E+000 8.993180E-001
6.812867E+000 2.317273E+000 1.000000E+000 8.993180E-001
7.109079E+000 2.418024E+000 0.000000E+000 8.993180E-001
7.109079E+000 2.418024E+000 1.000000E+000 8.993180E-001
7.405290E+000 2.518775E+000 0.000000E+000 8.993180E-001
7.405290E+000 2.518775E+000 1.000000E+000 8.993180E-001
7.701502E+000 2.619526E+000 0.000000E+000 8.993180E-001
7.701502E+000 2.619526E+000 1.000000E+000 8.993180E-001
7.997714E+000 2.720277E+000 0.000000E+000 8.993180E-001
7.997714E+000 2.720277E+000 1.000000E+000 8.993180E-001
8.293925E+000 2.821028E+000 0.000000E+000 8.993180E-001
8.293925E+000 2.821028E+000 1.000000E+000 8.993180E-001
8.590137E+000 2.921779E+000 0.000000E+000 8.993180E-001
8.590137E+000 2.921779E+000 1.000000E+000 8.993180E-001
8.886348E+000 3.022530E+000 0.000000E+000 8.993180E-001
8.886348E+000 3.022530E+000 1.000000E+000 8.993180E-001
9.182560E+000 3.123281E+000 0.000000E+000 8.993180E-001
9.182560E+000 3.123281E+000 1.000000E+000 8.993180E-001
9.478772E+000 3.224032E+000 0.000000E+000 8.993180E-001
9.478772E+000 3.224032E+000 1.000000E+000 8.993180E-001
4.872926E+000 1.145428E+000 0.000000E+000 9.222002E-001
4.872926E+000 1.145428E+000 1.000000E+000 9.222002E-001
5.177484E+000 1.217017E+000 0.000000E+000 9.222002E-001
5.177484E+000 1.217017E+000 1.000000E+000 9.222002E-001
5.482042E+000 1.288606E+000 0.000000E+000 9.222002E-001
5.482042E+000 1.288606E+000 1.000000E+000 9.222002E-001
5.786600E+000 1.360195E+000 0.000000E+000 9.222002E-001
5.786600E+000 1.360195E+000 1.000000E+000 9.222002E-001
6.091158E+000 1.431785E+000 0.000000E+000 9.222002E-001
6.091158E+000 1.431785E+000 1.000000E+000 9.222002E-001
6.395716E+000 1.503374E+000 0.000000E+000 9.222002E-001
6.395716E+000 1.503374E+000 1.000000E+000 9.222002E-001
6.700274E+000 1.574963E+000 0.000000E+000 9.222002E-001
6.700274E+000 1.574963E+000 1.000000E+000 9.222002E-001
7.004831E+000 1.646552E+000 0.000000E+000 9.222002E-001
7.004831E+000 1.646552E+000 1.000000E+000 9.222002E-001
7.309389E+000 1.718142E+000 0.000000E+000 9.222002E-001
7.309389E+000 1.718142E+000 1.000000E+000 9.222002E-001
7.613947E+000 1.789731E+000 0.000000E+000 9.222002E-001
7.613947E+000 1.789731E+000 1.000000E+000 9.222002E-001
7.918505E+000 1.861320E+000 0.000000E+000 9.222002E-001
7.918505E+000 1.861320E+000 1.000000E+000 9.222002E-001
8.223063E+000 1.932909E+000 0.000000E+000 9.222002E-001
8.223063E+000 1.932909E+000 1.000000E+000 9.222002E-001
8.527621E+000 2.004498E+000 0.000000E+000 9.222002E-001
8.527621E+000 2.004498E+000 1.000000E+000 9.222002E-001
8.832179E+000 2.076088E+000 0.000000E+000 9.222002E-001
8.832179E+000 2.076088E+000 1.000000E+000 9.222002E-001
9.136737E+000 2.147677E+000 0.000000E+000 9.222002E-001
9.136737E+000 2.147677E+000 1.000000E+000 9.222002E-001
9.441294E+000 2.219266E+000 0.000000E+000 9.222002E-001
9.441294E+000 2.219266E+000 1.000000E+000 9.222002E-001
9.745852E+000 2.290855E+000 0.000000E+000 9.222002E-001
9.745852E+000 2.290855E+000 1.000000E+000 9.222002E-001
4.958867E+000 6.810154E-001 0.000000E+000 9.496590E-001
4.958867E+000 6.810154E-001 1.000000E+000 9.496590E-001
5.268796E+000 7.235789E-001 0.000000E+000 9.496590E-001
5.268796E+000 7.235789E-001 1.000000E+000 9.496590E-001
5.578725E+000 7.661423E-001 0.000000E+000 9.496590E-001
5.578725E+000 7.661423E-001 1.000000E+000 9.496590E-001
5.888654E+000 8.087058E-001 0.000000E+000 9.496590E-001
5.888654E+000 8.087058E-001 1.000000E+000 9.496590E-001
6.198584E+000 8.512693E-001 0.000000E+000 9.496590E-001
6.198584E+000 8.512693E-001 1.000000E+000 9.496590E-001
6.508513E+000 8.938327E-001 0.000000E+000 9.496590E-001
6.508513E+000 8.938327E-001 1.000000E+000 9.496590E-001
6.818442E+000 9.363962E-001 0.000000E+000 9.496590E-001
6.818442E+000 9.363962E-001 1.000000E+000 9.496590E-001
7.128371E+000 9.789596E-001 0.000000E+000 9.496590E-001
7.128371E+000 9.789596E-001 1.000000E+000 9.496590E-001
7.438300E+000 1.021523E+000 0.000000E+000 9.496590E-001
7.438300E+000 1.021523E+000 1.000000E+000 9.496590E-001
7.748229E+000 1.064087E+000 0.000000E+000 9.496590E-001
7.748229E+000 1.064087E+000 1.000000E+000 9.496590E-001
8.058159E+000 1.106650E+000 0.000000E+000 9.496590E-001
8.058159E+000 1.106650E+000 1.000000E+000 9.496590E-001
8.368088E+000 1.149213E+000 0.000000E+000 9.496590E-001
8.368088E+000 1.149213E+000 1.000000E+000 9.496590E-001
8.678017E+000 1.191777E+000 0.000000E+000 9.496590E-001
8.678017E+000 1.191777E+000 1.000000E+000 9.496590E-001
8.987946E+000 1.234340E+000 0.000000E+000 9.496590E-001
8.987946E+000 1.234340E+000 1.000000E+000 9.496590E-001
9.297875E+000 1.276904E+000 0.000000E+000 9.496590E-001
9.297875E+000 1.276904E+000 1.000000E+000 9.496590E-001
9.607804E+000 1.319467E+000 0.000000E+000 9.496590E-001
9.607804E+000 1.319467E+000 1.000000E+000 9.496590E-001
9.917734E+000 1.362031E+000 0.000000E+000 9.496590E-001
9.917734E+000 1.362031E+000 1.000000E+000 9.496590E-001
5.000000E+000 2.250914E-001 0.000000E+000 9.816942E-001
5.000000E+000 2.250914E-001 1.000000E+000 9.816942E-001
5.312500E+000 2.391596E-001 0.000000E+000 9.816942E-001
5.312500E+000 2.391596E-001 1.000000E+000 9.816942E-001
5.625000E+000 2.532278E-001 0.000000E+000 9.816942E-001
5.625000E+000 2.532278E-001 1.000000E+000 9.816942E-001
5.937500E+000 2.672960E-001 0.000000E+000 9.816942E-001
5.937500E+000 2.672960E-001 1.000000E+000 9.816942E-001
6.250000E+000 2.813642E-001 0.000000E+000 9.816942E-001
6.250000E+000 2.813642E-001 1.000000E+000 9.816942E-001
6.562500E+000 2.954324E-001 0.000000E+000 9.816942E-001
6.562500E+000 2.954324E-001 1.000000E+000 9.816942E-001
6.875000E+000 3.095006E-001 0.000000E+000 9.816942E-001
6.875000E+000 3.095006E-001 1.000000E+000 9.816942E-001
7.187500E+000 3.235688E-001 0.000000E+000 9.816942E-001
7.187500E+000 3.235688E-001 1.000000E+000 9.816942E-001
7.500000E+000 3.376370E-001 0.000000E+000 9.816942E-001
7.500000E+000 3.376370E-001 1.000000E+000 9.816942E-001
7.812500E+000 3.517052E-001 0.000000E+000 9.816942E-001
7.812500E+000 3.517052E-001 1.000000E+000 9.816942E-001
8.125000E+000 3.657734E-001 0.000000E+000 9.816942E-001
8.125000E+000 3.657734E-001 1.000000E+000 9.816942E-001
8.437500E+000 3.798417E-001 0.000000E+000 9.816942E-001
8.437500E+000 3.798417E-001 1.000000E+000 9.816942E-001
8.750000E+000 3.939099E-001 0.000000E+000 9.816942E-001
8.750000E+000 3.939099E-001 1.000000E+000 9.816942E-001
9.062500E+000 4.079781E-001 0.000000E+000 9.816942E-001
9.062500E+000 4.079781E-001 1.000000E+000 9.816942E-001
9.375000E+000 4.220463E-001 0.000000E+000 9.816942E-001
9.375000E+000 4.220463E-001 1.000000E+000 9.816942E-001
9.687500E+000 4.361145E-001 0.000000E+000 9.816942E-001
9.687500E+000 4.361145E-001 1.000000E+000 9.816942E-001
1.000000E+001 4.501827E-001 0.000000E+000 9.816942E-001
1.000000E+001 4.501827E-001 1.000000E+000 9.816942E-001
5.000000E+000 0.000000E+000 0.000000E+000 1.000000E+000
5.000000E+000 0.000000E+000 1.000000E+000 1.000000E+000
5.312500E+000 0.000000E+000 0.000000E+000 1.000000E+000
5.312500E+000 0.000000E+000 1.000000E+000 1.000000E+000
5.625000E+000 0.000000E+000 0.000000E+000 1.000000E+000
5.625000E+000 0.000000E+000 1.000000E+000 1.000000E+000
5.937500E+000 0.000000E+000 0.000000E+000 1.000000E+000
5.937500E+000 0.000000E+000 1.000000E+000 1.000000E+000
6.250000E+000 0.000000E+000 0.000000E+000 1.000000E+000
6.250000E+000 0.000000E+000 1.000000E+000 1.000000E+000
6.562500E+000 0.000000E+000 0.000000E+000 1.000000E+000
6.562500E+000 0.000000E+000 1.000000E+000 1.000000E+000
6.875000E+000 0.000000E+000 0.000000E+000 1.000000E+000
6.875000E+000 0.000000E+000 1.000000E+000 1.000000E+000
7.187500E+000 0.000000E+000 0.000000E+000 1.000000E+000
7.187500E+000 0.000000E+000 1.000000E+000 1.000000E+000
7.500000E+000 0.000000E+000 0.000000E+000 1.000000E+000
7.500000E+000 0.000000E+000 1.000000E+000 1.000000E+000
7.812500E+000 0.000000E+000 0.000000E+000 1.000000E+000
7.812500E+000 0.000000E+000 1.000000E+000 1.000000E+000
8.125000E+000 0.000000E+000 0.000000E+000 1.000000E+000
8.125000E+000 0.000000E+000 1.000000E+000 1.000000E+000
8.437500E+000 0.000000E+000 0.000000E+000 1.000000E+000
8.437500E+000 0.000000E+000 1.000000E+000 1.000000E+000
8.750000E+000 0.000000E+000 0.000000E+000 1.000000E+000
8.750000E+000 0.000000E+000 1.000000E+000 1.000000E+000
9.062500E+000 0.000000E+000 0.000000E+000 1.000000E+000
9.062500E+000 0.000000E+000 1.000000E+000 1.000000E+000
9.375000E+000 0.000000E+000 0.000000E+000 1.000000E+000
9.375000E+000 0.000000E+000 1.000000E+000 1.000000E+000
9.687500E+000 0.000000E+000 0.000000E+000 1.000000E+000
9.687500E+000 0.000000E+000 1.000000E+000 1.000000E+000
1.000000E+001 0.000000E+000 0.000000E+000 1.000000E+000
1.000000E+001 0.000000E+000 1.000000E+000 1.000000E+000
 --------------------------------------------------------
*material
5
9600.0, 0.2, 1.0, 0.0, 1.0e25
!Young Modulus, Poisson coef, thickness (set to 1.0 if not used), density, Yield Stress
*boundary
648
1, 1, 1, 1 *xy bondary
1, 1, 1, 2
1, 1, 2, 1
1, 1, 2, 2
1, 2, 1, 1 **xx boundary
1, 2, 2, 1
1, 3, 1, 1 
1, 3, 2, 1
1, 4, 1, 1 
1, 4, 2, 1
1, 5, 1, 1 
1, 5, 2, 1
1, 6, 1, 1 
1, 6, 2, 1
1, 7, 1, 1 
1, 7, 2, 1
1, 8, 1, 1 
1, 8, 2, 1
1, 9, 1, 1 
1, 9, 2, 1
1, 10, 1, 1 
1, 10, 2, 1
1, 11, 1, 1 
1, 11, 2, 1
1, 12, 1, 1 
1, 12, 2, 1
1, 13, 1, 1 
1, 13, 2, 1
1, 14, 1, 1 
1, 14, 2, 1
1, 15, 1, 1 
1, 15, 2, 1
1, 16, 1, 1 
1, 16, 2, 1
1, 17, 1, 1 
1, 17, 2, 1
1	,	1	,	1	,	3
1	,	1	,	2	,	3
1	,	2	,	1	,	3
1	,	2	,	2	,	3
1	,	3	,	1	,	3
1	,	3	,	2	,	3
1	,	4	,	1	,	3
1	,	4	,	2	,	3
1	,	5	,	1	,	3
1	,	5	,	2	,	3
1	,	6	,	1	,	3
1	,	6	,	2	,	3
1	,	7	,	1	,	3
1	,	7	,	2	,	3
1	,	8	,	1	,	3
1	,	8	,	2	,	3
1	,	9	,	1	,	3
1	,	9	,	2	,	3
1	,	10	,	1	,	3
1	,	10	,	2	,	3
1	,	11	,	1	,	3
1	,	11	,	2	,	3
1	,	12	,	1	,	3
1	,	12	,	2	,	3
1	,	13	,	1	,	3
1	,	13	,	2	,	3
1	,	14	,	1	,	3
1	,	14	,	2	,	3
1	,	15	,	1	,	3
1	,	15	,	2	,	3
1	,	16	,	1	,	3
1	,	16	,	2	,	3
1	,	17	,	1	,	3
1	,	17	,	2	,	3
2	,	1	,	1	,	3
2	,	1	,	2	,	3
2	,	2	,	1	,	3
2	,	2	,	2	,	3
2	,	3	,	1	,	3
2	,	3	,	2	,	3
2	,	4	,	1	,	3
2	,	4	,	2	,	3
2	,	5	,	1	,	3
2	,	5	,	2	,	3
2	,	6	,	1	,	3
2	,	6	,	2	,	3
2	,	7	,	1	,	3
2	,	7	,	2	,	3
2	,	8	,	1	,	3
2	,	8	,	2	,	3
2	,	9	,	1	,	3
2	,	9	,	2	,	3
2	,	10	,	1	,	3
2	,	10	,	2	,	3
2	,	11	,	1	,	3
2	,	11	,	2	,	3
2	,	12	,	1	,	3
2	,	12	,	2	,	3
2	,	13	,	1	,	3
2	,	13	,	2	,	3
2	,	14	,	1	,	3
2	,	14	,	2	,	3
2	,	15	,	1	,	3
2	,	15	,	2	,	3
2	,	16	,	1	,	3
2	,	16	,	2	,	3
2	,	17	,	1	,	3
2	,	17	,	2	,	3
3	,	1	,	1	,	3
3	,	1	,	2	,	3
3	,	2	,	1	,	3
3	,	2	,	2	,	3
3	,	3	,	1	,	3
3	,	3	,	2	,	3
3	,	4	,	1	,	3
3	,	4	,	2	,	3
3	,	5	,	1	,	3
3	,	5	,	2	,	3
3	,	6	,	1	,	3
3	,	6	,	2	,	3
3	,	7	,	1	,	3
3	,	7	,	2	,	3
3	,	8	,	1	,	3
3	,	8	,	2	,	3
3	,	9	,	1	,	3
3	,	9	,	2	,	3
3	,	10	,	1	,	3
3	,	10	,	2	,	3
3	,	11	,	1	,	3
3	,	11	,	2	,	3
3	,	12	,	1	,	3
3	,	12	,	2	,	3
3	,	13	,	1	,	3
3	,	13	,	2	,	3
3	,	14	,	1	,	3
3	,	14	,	2	,	3
3	,	15	,	1	,	3
3	,	15	,	2	,	3
3	,	16	,	1	,	3
3	,	16	,	2	,	3
3	,	17	,	1	,	3
3	,	17	,	2	,	3
4	,	1	,	1	,	3
4	,	1	,	2	,	3
4	,	2	,	1	,	3
4	,	2	,	2	,	3
4	,	3	,	1	,	3
4	,	3	,	2	,	3
4	,	4	,	1	,	3
4	,	4	,	2	,	3
4	,	5	,	1	,	3
4	,	5	,	2	,	3
4	,	6	,	1	,	3
4	,	6	,	2	,	3
4	,	7	,	1	,	3
4	,	7	,	2	,	3
4	,	8	,	1	,	3
4	,	8	,	2	,	3
4	,	9	,	1	,	3
4	,	9	,	2	,	3
4	,	10	,	1	,	3
4	,	10	,	2	,	3
4	,	11	,	1	,	3
4	,	11	,	2	,	3
4	,	12	,	1	,	3
4	,	12	,	2	,	3
4	,	13	,	1	,	3
4	,	13	,	2	,	3
4	,	14	,	1	,	3
4	,	14	,	2	,	3
4	,	15	,	1	,	3
4	,	15	,	2	,	3
4	,	16	,	1	,	3
4	,	16	,	2	,	3
4	,	17	,	1	,	3
4	,	17	,	2	,	3
5	,	1	,	1	,	3
5	,	1	,	2	,	3
5	,	2	,	1	,	3
5	,	2	,	2	,	3
5	,	3	,	1	,	3
5	,	3	,	2	,	3
5	,	4	,	1	,	3
5	,	4	,	2	,	3
5	,	5	,	1	,	3
5	,	5	,	2	,	3
5	,	6	,	1	,	3
5	,	6	,	2	,	3
5	,	7	,	1	,	3
5	,	7	,	2	,	3
5	,	8	,	1	,	3
5	,	8	,	2	,	3
5	,	9	,	1	,	3
5	,	9	,	2	,	3
5	,	10	,	1	,	3
5	,	10	,	2	,	3
5	,	11	,	1	,	3
5	,	11	,	2	,	3
5	,	12	,	1	,	3
5	,	12	,	2	,	3
5	,	13	,	1	,	3
5	,	13	,	2	,	3
5	,	14	,	1	,	3
5	,	14	,	2	,	3
5	,	15	,	1	,	3
5	,	15	,	2	,	3
5	,	16	,	1	,	3
5	,	16	,	2	,	3
5	,	17	,	1	,	3
5	,	17	,	2	,	3
6	,	1	,	1	,	3
6	,	1	,	2	,	3
6	,	2	,	1	,	3
6	,	2	,	2	,	3
6	,	3	,	1	,	3
6	,	3	,	2	,	3
6	,	4	,	1	,	3
6	,	4	,	2	,	3
6	,	5	,	1	,	3
6	,	5	,	2	,	3
6	,	6	,	1	,	3
6	,	6	,	2	,	3
6	,	7	,	1	,	3
6	,	7	,	2	,	3
6	,	8	,	1	,	3
6	,	8	,	2	,	3
6	,	9	,	1	,	3
6	,	9	,	2	,	3
6	,	10	,	1	,	3
6	,	10	,	2	,	3
6	,	11	,	1	,	3
6	,	11	,	2	,	3
6	,	12	,	1	,	3
6	,	12	,	2	,	3
6	,	13	,	1	,	3
6	,	13	,	2	,	3
6	,	14	,	1	,	3
6	,	14	,	2	,	3
6	,	15	,	1	,	3
6	,	15	,	2	,	3
6	,	16	,	1	,	3
6	,	16	,	2	,	3
6	,	17	,	1	,	3
6	,	17	,	2	,	3
7	,	1	,	1	,	3
7	,	1	,	2	,	3
7	,	2	,	1	,	3
7	,	2	,	2	,	3
7	,	3	,	1	,	3
7	,	3	,	2	,	3
7	,	4	,	1	,	3
7	,	4	,	2	,	3
7	,	5	,	1	,	3
7	,	5	,	2	,	3
7	,	6	,	1	,	3
7	,	6	,	2	,	3
7	,	7	,	1	,	3
7	,	7	,	2	,	3
7	,	8	,	1	,	3
7	,	8	,	2	,	3
7	,	9	,	1	,	3
7	,	9	,	2	,	3
7	,	10	,	1	,	3
7	,	10	,	2	,	3
7	,	11	,	1	,	3
7	,	11	,	2	,	3
7	,	12	,	1	,	3
7	,	12	,	2	,	3
7	,	13	,	1	,	3
7	,	13	,	2	,	3
7	,	14	,	1	,	3
7	,	14	,	2	,	3
7	,	15	,	1	,	3
7	,	15	,	2	,	3
7	,	16	,	1	,	3
7	,	16	,	2	,	3
7	,	17	,	1	,	3
7	,	17	,	2	,	3
8	,	1	,	1	,	3
8	,	1	,	2	,	3
8	,	2	,	1	,	3
8	,	2	,	2	,	3
8	,	3	,	1	,	3
8	,	3	,	2	,	3
8	,	4	,	1	,	3
8	,	4	,	2	,	3
8	,	5	,	1	,	3
8	,	5	,	2	,	3
8	,	6	,	1	,	3
8	,	6	,	2	,	3
8	,	7	,	1	,	3
8	,	7	,	2	,	3
8	,	8	,	1	,	3
8	,	8	,	2	,	3
8	,	9	,	1	,	3
8	,	9	,	2	,	3
8	,	10	,	1	,	3
8	,	10	,	2	,	3
8	,	11	,	1	,	3
8	,	11	,	2	,	3
8	,	12	,	1	,	3
8	,	12	,	2	,	3
8	,	13	,	1	,	3
8	,	13	,	2	,	3
8	,	14	,	1	,	3
8	,	14	,	2	,	3
8	,	15	,	1	,	3
8	,	15	,	2	,	3
8	,	16	,	1	,	3
8	,	16	,	2	,	3
8	,	17	,	1	,	3
8	,	17	,	2	,	3
9	,	1	,	1	,	3
9	,	1	,	2	,	3
9	,	2	,	1	,	3
9	,	2	,	2	,	3
9	,	3	,	1	,	3
9	,	3	,	2	,	3
9	,	4	,	1	,	3
9	,	4	,	2	,	3
9	,	5	,	1	,	3
9	,	5	,	2	,	3
9	,	6	,	1	,	3
9	,	6	,	2	,	3
9	,	7	,	1	,	3
9	,	7	,	2	,	3
9	,	8	,	1	,	3
9	,	8	,	2	,	3
9	,	9	,	1	,	3
9	,	9	,	2	,	3
9	,	10	,	1	,	3
9	,	10	,	2	,	3
9	,	11	,	1	,	3
9	,	11	,	2	,	3
9	,	12	,	1	,	3
9	,	12	,	2	,	3
9	,	13	,	1	,	3
9	,	13	,	2	,	3
9	,	14	,	1	,	3
9	,	14	,	2	,	3
9	,	15	,	1	,	3
9	,	15	,	2	,	3
9	,	16	,	1	,	3
9	,	16	,	2	,	3
9	,	17	,	1	,	3
9	,	17	,	2	,	3
10	,	1	,	1	,	3
10	,	1	,	2	,	3
10	,	2	,	1	,	3
10	,	2	,	2	,	3
10	,	3	,	1	,	3
10	,	3	,	2	,	3
10	,	4	,	1	,	3
10	,	4	,	2	,	3
10	,	5	,	1	,	3
10	,	5	,	2	,	3
10	,	6	,	1	,	3
10	,	6	,	2	,	3
10	,	7	,	1	,	3
10	,	7	,	2	,	3
10	,	8	,	1	,	3
10	,	8	,	2	,	3
10	,	9	,	1	,	3
10	,	9	,	2	,	3
10	,	10	,	1	,	3
10	,	10	,	2	,	3
10	,	11	,	1	,	3
10	,	11	,	2	,	3
10	,	12	,	1	,	3
10	,	12	,	2	,	3
10	,	13	,	1	,	3
10	,	13	,	2	,	3
10	,	14	,	1	,	3
10	,	14	,	2	,	3
10	,	15	,	1	,	3
10	,	15	,	2	,	3
10	,	16	,	1	,	3
10	,	16	,	2	,	3
10	,	17	,	1	,	3
10	,	17	,	2	,	3
11	,	1	,	1	,	3
11	,	1	,	2	,	3
11	,	2	,	1	,	3
11	,	2	,	2	,	3
11	,	3	,	1	,	3
11	,	3	,	2	,	3
11	,	4	,	1	,	3
11	,	4	,	2	,	3
11	,	5	,	1	,	3
11	,	5	,	2	,	3
11	,	6	,	1	,	3
11	,	6	,	2	,	3
11	,	7	,	1	,	3
11	,	7	,	2	,	3
11	,	8	,	1	,	3
11	,	8	,	2	,	3
11	,	9	,	1	,	3
11	,	9	,	2	,	3
11	,	10	,	1	,	3
11	,	10	,	2	,	3
11	,	11	,	1	,	3
11	,	11	,	2	,	3
11	,	12	,	1	,	3
11	,	12	,	2	,	3
11	,	13	,	1	,	3
11	,	13	,	2	,	3
11	,	14	,	1	,	3
11	,	14	,	2	,	3
11	,	15	,	1	,	3
11	,	15	,	2	,	3
11	,	16	,	1	,	3
11	,	16	,	2	,	3
11	,	17	,	1	,	3
11	,	17	,	2	,	3
12	,	1	,	1	,	3
12	,	1	,	2	,	3
12	,	2	,	1	,	3
12	,	2	,	2	,	3
12	,	3	,	1	,	3
12	,	3	,	2	,	3
12	,	4	,	1	,	3
12	,	4	,	2	,	3
12	,	5	,	1	,	3
12	,	5	,	2	,	3
12	,	6	,	1	,	3
12	,	6	,	2	,	3
12	,	7	,	1	,	3
12	,	7	,	2	,	3
12	,	8	,	1	,	3
12	,	8	,	2	,	3
12	,	9	,	1	,	3
12	,	9	,	2	,	3
12	,	10	,	1	,	3
12	,	10	,	2	,	3
12	,	11	,	1	,	3
12	,	11	,	2	,	3
12	,	12	,	1	,	3
12	,	12	,	2	,	3
12	,	13	,	1	,	3
12	,	13	,	2	,	3
12	,	14	,	1	,	3
12	,	14	,	2	,	3
12	,	15	,	1	,	3
12	,	15	,	2	,	3
12	,	16	,	1	,	3
12	,	16	,	2	,	3
12	,	17	,	1	,	3
12	,	17	,	2	,	3
13	,	1	,	1	,	3
13	,	1	,	2	,	3
13	,	2	,	1	,	3
13	,	2	,	2	,	3
13	,	3	,	1	,	3
13	,	3	,	2	,	3
13	,	4	,	1	,	3
13	,	4	,	2	,	3
13	,	5	,	1	,	3
13	,	5	,	2	,	3
13	,	6	,	1	,	3
13	,	6	,	2	,	3
13	,	7	,	1	,	3
13	,	7	,	2	,	3
13	,	8	,	1	,	3
13	,	8	,	2	,	3
13	,	9	,	1	,	3
13	,	9	,	2	,	3
13	,	10	,	1	,	3
13	,	10	,	2	,	3
13	,	11	,	1	,	3
13	,	11	,	2	,	3
13	,	12	,	1	,	3
13	,	12	,	2	,	3
13	,	13	,	1	,	3
13	,	13	,	2	,	3
13	,	14	,	1	,	3
13	,	14	,	2	,	3
13	,	15	,	1	,	3
13	,	15	,	2	,	3
13	,	16	,	1	,	3
13	,	16	,	2	,	3
13	,	17	,	1	,	3
13	,	17	,	2	,	3
14	,	1	,	1	,	3
14	,	1	,	2	,	3
14	,	2	,	1	,	3
14	,	2	,	2	,	3
14	,	3	,	1	,	3
14	,	3	,	2	,	3
14	,	4	,	1	,	3
14	,	4	,	2	,	3
14	,	5	,	1	,	3
14	,	5	,	2	,	3
14	,	6	,	1	,	3
14	,	6	,	2	,	3
14	,	7	,	1	,	3
14	,	7	,	2	,	3
14	,	8	,	1	,	3
14	,	8	,	2	,	3
14	,	9	,	1	,	3
14	,	9	,	2	,	3
14	,	10	,	1	,	3
14	,	10	,	2	,	3
14	,	11	,	1	,	3
14	,	11	,	2	,	3
14	,	12	,	1	,	3
14	,	12	,	2	,	3
14	,	13	,	1	,	3
14	,	13	,	2	,	3
14	,	14	,	1	,	3
14	,	14	,	2	,	3
14	,	15	,	1	,	3
14	,	15	,	2	,	3
14	,	16	,	1	,	3
14	,	16	,	2	,	3
14	,	17	,	1	,	3
14	,	17	,	2	,	3
15	,	1	,	1	,	3
15	,	1	,	2	,	3
15	,	2	,	1	,	3
15	,	2	,	2	,	3
15	,	3	,	1	,	3
15	,	3	,	2	,	3
15	,	4	,	1	,	3
15	,	4	,	2	,	3
15	,	5	,	1	,	3
15	,	5	,	2	,	3
15	,	6	,	1	,	3
15	,	6	,	2	,	3
15	,	7	,	1	,	3
15	,	7	,	2	,	3
15	,	8	,	1	,	3
15	,	8	,	2	,	3
15	,	9	,	1	,	3
15	,	9	,	2	,	3
15	,	10	,	1	,	3
15	,	10	,	2	,	3
15	,	11	,	1	,	3
15	,	11	,	2	,	3
15	,	12	,	1	,	3
15	,	12	,	2	,	3
15	,	13	,	1	,	3
15	,	13	,	2	,	3
15	,	14	,	1	,	3
15	,	14	,	2	,	3
15	,	15	,	1	,	3
15	,	15	,	2	,	3
15	,	16	,	1	,	3
15	,	16	,	2	,	3
15	,	17	,	1	,	3
15	,	17	,	2	,	3
16	,	1	,	1	,	3
16	,	1	,	2	,	3
16	,	2	,	1	,	3
16	,	2	,	2	,	3
16	,	3	,	1	,	3
16	,	3	,	2	,	3
16	,	4	,	1	,	3
16	,	4	,	2	,	3
16	,	5	,	1	,	3
16	,	5	,	2	,	3
16	,	6	,	1	,	3
16	,	6	,	2	,	3
16	,	7	,	1	,	3
16	,	7	,	2	,	3
16	,	8	,	1	,	3
16	,	8	,	2	,	3
16	,	9	,	1	,	3
16	,	9	,	2	,	3
16	,	10	,	1	,	3
16	,	10	,	2	,	3
16	,	11	,	1	,	3
16	,	11	,	2	,	3
16	,	12	,	1	,	3
16	,	12	,	2	,	3
16	,	13	,	1	,	3
16	,	13	,	2	,	3
16	,	14	,	1	,	3
16	,	14	,	2	,	3
16	,	15	,	1	,	3
16	,	15	,	2	,	3
16	,	16	,	1	,	3
16	,	16	,	2	,	3
16	,	17	,	1	,	3
16	,	17	,	2	,	3
17	,	1	,	1	,	3
17	,	1	,	2	,	3
17	,	2	,	1	,	3
17	,	2	,	2	,	3
17	,	3	,	1	,	3
17	,	3	,	2	,	3
17	,	4	,	1	,	3
17	,	4	,	2	,	3
17	,	5	,	1	,	3
17	,	5	,	2	,	3
17	,	6	,	1	,	3
17	,	6	,	2	,	3
17	,	7	,	1	,	3
17	,	7	,	2	,	3
17	,	8	,	1	,	3
17	,	8	,	2	,	3
17	,	9	,	1	,	3
17	,	9	,	2	,	3
17	,	10	,	1	,	3
17	,	10	,	2	,	3
17	,	11	,	1	,	3
17	,	11	,	2	,	3
17	,	12	,	1	,	3
17	,	12	,	2	,	3
17	,	13	,	1	,	3
17	,	13	,	2	,	3
17	,	14	,	1	,	3
17	,	14	,	2	,	3
17	,	15	,	1	,	3
17	,	15	,	2	,	3
17	,	16	,	1	,	3
17	,	16	,	2	,	3
17	,	17	,	1	,	3
17	,	17	,	2	,	3
18	,	1	,	1	,	3
18	,	1	,	2	,	3
18	,	2	,	1	,	3
18	,	2	,	2	,	3
18	,	3	,	1	,	3
18	,	3	,	2	,	3
18	,	4	,	1	,	3
18	,	4	,	2	,	3
18	,	5	,	1	,	3
18	,	5	,	2	,	3
18	,	6	,	1	,	3
18	,	6	,	2	,	3
18	,	7	,	1	,	3
18	,	7	,	2	,	3
18	,	8	,	1	,	3
18	,	8	,	2	,	3
18	,	9	,	1	,	3
18	,	9	,	2	,	3
18	,	10	,	1	,	3
18	,	10	,	2	,	3
18	,	11	,	1	,	3
18	,	11	,	2	,	3
18	,	12	,	1	,	3
18	,	12	,	2	,	3
18	,	13	,	1	,	3
18	,	13	,	2	,	3
18	,	14	,	1	,	3
18	,	14	,	2	,	3
18	,	15	,	1	,	3
18	,	15	,	2	,	3
18	,	16	,	1	,	3
18	,	16	,	2	,	3
18	,	17	,	1	,	3
18	,	17	,	2	,	3
--------------------------------------------------------
*displacement       !load vector
34
18, 1, 1, 1, -0.1
18, 1, 2, 1, -0.1
18, 2, 1, 1, -0.1
18, 2, 2, 1, -0.1
18, 3, 1, 1, -0.1
18, 3, 2, 1, -0.1
18, 4, 1, 1, -0.1
18, 4, 2, 1, -0.1
18, 5, 1, 1, -0.1
18, 5, 2, 1, -0.1
18, 6, 1, 1, -0.1
18, 6, 2, 1, -0.1
18, 7, 1, 1, -0.1
18, 7, 2, 1, -0.1
18, 8, 1, 1, -0.1
18, 8, 2, 1, -0.1
18, 9, 1, 1, -0.1
18, 9, 2, 1, -0.1
18, 10, 1, 1, -0.1
18, 10, 2, 1, -0.1
18, 11, 1, 1, -0.1
18, 11, 2, 1, -0.1
18, 12, 1, 1, -0.1
18, 12, 2, 1, -0.1
18, 13, 1, 1, -0.1
18, 13, 2, 1, -0.1
18, 14, 1, 1, -0.1
18, 14, 2, 1, -0.1
18, 15, 1, 1, -0.1
18, 15, 2, 1, -0.1
18, 16, 1, 1, -0.1
18, 16, 2, 1, -0.1
18, 17, 1, 1, -0.1
18, 17, 2, 1, -0.1
*end