!---------------------------------------------------------------------------
!
! Beam Benging subjected to Momentum in the tip
!
!---------------------------------------------------------------------------
*begin
3           !problem dimension
2, 2, 2     !degree of each dimension
3, 12, 3     !control points in each direction
0, 0, 0     !open(0) or closed(1) knot vector
--------------------------------------------------------
*knots    !knot spans
0.0, 0.0, 0.0, 1.0, 1.0, 1.0
0.0, 0.0, 0.0, 0.1, 0.2, 0.3, 0.4, 0.5, 0.6, 0.7, 0.8, 0.9, 1.0, 1.0, 1.0
0.0, 0.0, 0.0, 1.0, 1.0, 1.0
--------------------------------------------------------
*element
Hex27
*bnet     !nurbs control points
0.0000000000000000E+000 0.0000000000000000E+000 9.9994999999999994E+000 1.0000000000000000E+000
0.0000000000000000E+000 0.0000000000000000E+000 1.0000000000000000E+001 1.0000000000000000E+000
0.0000000000000000E+000 0.0000000000000000E+000 1.0000500000000001E+001 1.0000000000000000E+000
0.0000000000000000E+000 7.2840594194129127E-001 9.9994999999999994E+000 9.7071067811865475E-001
0.0000000000000000E+000 7.2844236405949425E-001 9.9999999999999982E+000 9.7071067811865475E-001
0.0000000000000000E+000 7.2847878617769735E-001 1.0000500000000002E+001 9.7071067811865475E-001
0.0000000000000000E+000 2.2063978380430087E+000 9.7830249399456406E+000 9.2384776310850236E-001
0.0000000000000000E+000 2.2065081634511818E+000 9.7835141156514212E+000 9.2384776310850236E-001
0.0000000000000000E+000 2.2066184888593545E+000 9.7840032913572053E+000 9.2384776310850236E-001
0.0000000000000000E+000 3.6984801223685295E+000 9.3243907273966293E+000 8.8870057685088799E-001
0.0000000000000000E+000 3.6986650556213112E+000 9.3248569702451416E+000 8.8870057685088799E-001
0.0000000000000000E+000 3.6988499888740920E+000 9.3253232130936539E+000 8.8870057685088799E-001
0.0000000000000000E+000 5.1457615432580575E+000 8.6127175837880170E+000 8.6526911934581185E-001
0.0000000000000000E+000 5.1460188442002694E+000 8.6131482412000775E+000 8.6526911934581185E-001
0.0000000000000000E+000 5.1462761451424788E+000 8.6135788986121362E+000 8.6526911934581185E-001
0.0000000000000000E+000 6.4849571101698587E+000 7.6564714067799056E+000 8.5355339059327373E-001
0.0000000000000000E+000 6.4852813742385713E+000 7.6568542494923806E+000 8.5355339059327373E-001
0.0000000000000000E+000 6.4856056383072822E+000 7.6572370922048556E+000 8.5355339059327373E-001
0.0000000000000000E+000 7.6564714067799038E+000 6.4849571101698578E+000 8.5355339059327384E-001
0.0000000000000000E+000 7.6568542494923797E+000 6.4852813742385695E+000 8.5355339059327384E-001
0.0000000000000000E+000 7.6572370922048538E+000 6.4856056383072822E+000 8.5355339059327384E-001
0.0000000000000000E+000 8.6127175837880152E+000 5.1457615432580575E+000 8.6526911934581185E-001
0.0000000000000000E+000 8.6131482412000775E+000 5.1460188442002694E+000 8.6526911934581185E-001
0.0000000000000000E+000 8.6135788986121362E+000 5.1462761451424788E+000 8.6526911934581185E-001
0.0000000000000000E+000 9.3243907273966276E+000 3.6984801223685291E+000 8.8870057685088799E-001
0.0000000000000000E+000 9.3248569702451416E+000 3.6986650556213108E+000 8.8870057685088799E-001
0.0000000000000000E+000 9.3253232130936521E+000 3.6988499888740916E+000 8.8870057685088799E-001
0.0000000000000000E+000 9.7830249399456388E+000 2.2063978380430083E+000 9.2384776310850225E-001
0.0000000000000000E+000 9.7835141156514247E+000 2.2065081634511814E+000 9.2384776310850225E-001
0.0000000000000000E+000 9.7840032913572053E+000 2.2066184888593532E+000 9.2384776310850225E-001
0.0000000000000000E+000 9.9994999999999994E+000 7.2840594194129094E-001 9.7071067811865475E-001
0.0000000000000000E+000 1.0000000000000000E+001 7.2844236405949392E-001 9.7071067811865475E-001
0.0000000000000000E+000 1.0000500000000001E+001 7.2847878617769690E-001 9.7071067811865475E-001
0.0000000000000000E+000 9.9994999999999994E+000 0.0000000000000000E+000 1.0000000000000000E+000
0.0000000000000000E+000 1.0000000000000000E+001 0.0000000000000000E+000 1.0000000000000000E+000
0.0000000000000000E+000 1.0000500000000001E+001 0.0000000000000000E+000 1.0000000000000000E+000
5.0000000000000000E-001 0.0000000000000000E+000 9.9994999999999994E+000 1.0000000000000000E+000
5.0000000000000000E-001 0.0000000000000000E+000 1.0000000000000000E+001 1.0000000000000000E+000
5.0000000000000000E-001 0.0000000000000000E+000 1.0000500000000001E+001 1.0000000000000000E+000
5.0000000000000000E-001 7.2840594194129127E-001 9.9994999999999994E+000 9.7071067811865475E-001
5.0000000000000000E-001 7.2844236405949425E-001 9.9999999999999982E+000 9.7071067811865475E-001
5.0000000000000000E-001 7.2847878617769735E-001 1.0000500000000002E+001 9.7071067811865475E-001
5.0000000000000000E-001 2.2063978380430087E+000 9.7830249399456406E+000 9.2384776310850236E-001
5.0000000000000000E-001 2.2065081634511818E+000 9.7835141156514212E+000 9.2384776310850236E-001
5.0000000000000000E-001 2.2066184888593545E+000 9.7840032913572053E+000 9.2384776310850236E-001
5.0000000000000000E-001 3.6984801223685295E+000 9.3243907273966293E+000 8.8870057685088799E-001
5.0000000000000000E-001 3.6986650556213112E+000 9.3248569702451416E+000 8.8870057685088799E-001
5.0000000000000000E-001 3.6988499888740920E+000 9.3253232130936539E+000 8.8870057685088799E-001
5.0000000000000000E-001 5.1457615432580575E+000 8.6127175837880170E+000 8.6526911934581185E-001
5.0000000000000000E-001 5.1460188442002694E+000 8.6131482412000775E+000 8.6526911934581185E-001
5.0000000000000000E-001 5.1462761451424788E+000 8.6135788986121362E+000 8.6526911934581185E-001
5.0000000000000000E-001 6.4849571101698587E+000 7.6564714067799056E+000 8.5355339059327373E-001
5.0000000000000000E-001 6.4852813742385713E+000 7.6568542494923806E+000 8.5355339059327373E-001
5.0000000000000000E-001 6.4856056383072822E+000 7.6572370922048556E+000 8.5355339059327373E-001
5.0000000000000000E-001 7.6564714067799038E+000 6.4849571101698578E+000 8.5355339059327384E-001
5.0000000000000000E-001 7.6568542494923797E+000 6.4852813742385695E+000 8.5355339059327384E-001
5.0000000000000000E-001 7.6572370922048538E+000 6.4856056383072822E+000 8.5355339059327384E-001
5.0000000000000000E-001 8.6127175837880152E+000 5.1457615432580575E+000 8.6526911934581185E-001
5.0000000000000000E-001 8.6131482412000775E+000 5.1460188442002694E+000 8.6526911934581185E-001
5.0000000000000000E-001 8.6135788986121362E+000 5.1462761451424788E+000 8.6526911934581185E-001
5.0000000000000000E-001 9.3243907273966276E+000 3.6984801223685291E+000 8.8870057685088799E-001
5.0000000000000000E-001 9.3248569702451416E+000 3.6986650556213108E+000 8.8870057685088799E-001
5.0000000000000000E-001 9.3253232130936521E+000 3.6988499888740916E+000 8.8870057685088799E-001
5.0000000000000000E-001 9.7830249399456388E+000 2.2063978380430083E+000 9.2384776310850225E-001
5.0000000000000000E-001 9.7835141156514247E+000 2.2065081634511814E+000 9.2384776310850225E-001
5.0000000000000000E-001 9.7840032913572053E+000 2.2066184888593532E+000 9.2384776310850225E-001
5.0000000000000000E-001 9.9994999999999994E+000 7.2840594194129094E-001 9.7071067811865475E-001
5.0000000000000000E-001 1.0000000000000000E+001 7.2844236405949392E-001 9.7071067811865475E-001
5.0000000000000000E-001 1.0000500000000001E+001 7.2847878617769690E-001 9.7071067811865475E-001
5.0000000000000000E-001 9.9994999999999994E+000 0.0000000000000000E+000 1.0000000000000000E+000
5.0000000000000000E-001 1.0000000000000000E+001 0.0000000000000000E+000 1.0000000000000000E+000
5.0000000000000000E-001 1.0000500000000001E+001 0.0000000000000000E+000 1.0000000000000000E+000
1.0000000000000000E+000 0.0000000000000000E+000 9.9994999999999994E+000 1.0000000000000000E+000
1.0000000000000000E+000 0.0000000000000000E+000 1.0000000000000000E+001 1.0000000000000000E+000
1.0000000000000000E+000 0.0000000000000000E+000 1.0000500000000001E+001 1.0000000000000000E+000
1.0000000000000000E+000 7.2840594194129127E-001 9.9994999999999994E+000 9.7071067811865475E-001
1.0000000000000000E+000 7.2844236405949425E-001 9.9999999999999982E+000 9.7071067811865475E-001
1.0000000000000000E+000 7.2847878617769735E-001 1.0000500000000002E+001 9.7071067811865475E-001
1.0000000000000000E+000 2.2063978380430087E+000 9.7830249399456406E+000 9.2384776310850236E-001
1.0000000000000000E+000 2.2065081634511818E+000 9.7835141156514212E+000 9.2384776310850236E-001
1.0000000000000000E+000 2.2066184888593545E+000 9.7840032913572053E+000 9.2384776310850236E-001
1.0000000000000000E+000 3.6984801223685295E+000 9.3243907273966293E+000 8.8870057685088799E-001
1.0000000000000000E+000 3.6986650556213112E+000 9.3248569702451416E+000 8.8870057685088799E-001
1.0000000000000000E+000 3.6988499888740920E+000 9.3253232130936539E+000 8.8870057685088799E-001
1.0000000000000000E+000 5.1457615432580575E+000 8.6127175837880170E+000 8.6526911934581185E-001
1.0000000000000000E+000 5.1460188442002694E+000 8.6131482412000775E+000 8.6526911934581185E-001
1.0000000000000000E+000 5.1462761451424788E+000 8.6135788986121362E+000 8.6526911934581185E-001
1.0000000000000000E+000 6.4849571101698587E+000 7.6564714067799056E+000 8.5355339059327373E-001
1.0000000000000000E+000 6.4852813742385713E+000 7.6568542494923806E+000 8.5355339059327373E-001
1.0000000000000000E+000 6.4856056383072822E+000 7.6572370922048556E+000 8.5355339059327373E-001
1.0000000000000000E+000 7.6564714067799038E+000 6.4849571101698578E+000 8.5355339059327384E-001
1.0000000000000000E+000 7.6568542494923797E+000 6.4852813742385695E+000 8.5355339059327384E-001
1.0000000000000000E+000 7.6572370922048538E+000 6.4856056383072822E+000 8.5355339059327384E-001
1.0000000000000000E+000 8.6127175837880152E+000 5.1457615432580575E+000 8.6526911934581185E-001
1.0000000000000000E+000 8.6131482412000775E+000 5.1460188442002694E+000 8.6526911934581185E-001
1.0000000000000000E+000 8.6135788986121362E+000 5.1462761451424788E+000 8.6526911934581185E-001
1.0000000000000000E+000 9.3243907273966276E+000 3.6984801223685291E+000 8.8870057685088799E-001
1.0000000000000000E+000 9.3248569702451416E+000 3.6986650556213108E+000 8.8870057685088799E-001
1.0000000000000000E+000 9.3253232130936521E+000 3.6988499888740916E+000 8.8870057685088799E-001
1.0000000000000000E+000 9.7830249399456388E+000 2.2063978380430083E+000 9.2384776310850225E-001
1.0000000000000000E+000 9.7835141156514247E+000 2.2065081634511814E+000 9.2384776310850225E-001
1.0000000000000000E+000 9.7840032913572053E+000 2.2066184888593532E+000 9.2384776310850225E-001
1.0000000000000000E+000 9.9994999999999994E+000 7.2840594194129094E-001 9.7071067811865475E-001
1.0000000000000000E+000 1.0000000000000000E+001 7.2844236405949392E-001 9.7071067811865475E-001
1.0000000000000000E+000 1.0000500000000001E+001 7.2847878617769690E-001 9.7071067811865475E-001
1.0000000000000000E+000 9.9994999999999994E+000 0.0000000000000000E+000 1.0000000000000000E+000
1.0000000000000000E+000 1.0000000000000000E+001 0.0000000000000000E+000 1.0000000000000000E+000
1.0000000000000000E+000 1.0000500000000001E+001 0.0000000000000000E+000 1.0000000000000000E+000
 --------------------------------------------------------
*material
5
1000.0, 0.0, 1.0, 0.0, 1.0e25
!Young Modulus, Poisson coef, thickness (set to 1.0 if not used), density, Yield Stress
*bcdof   !boundary condition *38
27
1	,	1
2	,	1
3	,	1
37	,	1
38	,	1
39	,	1
73	,	1
74	,	1
75	,	1
1	,	2
2	,	2
3	,	2
37	,	2
38	,	2
39	,	2
73	,	2
74	,	2
75	,	2
1	,	3
2	,	3
3	,	3
37	,	3
38	,	3
39	,	3
73	,	3
74	,	3
75	,	3
--------------------------------------------------------
*loaddof       !load vector
3
106, 2, -3.33333333E-11
107, 2, -3.33333333E-11
108, 2, -3.33333333E-11
*end