!---------------------------------------------------------------------------
!
! Beam Benging subjected to Momentum in the tip
!
!---------------------------------------------------------------------------

*begin
3           !problem dimension
2, 2, 2     !degree of each dimension
3, 4, 3     !control points in each direction
0, 0, 0     !open(0) or closed(1) knot vector
--------------------------------------------------------
*knots    !knot spans
0.0, 0.0, 0.0, 1.0, 1.0, 1.0
0.0, 0.0, 0.0, 0.5, 1.0, 1.0, 1.0
0.0, 0.0, 0.0, 1.0, 1.0, 1.0
--------------------------------------------------------
*element
Hex27
*bnet     !nurbs control points
0.0000000000000000E+000 0.0000000000000000E+000 9.5000000000000000E+000 1.0000000000000000E+000
0.0000000000000000E+000 0.0000000000000000E+000 1.0000000000000000E+001 1.0000000000000000E+000
0.0000000000000000E+000 0.0000000000000000E+000 1.0500000000000000E+001 1.0000000000000000E+000
0.0000000000000000E+000 3.9350288425444027E+000 9.4999999999999982E+000 8.5355339059327373E-001
0.0000000000000000E+000 4.1421356237309501E+000 1.0000000000000000E+001 8.5355339059327373E-001
0.0000000000000000E+000 4.3492424049174980E+000 1.0500000000000000E+001 8.5355339059327373E-001
0.0000000000000000E+000 9.4999999999999982E+000 3.9350288425444027E+000 8.5355339059327373E-001
0.0000000000000000E+000 1.0000000000000000E+001 4.1421356237309501E+000 8.5355339059327373E-001
0.0000000000000000E+000 1.0500000000000000E+001 4.3492424049174980E+000 8.5355339059327373E-001
0.0000000000000000E+000 9.5000000000000000E+000 0.0000000000000000E+000 1.0000000000000000E+000
0.0000000000000000E+000 1.0000000000000000E+001 0.0000000000000000E+000 1.0000000000000000E+000
0.0000000000000000E+000 1.0500000000000000E+001 0.0000000000000000E+000 1.0000000000000000E+000
5.0000000000000000E-001 0.0000000000000000E+000 9.5000000000000000E+000 1.0000000000000000E+000
5.0000000000000000E-001 0.0000000000000000E+000 1.0000000000000000E+001 1.0000000000000000E+000
5.0000000000000000E-001 0.0000000000000000E+000 1.0500000000000000E+001 1.0000000000000000E+000
5.0000000000000000E-001 3.9350288425444027E+000 9.4999999999999982E+000 8.5355339059327373E-001
5.0000000000000000E-001 4.1421356237309501E+000 1.0000000000000000E+001 8.5355339059327373E-001
5.0000000000000000E-001 4.3492424049174980E+000 1.0500000000000000E+001 8.5355339059327373E-001
5.0000000000000000E-001 9.4999999999999982E+000 3.9350288425444027E+000 8.5355339059327373E-001
5.0000000000000000E-001 1.0000000000000000E+001 4.1421356237309501E+000 8.5355339059327373E-001
5.0000000000000000E-001 1.0500000000000000E+001 4.3492424049174980E+000 8.5355339059327373E-001
5.0000000000000000E-001 9.5000000000000000E+000 0.0000000000000000E+000 1.0000000000000000E+000
5.0000000000000000E-001 1.0000000000000000E+001 0.0000000000000000E+000 1.0000000000000000E+000
5.0000000000000000E-001 1.0500000000000000E+001 0.0000000000000000E+000 1.0000000000000000E+000
1.0000000000000000E+000 0.0000000000000000E+000 9.5000000000000000E+000 1.0000000000000000E+000
1.0000000000000000E+000 0.0000000000000000E+000 1.0000000000000000E+001 1.0000000000000000E+000
1.0000000000000000E+000 0.0000000000000000E+000 1.0500000000000000E+001 1.0000000000000000E+000
1.0000000000000000E+000 3.9350288425444027E+000 9.4999999999999982E+000 8.5355339059327373E-001
1.0000000000000000E+000 4.1421356237309501E+000 1.0000000000000000E+001 8.5355339059327373E-001
1.0000000000000000E+000 4.3492424049174980E+000 1.0500000000000000E+001 8.5355339059327373E-001
1.0000000000000000E+000 9.4999999999999982E+000 3.9350288425444027E+000 8.5355339059327373E-001
1.0000000000000000E+000 1.0000000000000000E+001 4.1421356237309501E+000 8.5355339059327373E-001
1.0000000000000000E+000 1.0500000000000000E+001 4.3492424049174980E+000 8.5355339059327373E-001
1.0000000000000000E+000 9.5000000000000000E+000 0.0000000000000000E+000 1.0000000000000000E+000
1.0000000000000000E+000 1.0000000000000000E+001 0.0000000000000000E+000 1.0000000000000000E+000
1.0000000000000000E+000 1.0500000000000000E+001 0.0000000000000000E+000 1.0000000000000000E+000
 --------------------------------------------------------
*material
5
1000.0, 0.0, 1.0, 0.0, 1.0e25
!Young Modulus, Poisson coef, thickness (set to 1.0 if not used), density, Yield Stress
*bcdof   !boundary condition *38
27
1,	1
2,	1
3,	1
13,	1
14,	1
15,	1
25,	1
26,	1
27,	1
1,	2
2,	2
3,	2
13,	2
14,	2
15,	2
25,	2
26,	2
27,	2
1,	3
2,	3
3,	3
13,	3
14,	3
15,	3
25,	3
26,	3
27,	3
--------------------------------------------------------
*loaddof       !load vector
3
34, 2, -0.033333333333
35, 2, -0.033333333333
36, 2, -0.033333333333
*end