!---------------------------------------------------------------------------
!
! Beam Benging subjected to Momentum in the tip
!
!---------------------------------------------------------------------------
*begin
3           !problem dimension
2, 2, 2     !degree of each dimension
3, 12, 3     !control points in each direction
0, 0, 0     !open(0) or closed(1) knot vector
--------------------------------------------------------
*knots    !knot spans
0.0, 0.0, 0.0, 1.0, 1.0, 1.0
0.0, 0.0, 0.0, 0.1, 0.2, 0.3, 0.4, 0.5, 0.6, 0.7, 0.8, 0.9, 1.0, 1.0, 1.0
0.0, 0.0, 0.0, 1.0, 1.0, 1.0
--------------------------------------------------------
*element
Hex27
*bnet     !nurbs control points
0.0000000000000000E+000 0.0000000000000000E+000 9.9749999999999996E+000 1.0000000000000000E+000
0.0000000000000000E+000 0.0000000000000000E+000 1.0000000000000000E+001 1.0000000000000000E+000
0.0000000000000000E+000 0.0000000000000000E+000 1.0025000000000000E+001 1.0000000000000000E+000
0.0000000000000000E+000 7.2662125814934553E-001 9.9749999999999996E+000 9.7071067811865475E-001
0.0000000000000000E+000 7.2844236405949425E-001 9.9999999999999982E+000 9.7071067811865475E-001
0.0000000000000000E+000 7.3026346996964309E-001 1.0024999999999999E+001 9.7071067811865475E-001
0.0000000000000000E+000 2.2009918930425534E+000 9.7590553303622922E+000 9.2384776310850236E-001
0.0000000000000000E+000 2.2065081634511818E+000 9.7835141156514212E+000 9.2384776310850236E-001
0.0000000000000000E+000 2.2120244338598098E+000 9.8079729009405483E+000 9.2384776310850236E-001
0.0000000000000000E+000 3.6894183929822573E+000 9.3015448278195283E+000 8.8870057685088799E-001
0.0000000000000000E+000 3.6986650556213112E+000 9.3248569702451416E+000 8.8870057685088799E-001
0.0000000000000000E+000 3.7079117182603647E+000 9.3481691126707531E+000 8.8870057685088799E-001
0.0000000000000000E+000 5.1331537970897667E+000 8.5916153705970775E+000 8.6526911934581185E-001
0.0000000000000000E+000 5.1460188442002694E+000 8.6131482412000775E+000 8.6526911934581185E-001
0.0000000000000000E+000 5.1588838913107704E+000 8.6346811118030757E+000 8.6526911934581185E-001
0.0000000000000000E+000 6.4690681708029736E+000 7.6377121138686501E+000 8.5355339059327373E-001
0.0000000000000000E+000 6.4852813742385713E+000 7.6568542494923806E+000 8.5355339059327373E-001
0.0000000000000000E+000 6.5014945776741682E+000 7.6759963851161102E+000 8.5355339059327373E-001
0.0000000000000000E+000 7.6377121138686466E+000 6.4690681708029745E+000 8.5355339059327384E-001
0.0000000000000000E+000 7.6568542494923797E+000 6.4852813742385695E+000 8.5355339059327384E-001
0.0000000000000000E+000 7.6759963851161110E+000 6.5014945776741655E+000 8.5355339059327384E-001
0.0000000000000000E+000 8.5916153705970739E+000 5.1331537970897667E+000 8.6526911934581185E-001
0.0000000000000000E+000 8.6131482412000775E+000 5.1460188442002694E+000 8.6526911934581185E-001
0.0000000000000000E+000 8.6346811118030757E+000 5.1588838913107695E+000 8.6526911934581185E-001
0.0000000000000000E+000 9.3015448278195247E+000 3.6894183929822568E+000 8.8870057685088799E-001
0.0000000000000000E+000 9.3248569702451416E+000 3.6986650556213108E+000 8.8870057685088799E-001
0.0000000000000000E+000 9.3481691126707549E+000 3.7079117182603634E+000 8.8870057685088799E-001
0.0000000000000000E+000 9.7590553303622922E+000 2.2009918930425529E+000 9.2384776310850225E-001
0.0000000000000000E+000 9.7835141156514247E+000 2.2065081634511814E+000 9.2384776310850225E-001
0.0000000000000000E+000 9.8079729009405519E+000 2.2120244338598085E+000 9.2384776310850225E-001
0.0000000000000000E+000 9.9749999999999979E+000 7.2662125814934519E-001 9.7071067811865475E-001
0.0000000000000000E+000 1.0000000000000000E+001 7.2844236405949392E-001 9.7071067811865475E-001
0.0000000000000000E+000 1.0025000000000000E+001 7.3026346996964264E-001 9.7071067811865475E-001
0.0000000000000000E+000 9.9749999999999996E+000 0.0000000000000000E+000 1.0000000000000000E+000
0.0000000000000000E+000 1.0000000000000000E+001 0.0000000000000000E+000 1.0000000000000000E+000
0.0000000000000000E+000 1.0025000000000000E+001 0.0000000000000000E+000 1.0000000000000000E+000
5.0000000000000000E-001 0.0000000000000000E+000 9.9749999999999996E+000 1.0000000000000000E+000
5.0000000000000000E-001 0.0000000000000000E+000 1.0000000000000000E+001 1.0000000000000000E+000
5.0000000000000000E-001 0.0000000000000000E+000 1.0025000000000000E+001 1.0000000000000000E+000
5.0000000000000000E-001 7.2662125814934553E-001 9.9749999999999996E+000 9.7071067811865475E-001
5.0000000000000000E-001 7.2844236405949425E-001 9.9999999999999982E+000 9.7071067811865475E-001
5.0000000000000000E-001 7.3026346996964309E-001 1.0024999999999999E+001 9.7071067811865475E-001
5.0000000000000000E-001 2.2009918930425534E+000 9.7590553303622922E+000 9.2384776310850236E-001
5.0000000000000000E-001 2.2065081634511818E+000 9.7835141156514212E+000 9.2384776310850236E-001
5.0000000000000000E-001 2.2120244338598098E+000 9.8079729009405483E+000 9.2384776310850236E-001
5.0000000000000000E-001 3.6894183929822573E+000 9.3015448278195283E+000 8.8870057685088799E-001
5.0000000000000000E-001 3.6986650556213112E+000 9.3248569702451416E+000 8.8870057685088799E-001
5.0000000000000000E-001 3.7079117182603647E+000 9.3481691126707531E+000 8.8870057685088799E-001
5.0000000000000000E-001 5.1331537970897667E+000 8.5916153705970775E+000 8.6526911934581185E-001
5.0000000000000000E-001 5.1460188442002694E+000 8.6131482412000775E+000 8.6526911934581185E-001
5.0000000000000000E-001 5.1588838913107704E+000 8.6346811118030757E+000 8.6526911934581185E-001
5.0000000000000000E-001 6.4690681708029736E+000 7.6377121138686501E+000 8.5355339059327373E-001
5.0000000000000000E-001 6.4852813742385713E+000 7.6568542494923806E+000 8.5355339059327373E-001
5.0000000000000000E-001 6.5014945776741682E+000 7.6759963851161102E+000 8.5355339059327373E-001
5.0000000000000000E-001 7.6377121138686466E+000 6.4690681708029745E+000 8.5355339059327384E-001
5.0000000000000000E-001 7.6568542494923797E+000 6.4852813742385695E+000 8.5355339059327384E-001
5.0000000000000000E-001 7.6759963851161110E+000 6.5014945776741655E+000 8.5355339059327384E-001
5.0000000000000000E-001 8.5916153705970739E+000 5.1331537970897667E+000 8.6526911934581185E-001
5.0000000000000000E-001 8.6131482412000775E+000 5.1460188442002694E+000 8.6526911934581185E-001
5.0000000000000000E-001 8.6346811118030757E+000 5.1588838913107695E+000 8.6526911934581185E-001
5.0000000000000000E-001 9.3015448278195247E+000 3.6894183929822568E+000 8.8870057685088799E-001
5.0000000000000000E-001 9.3248569702451416E+000 3.6986650556213108E+000 8.8870057685088799E-001
5.0000000000000000E-001 9.3481691126707549E+000 3.7079117182603634E+000 8.8870057685088799E-001
5.0000000000000000E-001 9.7590553303622922E+000 2.2009918930425529E+000 9.2384776310850225E-001
5.0000000000000000E-001 9.7835141156514247E+000 2.2065081634511814E+000 9.2384776310850225E-001
5.0000000000000000E-001 9.8079729009405519E+000 2.2120244338598085E+000 9.2384776310850225E-001
5.0000000000000000E-001 9.9749999999999979E+000 7.2662125814934519E-001 9.7071067811865475E-001
5.0000000000000000E-001 1.0000000000000000E+001 7.2844236405949392E-001 9.7071067811865475E-001
5.0000000000000000E-001 1.0025000000000000E+001 7.3026346996964264E-001 9.7071067811865475E-001
5.0000000000000000E-001 9.9749999999999996E+000 0.0000000000000000E+000 1.0000000000000000E+000
5.0000000000000000E-001 1.0000000000000000E+001 0.0000000000000000E+000 1.0000000000000000E+000
5.0000000000000000E-001 1.0025000000000000E+001 0.0000000000000000E+000 1.0000000000000000E+000
1.0000000000000000E+000 0.0000000000000000E+000 9.9749999999999996E+000 1.0000000000000000E+000
1.0000000000000000E+000 0.0000000000000000E+000 1.0000000000000000E+001 1.0000000000000000E+000
1.0000000000000000E+000 0.0000000000000000E+000 1.0025000000000000E+001 1.0000000000000000E+000
1.0000000000000000E+000 7.2662125814934553E-001 9.9749999999999996E+000 9.7071067811865475E-001
1.0000000000000000E+000 7.2844236405949425E-001 9.9999999999999982E+000 9.7071067811865475E-001
1.0000000000000000E+000 7.3026346996964309E-001 1.0024999999999999E+001 9.7071067811865475E-001
1.0000000000000000E+000 2.2009918930425534E+000 9.7590553303622922E+000 9.2384776310850236E-001
1.0000000000000000E+000 2.2065081634511818E+000 9.7835141156514212E+000 9.2384776310850236E-001
1.0000000000000000E+000 2.2120244338598098E+000 9.8079729009405483E+000 9.2384776310850236E-001
1.0000000000000000E+000 3.6894183929822573E+000 9.3015448278195283E+000 8.8870057685088799E-001
1.0000000000000000E+000 3.6986650556213112E+000 9.3248569702451416E+000 8.8870057685088799E-001
1.0000000000000000E+000 3.7079117182603647E+000 9.3481691126707531E+000 8.8870057685088799E-001
1.0000000000000000E+000 5.1331537970897667E+000 8.5916153705970775E+000 8.6526911934581185E-001
1.0000000000000000E+000 5.1460188442002694E+000 8.6131482412000775E+000 8.6526911934581185E-001
1.0000000000000000E+000 5.1588838913107704E+000 8.6346811118030757E+000 8.6526911934581185E-001
1.0000000000000000E+000 6.4690681708029736E+000 7.6377121138686501E+000 8.5355339059327373E-001
1.0000000000000000E+000 6.4852813742385713E+000 7.6568542494923806E+000 8.5355339059327373E-001
1.0000000000000000E+000 6.5014945776741682E+000 7.6759963851161102E+000 8.5355339059327373E-001
1.0000000000000000E+000 7.6377121138686466E+000 6.4690681708029745E+000 8.5355339059327384E-001
1.0000000000000000E+000 7.6568542494923797E+000 6.4852813742385695E+000 8.5355339059327384E-001
1.0000000000000000E+000 7.6759963851161110E+000 6.5014945776741655E+000 8.5355339059327384E-001
1.0000000000000000E+000 8.5916153705970739E+000 5.1331537970897667E+000 8.6526911934581185E-001
1.0000000000000000E+000 8.6131482412000775E+000 5.1460188442002694E+000 8.6526911934581185E-001
1.0000000000000000E+000 8.6346811118030757E+000 5.1588838913107695E+000 8.6526911934581185E-001
1.0000000000000000E+000 9.3015448278195247E+000 3.6894183929822568E+000 8.8870057685088799E-001
1.0000000000000000E+000 9.3248569702451416E+000 3.6986650556213108E+000 8.8870057685088799E-001
1.0000000000000000E+000 9.3481691126707549E+000 3.7079117182603634E+000 8.8870057685088799E-001
1.0000000000000000E+000 9.7590553303622922E+000 2.2009918930425529E+000 9.2384776310850225E-001
1.0000000000000000E+000 9.7835141156514247E+000 2.2065081634511814E+000 9.2384776310850225E-001
1.0000000000000000E+000 9.8079729009405519E+000 2.2120244338598085E+000 9.2384776310850225E-001
1.0000000000000000E+000 9.9749999999999979E+000 7.2662125814934519E-001 9.7071067811865475E-001
1.0000000000000000E+000 1.0000000000000000E+001 7.2844236405949392E-001 9.7071067811865475E-001
1.0000000000000000E+000 1.0025000000000000E+001 7.3026346996964264E-001 9.7071067811865475E-001
1.0000000000000000E+000 9.9749999999999996E+000 0.0000000000000000E+000 1.0000000000000000E+000
1.0000000000000000E+000 1.0000000000000000E+001 0.0000000000000000E+000 1.0000000000000000E+000
1.0000000000000000E+000 1.0025000000000000E+001 0.0000000000000000E+000 1.0000000000000000E+000
 --------------------------------------------------------
*material
5
1000.0, 0.0, 1.0, 0.0, 1.0e25
!Young Modulus, Poisson coef, thickness (set to 1.0 if not used), density, Yield Stress
*bcdof   !boundary condition *38
27
1	,	1
2	,	1
3	,	1
37	,	1
38	,	1
39	,	1
73	,	1
74	,	1
75	,	1
1	,	2
2	,	2
3	,	2
37	,	2
38	,	2
39	,	2
73	,	2
74	,	2
75	,	2
1	,	3
2	,	3
3	,	3
37	,	3
38	,	3
39	,	3
73	,	3
74	,	3
75	,	3
--------------------------------------------------------
*loaddof       !load vector
3
106, 2, -4.16666667E-06
107, 2, -4.16666667E-06
108, 2, -4.16666667E-06
*end