*begin
3        !problem dimension
2, 2, 2     !degree of each dimension
18, 3, 3     !control points in each direction
0, 0, 0     !open(0) or closed(1) knot vector
--------------------------------------------------------
*knots    !knot spans
0.0, 0.0, 0.0, 0.0625, 0.125, 0.1875, 0.25, 0.3125, 0.375, 0.4375, 0.5, 0.5625, 0.625, 0.6875, 0.75, 0.8125, 0.875, 0.9375, 1.0, 1.0, 1.0
0.0, 0.0, 0.0, 1.0, 1.0, 1.0
0.0, 0.0, 0.0, 1.0, 1.0, 1.0
--------------------------------------------------------
*element
Hex27
*bnet     !nurbs control points
0.0000000000000000E+000 0.0000000000000000E+000 0.0000000000000000E+000 1.0000000000000000E+000
0.0000000000000000E+000 0.0000000000000000E+000 5.0000000000000003E-002 1.0000000000000000E+000
0.0000000000000000E+000 0.0000000000000000E+000 1.0000000000000001E-001 1.0000000000000000E+000
0.0000000000000000E+000 5.0000000000000000E-001 0.0000000000000000E+000 1.0000000000000000E+000
0.0000000000000000E+000 5.0000000000000000E-001 5.0000000000000003E-002 1.0000000000000000E+000
0.0000000000000000E+000 5.0000000000000000E-001 1.0000000000000001E-001 1.0000000000000000E+000
0.0000000000000000E+000 1.0000000000000000E+000 0.0000000000000000E+000 1.0000000000000000E+000
0.0000000000000000E+000 1.0000000000000000E+000 5.0000000000000003E-002 1.0000000000000000E+000
0.0000000000000000E+000 1.0000000000000000E+000 1.0000000000000001E-001 1.0000000000000000E+000
3.1250000000000006E-001 0.0000000000000000E+000 0.0000000000000000E+000 1.0000000000000000E+000
3.1250000000000006E-001 0.0000000000000000E+000 5.0000000000000003E-002 1.0000000000000000E+000
3.1250000000000006E-001 0.0000000000000000E+000 1.0000000000000001E-001 1.0000000000000000E+000
3.1250000000000006E-001 5.0000000000000000E-001 0.0000000000000000E+000 1.0000000000000000E+000
3.1250000000000006E-001 5.0000000000000000E-001 5.0000000000000003E-002 1.0000000000000000E+000
3.1250000000000006E-001 5.0000000000000000E-001 1.0000000000000001E-001 1.0000000000000000E+000
3.1250000000000006E-001 1.0000000000000000E+000 0.0000000000000000E+000 1.0000000000000000E+000
3.1250000000000006E-001 1.0000000000000000E+000 5.0000000000000003E-002 1.0000000000000000E+000
3.1250000000000006E-001 1.0000000000000000E+000 1.0000000000000001E-001 1.0000000000000000E+000
9.3750000000000033E-001 0.0000000000000000E+000 0.0000000000000000E+000 1.0000000000000000E+000
9.3750000000000033E-001 0.0000000000000000E+000 5.0000000000000003E-002 1.0000000000000000E+000
9.3750000000000033E-001 0.0000000000000000E+000 1.0000000000000001E-001 1.0000000000000000E+000
9.3750000000000033E-001 5.0000000000000000E-001 0.0000000000000000E+000 1.0000000000000000E+000
9.3750000000000033E-001 5.0000000000000000E-001 5.0000000000000003E-002 1.0000000000000000E+000
9.3750000000000033E-001 5.0000000000000000E-001 1.0000000000000001E-001 1.0000000000000000E+000
9.3750000000000033E-001 1.0000000000000000E+000 0.0000000000000000E+000 1.0000000000000000E+000
9.3750000000000033E-001 1.0000000000000000E+000 5.0000000000000003E-002 1.0000000000000000E+000
9.3750000000000033E-001 1.0000000000000000E+000 1.0000000000000001E-001 1.0000000000000000E+000
1.5625000000000004E+000 0.0000000000000000E+000 0.0000000000000000E+000 1.0000000000000000E+000
1.5625000000000004E+000 0.0000000000000000E+000 5.0000000000000003E-002 1.0000000000000000E+000
1.5625000000000004E+000 0.0000000000000000E+000 1.0000000000000001E-001 1.0000000000000000E+000
1.5625000000000004E+000 5.0000000000000000E-001 0.0000000000000000E+000 1.0000000000000000E+000
1.5625000000000004E+000 5.0000000000000000E-001 5.0000000000000003E-002 1.0000000000000000E+000
1.5625000000000004E+000 5.0000000000000000E-001 1.0000000000000001E-001 1.0000000000000000E+000
1.5625000000000004E+000 1.0000000000000000E+000 0.0000000000000000E+000 1.0000000000000000E+000
1.5625000000000004E+000 1.0000000000000000E+000 5.0000000000000003E-002 1.0000000000000000E+000
1.5625000000000004E+000 1.0000000000000000E+000 1.0000000000000001E-001 1.0000000000000000E+000
2.1875000000000004E+000 0.0000000000000000E+000 0.0000000000000000E+000 1.0000000000000000E+000
2.1875000000000004E+000 0.0000000000000000E+000 5.0000000000000003E-002 1.0000000000000000E+000
2.1875000000000004E+000 0.0000000000000000E+000 1.0000000000000001E-001 1.0000000000000000E+000
2.1875000000000004E+000 5.0000000000000000E-001 0.0000000000000000E+000 1.0000000000000000E+000
2.1875000000000004E+000 5.0000000000000000E-001 5.0000000000000003E-002 1.0000000000000000E+000
2.1875000000000004E+000 5.0000000000000000E-001 1.0000000000000001E-001 1.0000000000000000E+000
2.1875000000000004E+000 1.0000000000000000E+000 0.0000000000000000E+000 1.0000000000000000E+000
2.1875000000000004E+000 1.0000000000000000E+000 5.0000000000000003E-002 1.0000000000000000E+000
2.1875000000000004E+000 1.0000000000000000E+000 1.0000000000000001E-001 1.0000000000000000E+000
2.8125000000000004E+000 0.0000000000000000E+000 0.0000000000000000E+000 1.0000000000000000E+000
2.8125000000000004E+000 0.0000000000000000E+000 5.0000000000000003E-002 1.0000000000000000E+000
2.8125000000000004E+000 0.0000000000000000E+000 1.0000000000000001E-001 1.0000000000000000E+000
2.8125000000000004E+000 5.0000000000000000E-001 0.0000000000000000E+000 1.0000000000000000E+000
2.8125000000000004E+000 5.0000000000000000E-001 5.0000000000000003E-002 1.0000000000000000E+000
2.8125000000000004E+000 5.0000000000000000E-001 1.0000000000000001E-001 1.0000000000000000E+000
2.8125000000000004E+000 1.0000000000000000E+000 0.0000000000000000E+000 1.0000000000000000E+000
2.8125000000000004E+000 1.0000000000000000E+000 5.0000000000000003E-002 1.0000000000000000E+000
2.8125000000000004E+000 1.0000000000000000E+000 1.0000000000000001E-001 1.0000000000000000E+000
3.4375000000000000E+000 0.0000000000000000E+000 0.0000000000000000E+000 1.0000000000000000E+000
3.4375000000000000E+000 0.0000000000000000E+000 5.0000000000000003E-002 1.0000000000000000E+000
3.4375000000000000E+000 0.0000000000000000E+000 1.0000000000000001E-001 1.0000000000000000E+000
3.4375000000000000E+000 5.0000000000000000E-001 0.0000000000000000E+000 1.0000000000000000E+000
3.4375000000000000E+000 5.0000000000000000E-001 5.0000000000000003E-002 1.0000000000000000E+000
3.4375000000000000E+000 5.0000000000000000E-001 1.0000000000000001E-001 1.0000000000000000E+000
3.4375000000000000E+000 1.0000000000000000E+000 0.0000000000000000E+000 1.0000000000000000E+000
3.4375000000000000E+000 1.0000000000000000E+000 5.0000000000000003E-002 1.0000000000000000E+000
3.4375000000000000E+000 1.0000000000000000E+000 1.0000000000000001E-001 1.0000000000000000E+000
4.0625000000000000E+000 0.0000000000000000E+000 0.0000000000000000E+000 1.0000000000000000E+000
4.0625000000000000E+000 0.0000000000000000E+000 5.0000000000000003E-002 1.0000000000000000E+000
4.0625000000000000E+000 0.0000000000000000E+000 1.0000000000000001E-001 1.0000000000000000E+000
4.0625000000000000E+000 5.0000000000000000E-001 0.0000000000000000E+000 1.0000000000000000E+000
4.0625000000000000E+000 5.0000000000000000E-001 5.0000000000000003E-002 1.0000000000000000E+000
4.0625000000000000E+000 5.0000000000000000E-001 1.0000000000000001E-001 1.0000000000000000E+000
4.0625000000000000E+000 1.0000000000000000E+000 0.0000000000000000E+000 1.0000000000000000E+000
4.0625000000000000E+000 1.0000000000000000E+000 5.0000000000000003E-002 1.0000000000000000E+000
4.0625000000000000E+000 1.0000000000000000E+000 1.0000000000000001E-001 1.0000000000000000E+000
4.6875000000000000E+000 0.0000000000000000E+000 0.0000000000000000E+000 1.0000000000000000E+000
4.6875000000000000E+000 0.0000000000000000E+000 5.0000000000000003E-002 1.0000000000000000E+000
4.6875000000000000E+000 0.0000000000000000E+000 1.0000000000000001E-001 1.0000000000000000E+000
4.6875000000000000E+000 5.0000000000000000E-001 0.0000000000000000E+000 1.0000000000000000E+000
4.6875000000000000E+000 5.0000000000000000E-001 5.0000000000000003E-002 1.0000000000000000E+000
4.6875000000000000E+000 5.0000000000000000E-001 1.0000000000000001E-001 1.0000000000000000E+000
4.6875000000000000E+000 1.0000000000000000E+000 0.0000000000000000E+000 1.0000000000000000E+000
4.6875000000000000E+000 1.0000000000000000E+000 5.0000000000000003E-002 1.0000000000000000E+000
4.6875000000000000E+000 1.0000000000000000E+000 1.0000000000000001E-001 1.0000000000000000E+000
5.3125000000000000E+000 0.0000000000000000E+000 0.0000000000000000E+000 1.0000000000000000E+000
5.3125000000000000E+000 0.0000000000000000E+000 5.0000000000000003E-002 1.0000000000000000E+000
5.3125000000000000E+000 0.0000000000000000E+000 1.0000000000000001E-001 1.0000000000000000E+000
5.3125000000000000E+000 5.0000000000000000E-001 0.0000000000000000E+000 1.0000000000000000E+000
5.3125000000000000E+000 5.0000000000000000E-001 5.0000000000000003E-002 1.0000000000000000E+000
5.3125000000000000E+000 5.0000000000000000E-001 1.0000000000000001E-001 1.0000000000000000E+000
5.3125000000000000E+000 1.0000000000000000E+000 0.0000000000000000E+000 1.0000000000000000E+000
5.3125000000000000E+000 1.0000000000000000E+000 5.0000000000000003E-002 1.0000000000000000E+000
5.3125000000000000E+000 1.0000000000000000E+000 1.0000000000000001E-001 1.0000000000000000E+000
5.9375000000000000E+000 0.0000000000000000E+000 0.0000000000000000E+000 1.0000000000000000E+000
5.9375000000000000E+000 0.0000000000000000E+000 5.0000000000000003E-002 1.0000000000000000E+000
5.9375000000000000E+000 0.0000000000000000E+000 1.0000000000000001E-001 1.0000000000000000E+000
5.9375000000000000E+000 5.0000000000000000E-001 0.0000000000000000E+000 1.0000000000000000E+000
5.9375000000000000E+000 5.0000000000000000E-001 5.0000000000000003E-002 1.0000000000000000E+000
5.9375000000000000E+000 5.0000000000000000E-001 1.0000000000000001E-001 1.0000000000000000E+000
5.9375000000000000E+000 1.0000000000000000E+000 0.0000000000000000E+000 1.0000000000000000E+000
5.9375000000000000E+000 1.0000000000000000E+000 5.0000000000000003E-002 1.0000000000000000E+000
5.9375000000000000E+000 1.0000000000000000E+000 1.0000000000000001E-001 1.0000000000000000E+000
6.5625000000000000E+000 0.0000000000000000E+000 0.0000000000000000E+000 1.0000000000000000E+000
6.5625000000000000E+000 0.0000000000000000E+000 5.0000000000000003E-002 1.0000000000000000E+000
6.5625000000000000E+000 0.0000000000000000E+000 1.0000000000000001E-001 1.0000000000000000E+000
6.5625000000000000E+000 5.0000000000000000E-001 0.0000000000000000E+000 1.0000000000000000E+000
6.5625000000000000E+000 5.0000000000000000E-001 5.0000000000000003E-002 1.0000000000000000E+000
6.5625000000000000E+000 5.0000000000000000E-001 1.0000000000000001E-001 1.0000000000000000E+000
6.5625000000000000E+000 1.0000000000000000E+000 0.0000000000000000E+000 1.0000000000000000E+000
6.5625000000000000E+000 1.0000000000000000E+000 5.0000000000000003E-002 1.0000000000000000E+000
6.5625000000000000E+000 1.0000000000000000E+000 1.0000000000000001E-001 1.0000000000000000E+000
7.1875000000000000E+000 0.0000000000000000E+000 0.0000000000000000E+000 1.0000000000000000E+000
7.1875000000000000E+000 0.0000000000000000E+000 5.0000000000000003E-002 1.0000000000000000E+000
7.1875000000000000E+000 0.0000000000000000E+000 1.0000000000000001E-001 1.0000000000000000E+000
7.1875000000000000E+000 5.0000000000000000E-001 0.0000000000000000E+000 1.0000000000000000E+000
7.1875000000000000E+000 5.0000000000000000E-001 5.0000000000000003E-002 1.0000000000000000E+000
7.1875000000000000E+000 5.0000000000000000E-001 1.0000000000000001E-001 1.0000000000000000E+000
7.1875000000000000E+000 1.0000000000000000E+000 0.0000000000000000E+000 1.0000000000000000E+000
7.1875000000000000E+000 1.0000000000000000E+000 5.0000000000000003E-002 1.0000000000000000E+000
7.1875000000000000E+000 1.0000000000000000E+000 1.0000000000000001E-001 1.0000000000000000E+000
7.8125000000000000E+000 0.0000000000000000E+000 0.0000000000000000E+000 1.0000000000000000E+000
7.8125000000000000E+000 0.0000000000000000E+000 5.0000000000000003E-002 1.0000000000000000E+000
7.8125000000000000E+000 0.0000000000000000E+000 1.0000000000000001E-001 1.0000000000000000E+000
7.8125000000000000E+000 5.0000000000000000E-001 0.0000000000000000E+000 1.0000000000000000E+000
7.8125000000000000E+000 5.0000000000000000E-001 5.0000000000000003E-002 1.0000000000000000E+000
7.8125000000000000E+000 5.0000000000000000E-001 1.0000000000000001E-001 1.0000000000000000E+000
7.8125000000000000E+000 1.0000000000000000E+000 0.0000000000000000E+000 1.0000000000000000E+000
7.8125000000000000E+000 1.0000000000000000E+000 5.0000000000000003E-002 1.0000000000000000E+000
7.8125000000000000E+000 1.0000000000000000E+000 1.0000000000000001E-001 1.0000000000000000E+000
8.4375000000000000E+000 0.0000000000000000E+000 0.0000000000000000E+000 1.0000000000000000E+000
8.4375000000000000E+000 0.0000000000000000E+000 5.0000000000000003E-002 1.0000000000000000E+000
8.4375000000000000E+000 0.0000000000000000E+000 1.0000000000000001E-001 1.0000000000000000E+000
8.4375000000000000E+000 5.0000000000000000E-001 0.0000000000000000E+000 1.0000000000000000E+000
8.4375000000000000E+000 5.0000000000000000E-001 5.0000000000000003E-002 1.0000000000000000E+000
8.4375000000000000E+000 5.0000000000000000E-001 1.0000000000000001E-001 1.0000000000000000E+000
8.4375000000000000E+000 1.0000000000000000E+000 0.0000000000000000E+000 1.0000000000000000E+000
8.4375000000000000E+000 1.0000000000000000E+000 5.0000000000000003E-002 1.0000000000000000E+000
8.4375000000000000E+000 1.0000000000000000E+000 1.0000000000000001E-001 1.0000000000000000E+000
9.0625000000000000E+000 0.0000000000000000E+000 0.0000000000000000E+000 1.0000000000000000E+000
9.0625000000000000E+000 0.0000000000000000E+000 5.0000000000000003E-002 1.0000000000000000E+000
9.0625000000000000E+000 0.0000000000000000E+000 1.0000000000000001E-001 1.0000000000000000E+000
9.0625000000000000E+000 5.0000000000000000E-001 0.0000000000000000E+000 1.0000000000000000E+000
9.0625000000000000E+000 5.0000000000000000E-001 5.0000000000000003E-002 1.0000000000000000E+000
9.0625000000000000E+000 5.0000000000000000E-001 1.0000000000000001E-001 1.0000000000000000E+000
9.0625000000000000E+000 1.0000000000000000E+000 0.0000000000000000E+000 1.0000000000000000E+000
9.0625000000000000E+000 1.0000000000000000E+000 5.0000000000000003E-002 1.0000000000000000E+000
9.0625000000000000E+000 1.0000000000000000E+000 1.0000000000000001E-001 1.0000000000000000E+000
9.6875000000000000E+000 0.0000000000000000E+000 0.0000000000000000E+000 1.0000000000000000E+000
9.6875000000000000E+000 0.0000000000000000E+000 5.0000000000000003E-002 1.0000000000000000E+000
9.6875000000000000E+000 0.0000000000000000E+000 1.0000000000000001E-001 1.0000000000000000E+000
9.6875000000000000E+000 5.0000000000000000E-001 0.0000000000000000E+000 1.0000000000000000E+000
9.6875000000000000E+000 5.0000000000000000E-001 5.0000000000000003E-002 1.0000000000000000E+000
9.6875000000000000E+000 5.0000000000000000E-001 1.0000000000000001E-001 1.0000000000000000E+000
9.6875000000000000E+000 1.0000000000000000E+000 0.0000000000000000E+000 1.0000000000000000E+000
9.6875000000000000E+000 1.0000000000000000E+000 5.0000000000000003E-002 1.0000000000000000E+000
9.6875000000000000E+000 1.0000000000000000E+000 1.0000000000000001E-001 1.0000000000000000E+000
1.0000000000000000E+001 0.0000000000000000E+000 0.0000000000000000E+000 1.0000000000000000E+000
1.0000000000000000E+001 0.0000000000000000E+000 5.0000000000000003E-002 1.0000000000000000E+000
1.0000000000000000E+001 0.0000000000000000E+000 1.0000000000000001E-001 1.0000000000000000E+000
1.0000000000000000E+001 5.0000000000000000E-001 0.0000000000000000E+000 1.0000000000000000E+000
1.0000000000000000E+001 5.0000000000000000E-001 5.0000000000000003E-002 1.0000000000000000E+000
1.0000000000000000E+001 5.0000000000000000E-001 1.0000000000000001E-001 1.0000000000000000E+000
1.0000000000000000E+001 1.0000000000000000E+000 0.0000000000000000E+000 1.0000000000000000E+000
1.0000000000000000E+001 1.0000000000000000E+000 5.0000000000000003E-002 1.0000000000000000E+000
1.0000000000000000E+001 1.0000000000000000E+000 1.0000000000000001E-001 1.0000000000000000E+000
-------------------------------------------------------
*material
5
1.0e7, 0.3, 1.0, 0.0, 1.0e25 
------------------------------------------------------------------------------------------------------
*NLGeom
*Increments
10
*Iterations
25
------------------------------------------------------------------------------------------------------
*bcdof   !boundary condition
27
  1, 1
 19, 1
 37, 1
 55, 1
 73, 1
 91, 1
109, 1
127, 1
145, 1
  1, 2
 19, 2
 37, 2
 55, 2
 73, 2
 91, 2
109, 2
127, 2
145, 2
  1, 3
 19, 3
 37, 3
 55, 3
 73, 3
 91, 3
109, 3
127, 3
145, 3
--------------------------------------------------------
*loaddof
9
 18, 3, -3.333333
 72, 3, -6.666666
126, 3, -3.333333
 36, 3, -3.333333
 90, 3, -6.666666
144, 3, -3.333333
 54, 3, -3.333333
108, 3, -6.666666
162, 3, -3.333333
*end