!---------------------------------------------------------------------------
!
! Mesh Distortion Test
!
!---------------------------------------------------------------------------
*begin
3           !problem dimension
2, 2, 2     !degree of each dimension
3, 4, 3     !control points in each direction
0, 0, 0     !open(0) or closed(1) knot vector
--------------------------------------------------------
*knots    !knot spans
0.0, 0.0, 0.0, 1.0, 1.0, 1.0
0.0, 0.0, 0.0, 0.5, 1.0, 1.0, 1.0
0.0, 0.0, 0.0, 1.0, 1.0, 1.0
--------------------------------------------------------
*element
Hex27ANS
*bnet     !nurbs control points
0.0000000000000000E+000 0.0000000000000000E+000 0.0000000000000000E+000 1.0000000000000000E+000
0.0000000000000000E+000 0.0000000000000000E+000 1.0000000000000000E+000 1.0000000000000000E+000
0.0000000000000000E+000 0.0000000000000000E+000 2.0000000000000000E+000 1.0000000000000000E+000
0.0000000000000000E+000 2.5000000000000000E+000 0.0000000000000000E+000 1.0000000000000000E+000
0.0000000000000000E+000 2.5000000000000000E+000 1.0000000000000000E+000 1.0000000000000000E+000
0.0000000000000000E+000 2.5000000000000000E+000 2.0000000000000000E+000 1.0000000000000000E+000
0.0000000000000000E+000 7.5000000000000000E+000 0.0000000000000000E+000 1.0000000000000000E+000
0.0000000000000000E+000 7.5000000000000000E+000 1.0000000000000000E+000 1.0000000000000000E+000
0.0000000000000000E+000 7.5000000000000000E+000 2.0000000000000000E+000 1.0000000000000000E+000
0.0000000000000000E+000 1.0000000000000000E+001 0.0000000000000000E+000 1.0000000000000000E+000
0.0000000000000000E+000 1.0000000000000000E+001 1.0000000000000000E+000 1.0000000000000000E+000
0.0000000000000000E+000 1.0000000000000000E+001 2.0000000000000000E+000 1.0000000000000000E+000
1.0000000000000000E+000 0.0000000000000000E+000 0.0000000000000000E+000 1.0000000000000000E+000
1.0000000000000000E+000 0.0000000000000000E+000 1.0000000000000000E+000 1.0000000000000000E+000
1.0000000000000000E+000 0.0000000000000000E+000 2.0000000000000000E+000 1.0000000000000000E+000
1.0000000000000000E+000 2.5000000000000000E+000 0.0000000000000000E+000 1.0000000000000000E+000
1.0000000000000000E+000 2.5000000000000000E+000 1.0000000000000000E+000 1.0000000000000000E+000
1.0000000000000000E+000 2.5000000000000000E+000 2.0000000000000000E+000 1.0000000000000000E+000
1.0000000000000000E+000 7.5000000000000000E+000 0.0000000000000000E+000 1.0000000000000000E+000
1.0000000000000000E+000 7.5000000000000000E+000 1.0000000000000000E+000 1.0000000000000000E+000
1.0000000000000000E+000 7.5000000000000000E+000 2.0000000000000000E+000 1.0000000000000000E+000
1.0000000000000000E+000 1.0000000000000000E+001 0.0000000000000000E+000 1.0000000000000000E+000
1.0000000000000000E+000 1.0000000000000000E+001 1.0000000000000000E+000 1.0000000000000000E+000
1.0000000000000000E+000 1.0000000000000000E+001 2.0000000000000000E+000 1.0000000000000000E+000
2.0000000000000000E+000 0.0000000000000000E+000 0.0000000000000000E+000 1.0000000000000000E+000
2.0000000000000000E+000 0.0000000000000000E+000 1.0000000000000000E+000 1.0000000000000000E+000
2.0000000000000000E+000 0.0000000000000000E+000 2.0000000000000000E+000 1.0000000000000000E+000
2.0000000000000000E+000 2.5000000000000000E+000 0.0000000000000000E+000 1.0000000000000000E+000
2.0000000000000000E+000 2.5000000000000000E+000 1.0000000000000000E+000 1.0000000000000000E+000
2.0000000000000000E+000 2.5000000000000000E+000 2.0000000000000000E+000 1.0000000000000000E+000
2.0000000000000000E+000 7.5000000000000000E+000 0.0000000000000000E+000 1.0000000000000000E+000
2.0000000000000000E+000 7.5000000000000000E+000 1.0000000000000000E+000 1.0000000000000000E+000
2.0000000000000000E+000 7.5000000000000000E+000 2.0000000000000000E+000 1.0000000000000000E+000
2.0000000000000000E+000 1.0000000000000000E+001 0.0000000000000000E+000 1.0000000000000000E+000
2.0000000000000000E+000 1.0000000000000000E+001 1.0000000000000000E+000 1.0000000000000000E+000
2.0000000000000000E+000 1.0000000000000000E+001 2.0000000000000000E+000 1.0000000000000000E+000
 --------------------------------------------------------
*material
5
2.1e5, 0.0, 1.0, 0.0, 1.0e25
!Young Modulus, Poisson coef, thickness (set to 1.0 if not used), density, Yield Stress
*bcdof
12
1, 1
1, 2
1, 3
2, 2
3, 2
3, 3
13, 2
14, 2
15, 2
25, 2
26, 2
27, 2
--------------------------------------------------------
*loaddof       !load vector
6
34, 2, -5.0
35, 2, -10.0
36, 2, -5.0
10, 2,  5.0
11, 2,  10.0
12, 2,  5.0
*end




0.0000000000000000E+000 0.0000000000000000E+000 0.0000000000000000E+000 1.0000000000000000E+000
0.0000000000000000E+000 0.0000000000000000E+000 1.0000000000000000E+000 1.0000000000000000E+000
0.0000000000000000E+000 0.0000000000000000E+000 2.0000000000000000E+000 1.0000000000000000E+000
0.0000000000000000E+000 2.0000000000000000E+000 0.0000000000000000E+000 1.0000000000000000E+000
0.0000000000000000E+000 2.5000000000000000E+000 1.0000000000000000E+000 1.0000000000000000E+000
0.0000000000000000E+000 3.0000000000000000E+000 2.0000000000000000E+000 1.0000000000000000E+000
0.0000000000000000E+000 7.0000000000000000E+000 0.0000000000000000E+000 1.0000000000000000E+000
0.0000000000000000E+000 7.5000000000000000E+000 1.0000000000000000E+000 1.0000000000000000E+000
0.0000000000000000E+000 8.0000000000000000E+000 2.0000000000000000E+000 1.0000000000000000E+000
0.0000000000000000E+000 1.0000000000000000E+001 0.0000000000000000E+000 1.0000000000000000E+000
0.0000000000000000E+000 1.0000000000000000E+001 1.0000000000000000E+000 1.0000000000000000E+000
0.0000000000000000E+000 1.0000000000000000E+001 2.0000000000000000E+000 1.0000000000000000E+000
1.0000000000000000E+000 0.0000000000000000E+000 0.0000000000000000E+000 1.0000000000000000E+000
1.0000000000000000E+000 0.0000000000000000E+000 1.0000000000000000E+000 1.0000000000000000E+000
1.0000000000000000E+000 0.0000000000000000E+000 2.0000000000000000E+000 1.0000000000000000E+000
1.0000000000000000E+000 2.0000000000000000E+000 0.0000000000000000E+000 1.0000000000000000E+000
1.0000000000000000E+000 2.5000000000000000E+000 1.0000000000000000E+000 1.0000000000000000E+000
1.0000000000000000E+000 3.0000000000000000E+000 2.0000000000000000E+000 1.0000000000000000E+000
1.0000000000000000E+000 7.0000000000000000E+000 0.0000000000000000E+000 1.0000000000000000E+000
1.0000000000000000E+000 7.5000000000000000E+000 1.0000000000000000E+000 1.0000000000000000E+000
1.0000000000000000E+000 8.0000000000000000E+000 2.0000000000000000E+000 1.0000000000000000E+000
1.0000000000000000E+000 1.0000000000000000E+001 0.0000000000000000E+000 1.0000000000000000E+000
1.0000000000000000E+000 1.0000000000000000E+001 1.0000000000000000E+000 1.0000000000000000E+000
1.0000000000000000E+000 1.0000000000000000E+001 2.0000000000000000E+000 1.0000000000000000E+000
2.0000000000000000E+000 0.0000000000000000E+000 0.0000000000000000E+000 1.0000000000000000E+000
2.0000000000000000E+000 0.0000000000000000E+000 1.0000000000000000E+000 1.0000000000000000E+000
2.0000000000000000E+000 0.0000000000000000E+000 2.0000000000000000E+000 1.0000000000000000E+000
2.0000000000000000E+000 2.0000000000000000E+000 0.0000000000000000E+000 1.0000000000000000E+000
2.0000000000000000E+000 2.5000000000000000E+000 1.0000000000000000E+000 1.0000000000000000E+000
2.0000000000000000E+000 3.0000000000000000E+000 2.0000000000000000E+000 1.0000000000000000E+000
2.0000000000000000E+000 7.0000000000000000E+000 0.0000000000000000E+000 1.0000000000000000E+000
2.0000000000000000E+000 7.5000000000000000E+000 1.0000000000000000E+000 1.0000000000000000E+000
2.0000000000000000E+000 8.0000000000000000E+000 2.0000000000000000E+000 1.0000000000000000E+000
2.0000000000000000E+000 1.0000000000000000E+001 0.0000000000000000E+000 1.0000000000000000E+000
2.0000000000000000E+000 1.0000000000000000E+001 1.0000000000000000E+000 1.0000000000000000E+000
2.0000000000000000E+000 1.0000000000000000E+001 2.0000000000000000E+000 1.0000000000000000E+000