------------------------------------------------------------------------------------------------------
Membrane Bending Example
------------------------------------------------------------------------------------------------------
*begin
3        !problem dimension
2, 2, 2     !degree of each dimension
4, 3, 3     !control points in each direction
0, 0, 0     !open(0) or closed(1) knot vector
------------------------------------------------------------------------------------------------------
*knots    !knot spans
0.0, 0.0, 0.0, 0.5, 1.0, 1.0, 1.0  
0.0, 0.0, 0.0, 1.0, 1.0, 1.0
0.0, 0.0, 0.0, 1.0, 1.0, 1.0
--------------------------------------------------------------------------------------------------------------------------------------------------------------
*element
Hex27
*bnet     !nurbs control points
0.0000000000000000E+000 0.0000000000000000E+000 0.0000000000000000E+000 1.0000000000000000E+000
0.0000000000000000E+000 0.0000000000000000E+000 5.0000000000000003E-002 1.0000000000000000E+000
0.0000000000000000E+000 0.0000000000000000E+000 1.0000000000000001E-001 1.0000000000000000E+000
0.0000000000000000E+000 5.0000000000000003E-002 0.0000000000000000E+000 1.0000000000000000E+000
0.0000000000000000E+000 5.0000000000000003E-002 5.0000000000000003E-002 1.0000000000000000E+000
0.0000000000000000E+000 5.0000000000000003E-002 1.0000000000000001E-001 1.0000000000000000E+000
0.0000000000000000E+000 1.0000000000000001E-001 0.0000000000000000E+000 1.0000000000000000E+000
0.0000000000000000E+000 1.0000000000000001E-001 5.0000000000000003E-002 1.0000000000000000E+000
0.0000000000000000E+000 1.0000000000000001E-001 1.0000000000000001E-001 1.0000000000000000E+000
2.5000000000000000E-001 0.0000000000000000E+000 0.0000000000000000E+000 1.0000000000000000E+000
2.5000000000000000E-001 0.0000000000000000E+000 5.0000000000000003E-002 1.0000000000000000E+000
2.5000000000000000E-001 0.0000000000000000E+000 1.0000000000000001E-001 1.0000000000000000E+000
2.5000000000000000E-001 5.0000000000000003E-002 0.0000000000000000E+000 1.0000000000000000E+000
2.5000000000000000E-001 5.0000000000000003E-002 5.0000000000000003E-002 1.0000000000000000E+000
2.5000000000000000E-001 5.0000000000000003E-002 1.0000000000000001E-001 1.0000000000000000E+000
2.5000000000000000E-001 1.0000000000000001E-001 0.0000000000000000E+000 1.0000000000000000E+000
2.5000000000000000E-001 1.0000000000000001E-001 5.0000000000000003E-002 1.0000000000000000E+000
2.5000000000000000E-001 1.0000000000000001E-001 1.0000000000000001E-001 1.0000000000000000E+000
7.5000000000000000E-001 0.0000000000000000E+000 0.0000000000000000E+000 1.0000000000000000E+000
7.5000000000000000E-001 0.0000000000000000E+000 5.0000000000000003E-002 1.0000000000000000E+000
7.5000000000000000E-001 0.0000000000000000E+000 1.0000000000000001E-001 1.0000000000000000E+000
7.5000000000000000E-001 5.0000000000000003E-002 0.0000000000000000E+000 1.0000000000000000E+000
7.5000000000000000E-001 5.0000000000000003E-002 5.0000000000000003E-002 1.0000000000000000E+000
7.5000000000000000E-001 5.0000000000000003E-002 1.0000000000000001E-001 1.0000000000000000E+000
7.5000000000000000E-001 1.0000000000000001E-001 0.0000000000000000E+000 1.0000000000000000E+000
7.5000000000000000E-001 1.0000000000000001E-001 5.0000000000000003E-002 1.0000000000000000E+000
7.5000000000000000E-001 1.0000000000000001E-001 1.0000000000000001E-001 1.0000000000000000E+000
1.0000000000000000E+000 0.0000000000000000E+000 0.0000000000000000E+000 1.0000000000000000E+000
1.0000000000000000E+000 0.0000000000000000E+000 5.0000000000000003E-002 1.0000000000000000E+000
1.0000000000000000E+000 0.0000000000000000E+000 1.0000000000000001E-001 1.0000000000000000E+000
1.0000000000000000E+000 5.0000000000000003E-002 0.0000000000000000E+000 1.0000000000000000E+000
1.0000000000000000E+000 5.0000000000000003E-002 5.0000000000000003E-002 1.0000000000000000E+000
1.0000000000000000E+000 5.0000000000000003E-002 1.0000000000000001E-001 1.0000000000000000E+000
1.0000000000000000E+000 1.0000000000000001E-001 0.0000000000000000E+000 1.0000000000000000E+000
1.0000000000000000E+000 1.0000000000000001E-001 5.0000000000000003E-002 1.0000000000000000E+000
1.0000000000000000E+000 1.0000000000000001E-001 1.0000000000000001E-001 1.0000000000000000E+000
------------------------------------------------------------------------------------------------------
*material
6
1.0e7, 0.3, 1.0, 0.0, 1.0e25, 0.0
------------------------------------------------------------------------------------------------------
*NLGeom
*Increments
10
*Iterations
25
------------------------------------------------------------------------------------------------------
*bcdof
27
 1, 1
 5, 1
 9, 1
13, 1
17, 1
21, 1
25, 1
29, 1
33, 1
 1, 2
 5, 2
 9, 2
13, 2
17, 2
21, 2
25, 2
29, 2
33, 2
 1, 3
 5, 3
 9, 3
13, 3
17, 3
21, 3
25, 3
29, 3
33, 3
------------------------------------------------------------------------------------------------------
*loaddof
9
  4, 2,  83.33333
  8, 2, 166.66666
 12, 2,  83.33333
 16, 2,  83.33333
 20, 2, 166.66666
 24, 2,  83.33333
 28, 2,  83.33333
 32, 2, 166.66666
 36, 2,  83.33333
*end