*begin
3        !problem dimension
2, 2, 2     !degree of each dimension
21, 4, 3     !control points in each direction
0, 0, 0     !open(0) or closed(1) knot vector
--------------------------------------------------------
*knots    !knot spans
0.0, 0.0, 0.0, 0.0625, 0.125, 0.1875, 0.25, 0.25, 0.3125, 0.375, 0.4375, 0.5, 0.5, 0.5625, 0.625, 0.6875, 0.75, 0.75, 0.8125, 0.875, 0.9375, 1.0, 1.0, 1.0  
0.0, 0.0, 0.0, 0.5, 1.0, 1.0, 1.0
0.0, 0.0, 0.0, 1.0, 1.0, 1.0
--------------------------------------------------------
*element
Hex27ANS
*bnet     !nurbs control points
6.0000000000000000E+000 0.0000000000000000E+000 0.0000000000000000E+000 1.0000000000000000E+000
6.0000000000000000E+000 0.0000000000000000E+000 1.4999999999999999E-002 1.0000000000000000E+000
6.0000000000000000E+000 0.0000000000000000E+000 2.9999999999999999E-002 1.0000000000000000E+000
7.0000000000000000E+000 0.0000000000000000E+000 0.0000000000000000E+000 1.0000000000000000E+000
7.0000000000000000E+000 0.0000000000000000E+000 1.4999999999999999E-002 1.0000000000000000E+000
7.0000000000000000E+000 0.0000000000000000E+000 2.9999999999999999E-002 1.0000000000000000E+000
9.0000000000000000E+000 0.0000000000000000E+000 0.0000000000000000E+000 1.0000000000000000E+000
9.0000000000000000E+000 0.0000000000000000E+000 1.4999999999999999E-002 1.0000000000000000E+000
9.0000000000000000E+000 0.0000000000000000E+000 2.9999999999999999E-002 1.0000000000000000E+000
1.0000000000000000E+001 0.0000000000000000E+000 0.0000000000000000E+000 1.0000000000000000E+000
1.0000000000000000E+001 0.0000000000000000E+000 1.4999999999999999E-002 1.0000000000000000E+000
1.0000000000000000E+001 0.0000000000000000E+000 2.9999999999999999E-002 1.0000000000000000E+000
6.0000000000000000E+000 1.1444614189832771E+000 0.0000000000000000E+000 9.2677669529663687E-001
6.0000000000000000E+000 1.1444614189832771E+000 1.4999999999999999E-002 9.2677669529663687E-001
6.0000000000000000E+000 1.1444614189832771E+000 2.9999999999999999E-002 9.2677669529663687E-001
6.9999999999999991E+000 1.3352049888138231E+000 0.0000000000000000E+000 9.2677669529663687E-001
6.9999999999999991E+000 1.3352049888138231E+000 1.4999999999999999E-002 9.2677669529663687E-001
6.9999999999999991E+000 1.3352049888138231E+000 2.9999999999999999E-002 9.2677669529663687E-001
9.0000000000000000E+000 1.7166921284749157E+000 0.0000000000000000E+000 9.2677669529663687E-001
9.0000000000000000E+000 1.7166921284749157E+000 1.4999999999999999E-002 9.2677669529663687E-001
9.0000000000000000E+000 1.7166921284749157E+000 2.9999999999999999E-002 9.2677669529663687E-001
1.0000000000000000E+001 1.9074356983054617E+000 0.0000000000000000E+000 9.2677669529663687E-001
1.0000000000000000E+001 1.9074356983054617E+000 1.4999999999999999E-002 9.2677669529663687E-001
1.0000000000000000E+001 1.9074356983054617E+000 2.9999999999999999E-002 9.2677669529663687E-001
5.1213203435596419E+000 3.3639610306789276E+000 0.0000000000000000E+000 8.5355339059327373E-001
5.1213203435596419E+000 3.3639610306789276E+000 1.4999999999999998E-002 8.5355339059327373E-001
5.1213203435596419E+000 3.3639610306789276E+000 2.9999999999999995E-002 8.5355339059327373E-001
5.9748737341529159E+000 3.9246212024587486E+000 0.0000000000000000E+000 8.5355339059327373E-001
5.9748737341529159E+000 3.9246212024587486E+000 1.4999999999999998E-002 8.5355339059327373E-001
5.9748737341529159E+000 3.9246212024587486E+000 2.9999999999999995E-002 8.5355339059327373E-001
7.6819805153394629E+000 5.0459415460183914E+000 0.0000000000000000E+000 8.5355339059327373E-001
7.6819805153394629E+000 5.0459415460183914E+000 1.4999999999999998E-002 8.5355339059327373E-001
7.6819805153394629E+000 5.0459415460183914E+000 2.9999999999999995E-002 8.5355339059327373E-001
8.5355339059327378E+000 5.6066017177982133E+000 0.0000000000000000E+000 8.5355339059327373E-001
8.5355339059327378E+000 5.6066017177982133E+000 1.4999999999999998E-002 8.5355339059327373E-001
8.5355339059327378E+000 5.6066017177982133E+000 2.9999999999999995E-002 8.5355339059327373E-001
3.3639610306789276E+000 5.1213203435596419E+000 0.0000000000000000E+000 8.5355339059327373E-001
3.3639610306789276E+000 5.1213203435596419E+000 1.4999999999999998E-002 8.5355339059327373E-001
3.3639610306789276E+000 5.1213203435596419E+000 2.9999999999999995E-002 8.5355339059327373E-001
3.9246212024587486E+000 5.9748737341529159E+000 0.0000000000000000E+000 8.5355339059327373E-001
3.9246212024587486E+000 5.9748737341529159E+000 1.4999999999999998E-002 8.5355339059327373E-001
3.9246212024587486E+000 5.9748737341529159E+000 2.9999999999999995E-002 8.5355339059327373E-001
5.0459415460183914E+000 7.6819805153394638E+000 0.0000000000000000E+000 8.5355339059327373E-001
5.0459415460183914E+000 7.6819805153394638E+000 1.4999999999999998E-002 8.5355339059327373E-001
5.0459415460183914E+000 7.6819805153394638E+000 2.9999999999999995E-002 8.5355339059327373E-001
5.6066017177982133E+000 8.5355339059327378E+000 0.0000000000000000E+000 8.5355339059327373E-001
5.6066017177982133E+000 8.5355339059327378E+000 1.4999999999999998E-002 8.5355339059327373E-001
5.6066017177982133E+000 8.5355339059327378E+000 2.9999999999999995E-002 8.5355339059327373E-001
1.1444614189832771E+000 6.0000000000000000E+000 0.0000000000000000E+000 9.2677669529663687E-001
1.1444614189832771E+000 6.0000000000000000E+000 1.4999999999999999E-002 9.2677669529663687E-001
1.1444614189832771E+000 6.0000000000000000E+000 2.9999999999999999E-002 9.2677669529663687E-001
1.3352049888138231E+000 6.9999999999999991E+000 0.0000000000000000E+000 9.2677669529663687E-001
1.3352049888138231E+000 6.9999999999999991E+000 1.4999999999999999E-002 9.2677669529663687E-001
1.3352049888138231E+000 6.9999999999999991E+000 2.9999999999999999E-002 9.2677669529663687E-001
1.7166921284749157E+000 9.0000000000000000E+000 0.0000000000000000E+000 9.2677669529663687E-001
1.7166921284749157E+000 9.0000000000000000E+000 1.4999999999999999E-002 9.2677669529663687E-001
1.7166921284749157E+000 9.0000000000000000E+000 2.9999999999999999E-002 9.2677669529663687E-001
1.9074356983054617E+000 1.0000000000000000E+001 0.0000000000000000E+000 9.2677669529663687E-001
1.9074356983054617E+000 1.0000000000000000E+001 1.4999999999999999E-002 9.2677669529663687E-001
1.9074356983054617E+000 1.0000000000000000E+001 2.9999999999999999E-002 9.2677669529663687E-001
0.0000000000000000E+000 6.0000000000000000E+000 0.0000000000000000E+000 1.0000000000000000E+000
0.0000000000000000E+000 6.0000000000000000E+000 1.4999999999999999E-002 1.0000000000000000E+000
0.0000000000000000E+000 6.0000000000000000E+000 2.9999999999999999E-002 1.0000000000000000E+000
0.0000000000000000E+000 7.0000000000000000E+000 0.0000000000000000E+000 1.0000000000000000E+000
0.0000000000000000E+000 7.0000000000000000E+000 1.4999999999999999E-002 1.0000000000000000E+000
0.0000000000000000E+000 7.0000000000000000E+000 2.9999999999999999E-002 1.0000000000000000E+000
0.0000000000000000E+000 9.0000000000000000E+000 0.0000000000000000E+000 1.0000000000000000E+000
0.0000000000000000E+000 9.0000000000000000E+000 1.4999999999999999E-002 1.0000000000000000E+000
0.0000000000000000E+000 9.0000000000000000E+000 2.9999999999999999E-002 1.0000000000000000E+000
0.0000000000000000E+000 1.0000000000000000E+001 0.0000000000000000E+000 1.0000000000000000E+000
0.0000000000000000E+000 1.0000000000000000E+001 1.4999999999999999E-002 1.0000000000000000E+000
0.0000000000000000E+000 1.0000000000000000E+001 2.9999999999999999E-002 1.0000000000000000E+000
-1.1444614189832771E+000 6.0000000000000000E+000 0.0000000000000000E+000 9.2677669529663687E-001
-1.1444614189832771E+000 6.0000000000000000E+000 1.4999999999999999E-002 9.2677669529663687E-001
-1.1444614189832771E+000 6.0000000000000000E+000 2.9999999999999999E-002 9.2677669529663687E-001
-1.3352049888138231E+000 6.9999999999999991E+000 0.0000000000000000E+000 9.2677669529663687E-001
-1.3352049888138231E+000 6.9999999999999991E+000 1.4999999999999999E-002 9.2677669529663687E-001
-1.3352049888138231E+000 6.9999999999999991E+000 2.9999999999999999E-002 9.2677669529663687E-001
-1.7166921284749157E+000 9.0000000000000000E+000 0.0000000000000000E+000 9.2677669529663687E-001
-1.7166921284749157E+000 9.0000000000000000E+000 1.4999999999999999E-002 9.2677669529663687E-001
-1.7166921284749157E+000 9.0000000000000000E+000 2.9999999999999999E-002 9.2677669529663687E-001
-1.9074356983054617E+000 1.0000000000000000E+001 0.0000000000000000E+000 9.2677669529663687E-001
-1.9074356983054617E+000 1.0000000000000000E+001 1.4999999999999999E-002 9.2677669529663687E-001
-1.9074356983054617E+000 1.0000000000000000E+001 2.9999999999999999E-002 9.2677669529663687E-001
-3.3639610306789276E+000 5.1213203435596419E+000 0.0000000000000000E+000 8.5355339059327373E-001
-3.3639610306789276E+000 5.1213203435596419E+000 1.4999999999999998E-002 8.5355339059327373E-001
-3.3639610306789276E+000 5.1213203435596419E+000 2.9999999999999995E-002 8.5355339059327373E-001
-3.9246212024587486E+000 5.9748737341529159E+000 0.0000000000000000E+000 8.5355339059327373E-001
-3.9246212024587486E+000 5.9748737341529159E+000 1.4999999999999998E-002 8.5355339059327373E-001
-3.9246212024587486E+000 5.9748737341529159E+000 2.9999999999999995E-002 8.5355339059327373E-001
-5.0459415460183914E+000 7.6819805153394629E+000 0.0000000000000000E+000 8.5355339059327373E-001
-5.0459415460183914E+000 7.6819805153394629E+000 1.4999999999999998E-002 8.5355339059327373E-001
-5.0459415460183914E+000 7.6819805153394629E+000 2.9999999999999995E-002 8.5355339059327373E-001
-5.6066017177982133E+000 8.5355339059327378E+000 0.0000000000000000E+000 8.5355339059327373E-001
-5.6066017177982133E+000 8.5355339059327378E+000 1.4999999999999998E-002 8.5355339059327373E-001
-5.6066017177982133E+000 8.5355339059327378E+000 2.9999999999999995E-002 8.5355339059327373E-001
-5.1213203435596419E+000 3.3639610306789276E+000 0.0000000000000000E+000 8.5355339059327373E-001
-5.1213203435596419E+000 3.3639610306789276E+000 1.4999999999999998E-002 8.5355339059327373E-001
-5.1213203435596419E+000 3.3639610306789276E+000 2.9999999999999995E-002 8.5355339059327373E-001
-5.9748737341529159E+000 3.9246212024587486E+000 0.0000000000000000E+000 8.5355339059327373E-001
-5.9748737341529159E+000 3.9246212024587486E+000 1.4999999999999998E-002 8.5355339059327373E-001
-5.9748737341529159E+000 3.9246212024587486E+000 2.9999999999999995E-002 8.5355339059327373E-001
-7.6819805153394638E+000 5.0459415460183914E+000 0.0000000000000000E+000 8.5355339059327373E-001
-7.6819805153394638E+000 5.0459415460183914E+000 1.4999999999999998E-002 8.5355339059327373E-001
-7.6819805153394638E+000 5.0459415460183914E+000 2.9999999999999995E-002 8.5355339059327373E-001
-8.5355339059327378E+000 5.6066017177982133E+000 0.0000000000000000E+000 8.5355339059327373E-001
-8.5355339059327378E+000 5.6066017177982133E+000 1.4999999999999998E-002 8.5355339059327373E-001
-8.5355339059327378E+000 5.6066017177982133E+000 2.9999999999999995E-002 8.5355339059327373E-001
-6.0000000000000000E+000 1.1444614189832771E+000 0.0000000000000000E+000 9.2677669529663687E-001
-6.0000000000000000E+000 1.1444614189832771E+000 1.4999999999999999E-002 9.2677669529663687E-001
-6.0000000000000000E+000 1.1444614189832771E+000 2.9999999999999999E-002 9.2677669529663687E-001
-6.9999999999999991E+000 1.3352049888138231E+000 0.0000000000000000E+000 9.2677669529663687E-001
-6.9999999999999991E+000 1.3352049888138231E+000 1.4999999999999999E-002 9.2677669529663687E-001
-6.9999999999999991E+000 1.3352049888138231E+000 2.9999999999999999E-002 9.2677669529663687E-001
-9.0000000000000000E+000 1.7166921284749157E+000 0.0000000000000000E+000 9.2677669529663687E-001
-9.0000000000000000E+000 1.7166921284749157E+000 1.4999999999999999E-002 9.2677669529663687E-001
-9.0000000000000000E+000 1.7166921284749157E+000 2.9999999999999999E-002 9.2677669529663687E-001
-1.0000000000000000E+001 1.9074356983054617E+000 0.0000000000000000E+000 9.2677669529663687E-001
-1.0000000000000000E+001 1.9074356983054617E+000 1.4999999999999999E-002 9.2677669529663687E-001
-1.0000000000000000E+001 1.9074356983054617E+000 2.9999999999999999E-002 9.2677669529663687E-001
-6.0000000000000000E+000 0.0000000000000000E+000 0.0000000000000000E+000 1.0000000000000000E+000
-6.0000000000000000E+000 0.0000000000000000E+000 1.4999999999999999E-002 1.0000000000000000E+000
-6.0000000000000000E+000 0.0000000000000000E+000 2.9999999999999999E-002 1.0000000000000000E+000
-7.0000000000000000E+000 0.0000000000000000E+000 0.0000000000000000E+000 1.0000000000000000E+000
-7.0000000000000000E+000 0.0000000000000000E+000 1.4999999999999999E-002 1.0000000000000000E+000
-7.0000000000000000E+000 0.0000000000000000E+000 2.9999999999999999E-002 1.0000000000000000E+000
-9.0000000000000000E+000 0.0000000000000000E+000 0.0000000000000000E+000 1.0000000000000000E+000
-9.0000000000000000E+000 0.0000000000000000E+000 1.4999999999999999E-002 1.0000000000000000E+000
-9.0000000000000000E+000 0.0000000000000000E+000 2.9999999999999999E-002 1.0000000000000000E+000
-1.0000000000000000E+001 0.0000000000000000E+000 0.0000000000000000E+000 1.0000000000000000E+000
-1.0000000000000000E+001 0.0000000000000000E+000 1.4999999999999999E-002 1.0000000000000000E+000
-1.0000000000000000E+001 0.0000000000000000E+000 2.9999999999999999E-002 1.0000000000000000E+000
-6.0000000000000000E+000 -1.1444614189832771E+000 0.0000000000000000E+000 9.2677669529663687E-001
-6.0000000000000000E+000 -1.1444614189832771E+000 1.4999999999999999E-002 9.2677669529663687E-001
-6.0000000000000000E+000 -1.1444614189832771E+000 2.9999999999999999E-002 9.2677669529663687E-001
-6.9999999999999991E+000 -1.3352049888138231E+000 0.0000000000000000E+000 9.2677669529663687E-001
-6.9999999999999991E+000 -1.3352049888138231E+000 1.4999999999999999E-002 9.2677669529663687E-001
-6.9999999999999991E+000 -1.3352049888138231E+000 2.9999999999999999E-002 9.2677669529663687E-001
-9.0000000000000000E+000 -1.7166921284749157E+000 0.0000000000000000E+000 9.2677669529663687E-001
-9.0000000000000000E+000 -1.7166921284749157E+000 1.4999999999999999E-002 9.2677669529663687E-001
-9.0000000000000000E+000 -1.7166921284749157E+000 2.9999999999999999E-002 9.2677669529663687E-001
-1.0000000000000000E+001 -1.9074356983054617E+000 0.0000000000000000E+000 9.2677669529663687E-001
-1.0000000000000000E+001 -1.9074356983054617E+000 1.4999999999999999E-002 9.2677669529663687E-001
-1.0000000000000000E+001 -1.9074356983054617E+000 2.9999999999999999E-002 9.2677669529663687E-001
-5.1213203435596419E+000 -3.3639610306789276E+000 0.0000000000000000E+000 8.5355339059327373E-001
-5.1213203435596419E+000 -3.3639610306789276E+000 1.4999999999999998E-002 8.5355339059327373E-001
-5.1213203435596419E+000 -3.3639610306789276E+000 2.9999999999999995E-002 8.5355339059327373E-001
-5.9748737341529159E+000 -3.9246212024587486E+000 0.0000000000000000E+000 8.5355339059327373E-001
-5.9748737341529159E+000 -3.9246212024587486E+000 1.4999999999999998E-002 8.5355339059327373E-001
-5.9748737341529159E+000 -3.9246212024587486E+000 2.9999999999999995E-002 8.5355339059327373E-001
-7.6819805153394629E+000 -5.0459415460183914E+000 0.0000000000000000E+000 8.5355339059327373E-001
-7.6819805153394629E+000 -5.0459415460183914E+000 1.4999999999999998E-002 8.5355339059327373E-001
-7.6819805153394629E+000 -5.0459415460183914E+000 2.9999999999999995E-002 8.5355339059327373E-001
-8.5355339059327378E+000 -5.6066017177982133E+000 0.0000000000000000E+000 8.5355339059327373E-001
-8.5355339059327378E+000 -5.6066017177982133E+000 1.4999999999999998E-002 8.5355339059327373E-001
-8.5355339059327378E+000 -5.6066017177982133E+000 2.9999999999999995E-002 8.5355339059327373E-001
-3.3639610306789276E+000 -5.1213203435596419E+000 0.0000000000000000E+000 8.5355339059327373E-001
-3.3639610306789276E+000 -5.1213203435596419E+000 1.4999999999999998E-002 8.5355339059327373E-001
-3.3639610306789276E+000 -5.1213203435596419E+000 2.9999999999999995E-002 8.5355339059327373E-001
-3.9246212024587486E+000 -5.9748737341529159E+000 0.0000000000000000E+000 8.5355339059327373E-001
-3.9246212024587486E+000 -5.9748737341529159E+000 1.4999999999999998E-002 8.5355339059327373E-001
-3.9246212024587486E+000 -5.9748737341529159E+000 2.9999999999999995E-002 8.5355339059327373E-001
-5.0459415460183914E+000 -7.6819805153394638E+000 0.0000000000000000E+000 8.5355339059327373E-001
-5.0459415460183914E+000 -7.6819805153394638E+000 1.4999999999999998E-002 8.5355339059327373E-001
-5.0459415460183914E+000 -7.6819805153394638E+000 2.9999999999999995E-002 8.5355339059327373E-001
-5.6066017177982133E+000 -8.5355339059327378E+000 0.0000000000000000E+000 8.5355339059327373E-001
-5.6066017177982133E+000 -8.5355339059327378E+000 1.4999999999999998E-002 8.5355339059327373E-001
-5.6066017177982133E+000 -8.5355339059327378E+000 2.9999999999999995E-002 8.5355339059327373E-001
-1.1444614189832771E+000 -6.0000000000000000E+000 0.0000000000000000E+000 9.2677669529663687E-001
-1.1444614189832771E+000 -6.0000000000000000E+000 1.4999999999999999E-002 9.2677669529663687E-001
-1.1444614189832771E+000 -6.0000000000000000E+000 2.9999999999999999E-002 9.2677669529663687E-001
-1.3352049888138231E+000 -6.9999999999999991E+000 0.0000000000000000E+000 9.2677669529663687E-001
-1.3352049888138231E+000 -6.9999999999999991E+000 1.4999999999999999E-002 9.2677669529663687E-001
-1.3352049888138231E+000 -6.9999999999999991E+000 2.9999999999999999E-002 9.2677669529663687E-001
-1.7166921284749157E+000 -9.0000000000000000E+000 0.0000000000000000E+000 9.2677669529663687E-001
-1.7166921284749157E+000 -9.0000000000000000E+000 1.4999999999999999E-002 9.2677669529663687E-001
-1.7166921284749157E+000 -9.0000000000000000E+000 2.9999999999999999E-002 9.2677669529663687E-001
-1.9074356983054617E+000 -1.0000000000000000E+001 0.0000000000000000E+000 9.2677669529663687E-001
-1.9074356983054617E+000 -1.0000000000000000E+001 1.4999999999999999E-002 9.2677669529663687E-001
-1.9074356983054617E+000 -1.0000000000000000E+001 2.9999999999999999E-002 9.2677669529663687E-001
0.0000000000000000E+000 -6.0000000000000000E+000 0.0000000000000000E+000 1.0000000000000000E+000
0.0000000000000000E+000 -6.0000000000000000E+000 1.4999999999999999E-002 1.0000000000000000E+000
0.0000000000000000E+000 -6.0000000000000000E+000 2.9999999999999999E-002 1.0000000000000000E+000
0.0000000000000000E+000 -7.0000000000000000E+000 0.0000000000000000E+000 1.0000000000000000E+000
0.0000000000000000E+000 -7.0000000000000000E+000 1.4999999999999999E-002 1.0000000000000000E+000
0.0000000000000000E+000 -7.0000000000000000E+000 2.9999999999999999E-002 1.0000000000000000E+000
0.0000000000000000E+000 -9.0000000000000000E+000 0.0000000000000000E+000 1.0000000000000000E+000
0.0000000000000000E+000 -9.0000000000000000E+000 1.4999999999999999E-002 1.0000000000000000E+000
0.0000000000000000E+000 -9.0000000000000000E+000 2.9999999999999999E-002 1.0000000000000000E+000
0.0000000000000000E+000 -1.0000000000000000E+001 0.0000000000000000E+000 1.0000000000000000E+000
0.0000000000000000E+000 -1.0000000000000000E+001 1.4999999999999999E-002 1.0000000000000000E+000
0.0000000000000000E+000 -1.0000000000000000E+001 2.9999999999999999E-002 1.0000000000000000E+000
1.1444614189832771E+000 -6.0000000000000000E+000 0.0000000000000000E+000 9.2677669529663687E-001
1.1444614189832771E+000 -6.0000000000000000E+000 1.4999999999999999E-002 9.2677669529663687E-001
1.1444614189832771E+000 -6.0000000000000000E+000 2.9999999999999999E-002 9.2677669529663687E-001
1.3352049888138231E+000 -6.9999999999999991E+000 0.0000000000000000E+000 9.2677669529663687E-001
1.3352049888138231E+000 -6.9999999999999991E+000 1.4999999999999999E-002 9.2677669529663687E-001
1.3352049888138231E+000 -6.9999999999999991E+000 2.9999999999999999E-002 9.2677669529663687E-001
1.7166921284749157E+000 -9.0000000000000000E+000 0.0000000000000000E+000 9.2677669529663687E-001
1.7166921284749157E+000 -9.0000000000000000E+000 1.4999999999999999E-002 9.2677669529663687E-001
1.7166921284749157E+000 -9.0000000000000000E+000 2.9999999999999999E-002 9.2677669529663687E-001
1.9074356983054617E+000 -1.0000000000000000E+001 0.0000000000000000E+000 9.2677669529663687E-001
1.9074356983054617E+000 -1.0000000000000000E+001 1.4999999999999999E-002 9.2677669529663687E-001
1.9074356983054617E+000 -1.0000000000000000E+001 2.9999999999999999E-002 9.2677669529663687E-001
3.3639610306789276E+000 -5.1213203435596419E+000 0.0000000000000000E+000 8.5355339059327373E-001
3.3639610306789276E+000 -5.1213203435596419E+000 1.4999999999999998E-002 8.5355339059327373E-001
3.3639610306789276E+000 -5.1213203435596419E+000 2.9999999999999995E-002 8.5355339059327373E-001
3.9246212024587486E+000 -5.9748737341529159E+000 0.0000000000000000E+000 8.5355339059327373E-001
3.9246212024587486E+000 -5.9748737341529159E+000 1.4999999999999998E-002 8.5355339059327373E-001
3.9246212024587486E+000 -5.9748737341529159E+000 2.9999999999999995E-002 8.5355339059327373E-001
5.0459415460183914E+000 -7.6819805153394629E+000 0.0000000000000000E+000 8.5355339059327373E-001
5.0459415460183914E+000 -7.6819805153394629E+000 1.4999999999999998E-002 8.5355339059327373E-001
5.0459415460183914E+000 -7.6819805153394629E+000 2.9999999999999995E-002 8.5355339059327373E-001
5.6066017177982133E+000 -8.5355339059327378E+000 0.0000000000000000E+000 8.5355339059327373E-001
5.6066017177982133E+000 -8.5355339059327378E+000 1.4999999999999998E-002 8.5355339059327373E-001
5.6066017177982133E+000 -8.5355339059327378E+000 2.9999999999999995E-002 8.5355339059327373E-001
5.1213203435596419E+000 -3.3639610306789276E+000 0.0000000000000000E+000 8.5355339059327373E-001
5.1213203435596419E+000 -3.3639610306789276E+000 1.4999999999999998E-002 8.5355339059327373E-001
5.1213203435596419E+000 -3.3639610306789276E+000 2.9999999999999995E-002 8.5355339059327373E-001
5.9748737341529159E+000 -3.9246212024587486E+000 0.0000000000000000E+000 8.5355339059327373E-001
5.9748737341529159E+000 -3.9246212024587486E+000 1.4999999999999998E-002 8.5355339059327373E-001
5.9748737341529159E+000 -3.9246212024587486E+000 2.9999999999999995E-002 8.5355339059327373E-001
7.6819805153394638E+000 -5.0459415460183914E+000 0.0000000000000000E+000 8.5355339059327373E-001
7.6819805153394638E+000 -5.0459415460183914E+000 1.4999999999999998E-002 8.5355339059327373E-001
7.6819805153394638E+000 -5.0459415460183914E+000 2.9999999999999995E-002 8.5355339059327373E-001
8.5355339059327378E+000 -5.6066017177982133E+000 0.0000000000000000E+000 8.5355339059327373E-001
8.5355339059327378E+000 -5.6066017177982133E+000 1.4999999999999998E-002 8.5355339059327373E-001
8.5355339059327378E+000 -5.6066017177982133E+000 2.9999999999999995E-002 8.5355339059327373E-001
6.0000000000000000E+000 -1.1444614189832771E+000 0.0000000000000000E+000 9.2677669529663687E-001
6.0000000000000000E+000 -1.1444614189832771E+000 1.4999999999999999E-002 9.2677669529663687E-001
6.0000000000000000E+000 -1.1444614189832771E+000 2.9999999999999999E-002 9.2677669529663687E-001
6.9999999999999991E+000 -1.3352049888138231E+000 0.0000000000000000E+000 9.2677669529663687E-001
6.9999999999999991E+000 -1.3352049888138231E+000 1.4999999999999999E-002 9.2677669529663687E-001
6.9999999999999991E+000 -1.3352049888138231E+000 2.9999999999999999E-002 9.2677669529663687E-001
9.0000000000000000E+000 -1.7166921284749157E+000 0.0000000000000000E+000 9.2677669529663687E-001
9.0000000000000000E+000 -1.7166921284749157E+000 1.4999999999999999E-002 9.2677669529663687E-001
9.0000000000000000E+000 -1.7166921284749157E+000 2.9999999999999999E-002 9.2677669529663687E-001
1.0000000000000000E+001 -1.9074356983054617E+000 0.0000000000000000E+000 9.2677669529663687E-001
1.0000000000000000E+001 -1.9074356983054617E+000 1.4999999999999999E-002 9.2677669529663687E-001
1.0000000000000000E+001 -1.9074356983054617E+000 2.9999999999999999E-002 9.2677669529663687E-001
6.0000000000000000E+000 0.0000000000000000E+000 0.0000000000000000E+000 1.0000000000000000E+000
6.0000000000000000E+000 0.0000000000000000E+000 1.4999999999999999E-002 1.0000000000000000E+000
6.0000000000000000E+000 0.0000000000000000E+000 2.9999999999999999E-002 1.0000000000000000E+000
7.0000000000000000E+000 0.0000000000000000E+000 0.0000000000000000E+000 1.0000000000000000E+000
7.0000000000000000E+000 0.0000000000000000E+000 1.4999999999999999E-002 1.0000000000000000E+000
7.0000000000000000E+000 0.0000000000000000E+000 2.9999999999999999E-002 1.0000000000000000E+000
9.0000000000000000E+000 0.0000000000000000E+000 0.0000000000000000E+000 1.0000000000000000E+000
9.0000000000000000E+000 0.0000000000000000E+000 1.4999999999999999E-002 1.0000000000000000E+000
9.0000000000000000E+000 0.0000000000000000E+000 2.9999999999999999E-002 1.0000000000000000E+000
1.0000000000000000E+001 0.0000000000000000E+000 0.0000000000000000E+000 1.0000000000000000E+000
1.0000000000000000E+001 0.0000000000000000E+000 1.4999999999999999E-002 1.0000000000000000E+000
1.0000000000000000E+001 0.0000000000000000E+000 2.9999999999999999E-002 1.0000000000000000E+000
--------------------------------------------------------
*material
6
2.1e10, 0.0, 1.0, 1.0, 1.0e25, 10.0
------------------------------------------------------------------------------------------------------
*NLGeom
*Increments
20
*Iterations
25
------------------------------------------------------------------------------------------------------
*bcdof   !boundary condition
30
1,1
22,1
43,1
64,1
85,1
106,1
127,1
148,1
169,1
190,1
1,2
22,2
43,2
64,2
85,2
106,2
127,2
148,2
169,2
190,2
1,3
22,3
43,3
64,3
85,3
106,3
127,3
148,3
169,3
190,3
--------------------------------------------------------
*loaddof
4
189, 3, 100.0
210, 3, 300.0
231, 3, 300.0
252, 3, 100.0
*end