!---------------------------------------------------------------------------
!
! Pinched Cylinder subjected to concentrated load
! 8x8x1 mesh
!
!---------------------------------------------------------------------------
*begin
3           !problem dimension
3, 3, 3     !degree of each dimension
11, 4, 11     !control points in each direction
0, 0, 0     !open(0) or closed(1) knot vector
--------------------------------------------------------
*knots    !knot spans
0.0, 0.0, 0.0, 0.0, 0.125, 0.25, 0.375, 0.5, 0.625, 0.75, 0.875, 1.0 1.0, 1.0, 1.0
0.0, 0.0, 0.0, 0.0, 1.0, 1.0, 1.0, 1.0
0.0, 0.0, 0.0, 0.0, 0.125, 0.25, 0.375, 0.5, 0.625, 0.75, 0.875, 1.0 1.0, 1.0, 1.0
--------------------------------------------------------
*element
Hex64
*bnet     !nurbs control points
0.0000000000000000E+000 2.9850000000000000E+002 0.0000000000000000E+000 1.0000000000000000E+000
0.0000000000000000E+000 2.9850000000000000E+002 1.2500000000000002E+001 1.0000000000000000E+000
0.0000000000000000E+000 2.9850000000000000E+002 3.7500000000000000E+001 1.0000000000000000E+000
0.0000000000000000E+000 2.9850000000000000E+002 7.5000000000000000E+001 1.0000000000000000E+000
0.0000000000000000E+000 2.9850000000000000E+002 1.1250000000000000E+002 1.0000000000000000E+000
0.0000000000000000E+000 2.9850000000000000E+002 1.5000000000000000E+002 1.0000000000000000E+000
0.0000000000000000E+000 2.9850000000000000E+002 1.8750000000000000E+002 1.0000000000000000E+000
0.0000000000000000E+000 2.9850000000000000E+002 2.2500000000000000E+002 1.0000000000000000E+000
0.0000000000000000E+000 2.9850000000000000E+002 2.6250000000000000E+002 1.0000000000000000E+000
0.0000000000000000E+000 2.9850000000000000E+002 2.8750000000000000E+002 1.0000000000000000E+000
0.0000000000000000E+000 2.9850000000000000E+002 3.0000000000000000E+002 1.0000000000000000E+000
0.0000000000000000E+000 2.9950000000000000E+002 0.0000000000000000E+000 1.0000000000000000E+000
0.0000000000000000E+000 2.9950000000000000E+002 1.2500000000000002E+001 1.0000000000000000E+000
0.0000000000000000E+000 2.9950000000000000E+002 3.7500000000000000E+001 1.0000000000000000E+000
0.0000000000000000E+000 2.9950000000000000E+002 7.5000000000000000E+001 1.0000000000000000E+000
0.0000000000000000E+000 2.9950000000000000E+002 1.1250000000000000E+002 1.0000000000000000E+000
0.0000000000000000E+000 2.9950000000000000E+002 1.5000000000000000E+002 1.0000000000000000E+000
0.0000000000000000E+000 2.9950000000000000E+002 1.8750000000000000E+002 1.0000000000000000E+000
0.0000000000000000E+000 2.9950000000000000E+002 2.2500000000000000E+002 1.0000000000000000E+000
0.0000000000000000E+000 2.9950000000000000E+002 2.6250000000000000E+002 1.0000000000000000E+000
0.0000000000000000E+000 2.9950000000000000E+002 2.8750000000000000E+002 1.0000000000000000E+000
0.0000000000000000E+000 2.9950000000000000E+002 3.0000000000000000E+002 1.0000000000000000E+000
0.0000000000000000E+000 3.0050000000000000E+002 0.0000000000000000E+000 1.0000000000000000E+000
0.0000000000000000E+000 3.0050000000000000E+002 1.2500000000000002E+001 1.0000000000000000E+000
0.0000000000000000E+000 3.0050000000000000E+002 3.7500000000000000E+001 1.0000000000000000E+000
0.0000000000000000E+000 3.0050000000000000E+002 7.5000000000000000E+001 1.0000000000000000E+000
0.0000000000000000E+000 3.0050000000000000E+002 1.1250000000000000E+002 1.0000000000000000E+000
0.0000000000000000E+000 3.0050000000000000E+002 1.5000000000000000E+002 1.0000000000000000E+000
0.0000000000000000E+000 3.0050000000000000E+002 1.8750000000000000E+002 1.0000000000000000E+000
0.0000000000000000E+000 3.0050000000000000E+002 2.2500000000000000E+002 1.0000000000000000E+000
0.0000000000000000E+000 3.0050000000000000E+002 2.6250000000000000E+002 1.0000000000000000E+000
0.0000000000000000E+000 3.0050000000000000E+002 2.8750000000000000E+002 1.0000000000000000E+000
0.0000000000000000E+000 3.0050000000000000E+002 3.0000000000000000E+002 1.0000000000000000E+000
0.0000000000000000E+000 3.0150000000000000E+002 0.0000000000000000E+000 1.0000000000000000E+000
0.0000000000000000E+000 3.0150000000000000E+002 1.2500000000000002E+001 1.0000000000000000E+000
0.0000000000000000E+000 3.0150000000000000E+002 3.7500000000000000E+001 1.0000000000000000E+000
0.0000000000000000E+000 3.0150000000000000E+002 7.5000000000000000E+001 1.0000000000000000E+000
0.0000000000000000E+000 3.0150000000000000E+002 1.1250000000000000E+002 1.0000000000000000E+000
0.0000000000000000E+000 3.0150000000000000E+002 1.5000000000000000E+002 1.0000000000000000E+000
0.0000000000000000E+000 3.0150000000000000E+002 1.8750000000000000E+002 1.0000000000000000E+000
0.0000000000000000E+000 3.0150000000000000E+002 2.2500000000000000E+002 1.0000000000000000E+000
0.0000000000000000E+000 3.0150000000000000E+002 2.6250000000000000E+002 1.0000000000000000E+000
0.0000000000000000E+000 3.0150000000000000E+002 2.8750000000000000E+002 1.0000000000000000E+000
0.0000000000000000E+000 3.0150000000000000E+002 3.0000000000000000E+002 1.0000000000000000E+000
1.8029337062456666E+001 2.9850000000000000E+002 0.0000000000000000E+000 9.7559223176554566E-001
1.8029337062456669E+001 2.9850000000000000E+002 1.2500000000000002E+001 9.7559223176554566E-001
1.8029337062456669E+001 2.9850000000000000E+002 3.7500000000000000E+001 9.7559223176554566E-001
1.8029337062456669E+001 2.9850000000000000E+002 7.5000000000000000E+001 9.7559223176554566E-001
1.8029337062456669E+001 2.9850000000000000E+002 1.1250000000000001E+002 9.7559223176554566E-001
1.8029337062456666E+001 2.9850000000000000E+002 1.5000000000000000E+002 9.7559223176554566E-001
1.8029337062456666E+001 2.9850000000000000E+002 1.8749999999999997E+002 9.7559223176554566E-001
1.8029337062456666E+001 2.9850000000000000E+002 2.2500000000000000E+002 9.7559223176554566E-001
1.8029337062456666E+001 2.9850000000000000E+002 2.6250000000000000E+002 9.7559223176554566E-001
1.8029337062456666E+001 2.9850000000000000E+002 2.8749999999999994E+002 9.7559223176554566E-001
1.8029337062456666E+001 2.9850000000000000E+002 3.0000000000000000E+002 9.7559223176554566E-001
1.8089736851610628E+001 2.9950000000000000E+002 0.0000000000000000E+000 9.7559223176554566E-001
1.8089736851610628E+001 2.9950000000000000E+002 1.2500000000000002E+001 9.7559223176554566E-001
1.8089736851610628E+001 2.9950000000000000E+002 3.7500000000000000E+001 9.7559223176554566E-001
1.8089736851610631E+001 2.9950000000000000E+002 7.5000000000000014E+001 9.7559223176554555E-001
1.8089736851610628E+001 2.9950000000000000E+002 1.1250000000000001E+002 9.7559223176554566E-001
1.8089736851610628E+001 2.9950000000000000E+002 1.5000000000000000E+002 9.7559223176554566E-001
1.8089736851610628E+001 2.9950000000000000E+002 1.8749999999999997E+002 9.7559223176554566E-001
1.8089736851610628E+001 2.9950000000000000E+002 2.2500000000000000E+002 9.7559223176554566E-001
1.8089736851610628E+001 2.9950000000000000E+002 2.6250000000000000E+002 9.7559223176554566E-001
1.8089736851610628E+001 2.9950000000000000E+002 2.8749999999999994E+002 9.7559223176554566E-001
1.8089736851610628E+001 2.9950000000000000E+002 3.0000000000000000E+002 9.7559223176554566E-001
1.8150136640764590E+001 3.0050000000000000E+002 0.0000000000000000E+000 9.7559223176554566E-001
1.8150136640764590E+001 3.0050000000000000E+002 1.2500000000000002E+001 9.7559223176554566E-001
1.8150136640764590E+001 3.0050000000000000E+002 3.7500000000000000E+001 9.7559223176554566E-001
1.8150136640764593E+001 3.0050000000000006E+002 7.5000000000000014E+001 9.7559223176554555E-001
1.8150136640764590E+001 3.0050000000000000E+002 1.1250000000000001E+002 9.7559223176554566E-001
1.8150136640764590E+001 3.0050000000000000E+002 1.5000000000000000E+002 9.7559223176554566E-001
1.8150136640764590E+001 3.0050000000000000E+002 1.8749999999999997E+002 9.7559223176554566E-001
1.8150136640764590E+001 3.0050000000000000E+002 2.2500000000000000E+002 9.7559223176554566E-001
1.8150136640764590E+001 3.0050000000000000E+002 2.6250000000000000E+002 9.7559223176554566E-001
1.8150136640764590E+001 3.0050000000000000E+002 2.8749999999999994E+002 9.7559223176554566E-001
1.8150136640764590E+001 3.0050000000000000E+002 3.0000000000000000E+002 9.7559223176554566E-001
1.8210536429918545E+001 3.0150000000000000E+002 0.0000000000000000E+000 9.7559223176554566E-001
1.8210536429918545E+001 3.0150000000000000E+002 1.2500000000000002E+001 9.7559223176554566E-001
1.8210536429918545E+001 3.0150000000000000E+002 3.7500000000000000E+001 9.7559223176554566E-001
1.8210536429918545E+001 3.0150000000000000E+002 7.5000000000000000E+001 9.7559223176554566E-001
1.8210536429918545E+001 3.0150000000000000E+002 1.1250000000000001E+002 9.7559223176554566E-001
1.8210536429918545E+001 3.0150000000000000E+002 1.5000000000000000E+002 9.7559223176554566E-001
1.8210536429918545E+001 3.0150000000000000E+002 1.8749999999999997E+002 9.7559223176554566E-001
1.8210536429918545E+001 3.0150000000000000E+002 2.2500000000000000E+002 9.7559223176554566E-001
1.8210536429918545E+001 3.0150000000000000E+002 2.6250000000000000E+002 9.7559223176554566E-001
1.8210536429918545E+001 3.0150000000000000E+002 2.8749999999999994E+002 9.7559223176554566E-001
1.8210536429918545E+001 3.0150000000000000E+002 3.0000000000000000E+002 9.7559223176554566E-001
5.5183918024417302E+001 2.9516690298663588E+002 0.0000000000000000E+000 9.3287863735525056E-001
5.5183918024417302E+001 2.9516690298663588E+002 1.2500000000000000E+001 9.3287863735525056E-001
5.5183918024417309E+001 2.9516690298663588E+002 3.7500000000000000E+001 9.3287863735525056E-001
5.5183918024417309E+001 2.9516690298663588E+002 7.5000000000000000E+001 9.3287863735525056E-001
5.5183918024417309E+001 2.9516690298663588E+002 1.1250000000000000E+002 9.3287863735525056E-001
5.5183918024417302E+001 2.9516690298663588E+002 1.5000000000000000E+002 9.3287863735525056E-001
5.5183918024417309E+001 2.9516690298663588E+002 1.8750000000000003E+002 9.3287863735525045E-001
5.5183918024417309E+001 2.9516690298663588E+002 2.2500000000000000E+002 9.3287863735525045E-001
5.5183918024417302E+001 2.9516690298663588E+002 2.6249999999999994E+002 9.3287863735525056E-001
5.5183918024417302E+001 2.9516690298663588E+002 2.8750000000000000E+002 9.3287863735525056E-001
5.5183918024417302E+001 2.9516690298663588E+002 3.0000000000000000E+002 9.3287863735525056E-001
5.5368788771567786E+001 2.9615573683248721E+002 0.0000000000000000E+000 9.3287863735525045E-001
5.5368788771567786E+001 2.9615573683248721E+002 1.2500000000000000E+001 9.3287863735525045E-001
5.5368788771567786E+001 2.9615573683248721E+002 3.7500000000000007E+001 9.3287863735525045E-001
5.5368788771567786E+001 2.9615573683248721E+002 7.5000000000000014E+001 9.3287863735525045E-001
5.5368788771567786E+001 2.9615573683248721E+002 1.1250000000000001E+002 9.3287863735525045E-001
5.5368788771567786E+001 2.9615573683248721E+002 1.5000000000000003E+002 9.3287863735525045E-001
5.5368788771567786E+001 2.9615573683248721E+002 1.8750000000000003E+002 9.3287863735525045E-001
5.5368788771567786E+001 2.9615573683248721E+002 2.2500000000000000E+002 9.3287863735525045E-001
5.5368788771567786E+001 2.9615573683248721E+002 2.6249999999999994E+002 9.3287863735525045E-001
5.5368788771567786E+001 2.9615573683248721E+002 2.8750000000000000E+002 9.3287863735525045E-001
5.5368788771567786E+001 2.9615573683248721E+002 3.0000000000000006E+002 9.3287863735525045E-001
5.5553659518718277E+001 2.9714457067833865E+002 0.0000000000000000E+000 9.3287863735525045E-001
5.5553659518718277E+001 2.9714457067833865E+002 1.2500000000000000E+001 9.3287863735525045E-001
5.5553659518718270E+001 2.9714457067833865E+002 3.7500000000000007E+001 9.3287863735525045E-001
5.5553659518718277E+001 2.9714457067833865E+002 7.5000000000000014E+001 9.3287863735525045E-001
5.5553659518718277E+001 2.9714457067833865E+002 1.1250000000000001E+002 9.3287863735525045E-001
5.5553659518718277E+001 2.9714457067833865E+002 1.5000000000000003E+002 9.3287863735525045E-001
5.5553659518718277E+001 2.9714457067833865E+002 1.8750000000000003E+002 9.3287863735525045E-001
5.5553659518718277E+001 2.9714457067833865E+002 2.2500000000000000E+002 9.3287863735525045E-001
5.5553659518718277E+001 2.9714457067833865E+002 2.6249999999999994E+002 9.3287863735525045E-001
5.5553659518718277E+001 2.9714457067833865E+002 2.8750000000000000E+002 9.3287863735525045E-001
5.5553659518718277E+001 2.9714457067833865E+002 3.0000000000000006E+002 9.3287863735525045E-001
5.5738530265868725E+001 2.9813340452418993E+002 0.0000000000000000E+000 9.3287863735525056E-001
5.5738530265868725E+001 2.9813340452418993E+002 1.2500000000000000E+001 9.3287863735525056E-001
5.5738530265868725E+001 2.9813340452418993E+002 3.7500000000000000E+001 9.3287863735525056E-001
5.5738530265868725E+001 2.9813340452418993E+002 7.5000000000000000E+001 9.3287863735525056E-001
5.5738530265868725E+001 2.9813340452418993E+002 1.1250000000000000E+002 9.3287863735525056E-001
5.5738530265868725E+001 2.9813340452418993E+002 1.5000000000000000E+002 9.3287863735525056E-001
5.5738530265868732E+001 2.9813340452418993E+002 1.8750000000000003E+002 9.3287863735525045E-001
5.5738530265868732E+001 2.9813340452418993E+002 2.2500000000000000E+002 9.3287863735525045E-001
5.5738530265868725E+001 2.9813340452418993E+002 2.6249999999999994E+002 9.3287863735525056E-001
5.5738530265868725E+001 2.9813340452418993E+002 2.8750000000000000E+002 9.3287863735525056E-001
5.5738530265868725E+001 2.9813340452418993E+002 3.0000000000000000E+002 9.3287863735525056E-001
1.1098007695247381E+002 2.7922225090165620E+002 0.0000000000000000E+000 8.8711407191564862E-001
1.1098007695247381E+002 2.7922225090165620E+002 1.2500000000000000E+001 8.8711407191564862E-001
1.1098007695247382E+002 2.7922225090165614E+002 3.7500000000000000E+001 8.8711407191564873E-001
1.1098007695247381E+002 2.7922225090165608E+002 7.5000000000000000E+001 8.8711407191564862E-001
1.1098007695247382E+002 2.7922225090165614E+002 1.1250000000000003E+002 8.8711407191564851E-001
1.1098007695247382E+002 2.7922225090165614E+002 1.5000000000000003E+002 8.8711407191564851E-001
1.1098007695247382E+002 2.7922225090165614E+002 1.8750000000000000E+002 8.8711407191564851E-001
1.1098007695247382E+002 2.7922225090165620E+002 2.2499999999999994E+002 8.8711407191564851E-001
1.1098007695247381E+002 2.7922225090165620E+002 2.6250000000000000E+002 8.8711407191564862E-001
1.1098007695247381E+002 2.7922225090165620E+002 2.8750000000000000E+002 8.8711407191564862E-001
1.1098007695247381E+002 2.7922225090165620E+002 3.0000000000000000E+002 8.8711407191564862E-001
1.1135186950507844E+002 2.8015766882762483E+002 0.0000000000000000E+000 8.8711407191564851E-001
1.1135186950507844E+002 2.8015766882762483E+002 1.2500000000000002E+001 8.8711407191564851E-001
1.1135186950507843E+002 2.8015766882762483E+002 3.7500000000000007E+001 8.8711407191564851E-001
1.1135186950507844E+002 2.8015766882762483E+002 7.5000000000000014E+001 8.8711407191564851E-001
1.1135186950507844E+002 2.8015766882762483E+002 1.1250000000000003E+002 8.8711407191564851E-001
1.1135186950507844E+002 2.8015766882762483E+002 1.5000000000000003E+002 8.8711407191564851E-001
1.1135186950507844E+002 2.8015766882762483E+002 1.8750000000000000E+002 8.8711407191564851E-001
1.1135186950507844E+002 2.8015766882762483E+002 2.2499999999999994E+002 8.8711407191564851E-001
1.1135186950507844E+002 2.8015766882762483E+002 2.6250000000000000E+002 8.8711407191564851E-001
1.1135186950507844E+002 2.8015766882762483E+002 2.8750000000000006E+002 8.8711407191564851E-001
1.1135186950507844E+002 2.8015766882762483E+002 3.0000000000000006E+002 8.8711407191564851E-001
1.1172366205768306E+002 2.8109308675359358E+002 0.0000000000000000E+000 8.8711407191564851E-001
1.1172366205768306E+002 2.8109308675359358E+002 1.2500000000000002E+001 8.8711407191564851E-001
1.1172366205768306E+002 2.8109308675359358E+002 3.7500000000000007E+001 8.8711407191564851E-001
1.1172366205768306E+002 2.8109308675359358E+002 7.5000000000000014E+001 8.8711407191564851E-001
1.1172366205768306E+002 2.8109308675359358E+002 1.1250000000000003E+002 8.8711407191564851E-001
1.1172366205768306E+002 2.8109308675359358E+002 1.5000000000000003E+002 8.8711407191564851E-001
1.1172366205768306E+002 2.8109308675359358E+002 1.8750000000000000E+002 8.8711407191564851E-001
1.1172366205768306E+002 2.8109308675359358E+002 2.2499999999999994E+002 8.8711407191564851E-001
1.1172366205768306E+002 2.8109308675359358E+002 2.6250000000000000E+002 8.8711407191564851E-001
1.1172366205768306E+002 2.8109308675359358E+002 2.8750000000000006E+002 8.8711407191564851E-001
1.1172366205768306E+002 2.8109308675359358E+002 3.0000000000000006E+002 8.8711407191564851E-001
1.1209545461028762E+002 2.8202850467956222E+002 0.0000000000000000E+000 8.8711407191564862E-001
1.1209545461028762E+002 2.8202850467956222E+002 1.2500000000000000E+001 8.8711407191564862E-001
1.1209545461028759E+002 2.8202850467956222E+002 3.7500000000000000E+001 8.8711407191564873E-001
1.1209545461028762E+002 2.8202850467956222E+002 7.5000000000000000E+001 8.8711407191564862E-001
1.1209545461028763E+002 2.8202850467956227E+002 1.1250000000000003E+002 8.8711407191564851E-001
1.1209545461028763E+002 2.8202850467956227E+002 1.5000000000000003E+002 8.8711407191564851E-001
1.1209545461028763E+002 2.8202850467956227E+002 1.8750000000000000E+002 8.8711407191564851E-001
1.1209545461028763E+002 2.8202850467956227E+002 2.2499999999999994E+002 8.8711407191564851E-001
1.1209545461028762E+002 2.8202850467956222E+002 2.6250000000000000E+002 8.8711407191564862E-001
1.1209545461028762E+002 2.8202850467956222E+002 2.8750000000000000E+002 8.8711407191564862E-001
1.1209545461028762E+002 2.8202850467956222E+002 3.0000000000000000E+002 8.8711407191564862E-001
1.6467092847536881E+002 2.5147897486972414E+002 0.0000000000000000E+000 8.5965533265188743E-001
1.6467092847536881E+002 2.5147897486972414E+002 1.2500000000000002E+001 8.5965533265188743E-001
1.6467092847536881E+002 2.5147897486972414E+002 3.7500000000000007E+001 8.5965533265188743E-001
1.6467092847536881E+002 2.5147897486972414E+002 7.4999999999999986E+001 8.5965533265188743E-001
1.6467092847536884E+002 2.5147897486972414E+002 1.1250000000000001E+002 8.5965533265188732E-001
1.6467092847536887E+002 2.5147897486972417E+002 1.5000000000000003E+002 8.5965533265188721E-001
1.6467092847536887E+002 2.5147897486972420E+002 1.8750000000000000E+002 8.5965533265188721E-001
1.6467092847536887E+002 2.5147897486972420E+002 2.2500000000000000E+002 8.5965533265188721E-001
1.6467092847536881E+002 2.5147897486972414E+002 2.6249999999999994E+002 8.5965533265188743E-001
1.6467092847536881E+002 2.5147897486972414E+002 2.8750000000000000E+002 8.5965533265188743E-001
1.6467092847536881E+002 2.5147897486972414E+002 2.9999999999999994E+002 8.5965533265188743E-001
1.6522258987729643E+002 2.5232145049742849E+002 0.0000000000000000E+000 8.5965533265188721E-001
1.6522258987729643E+002 2.5232145049742849E+002 1.2500000000000005E+001 8.5965533265188721E-001
1.6522258987729643E+002 2.5232145049742849E+002 3.7500000000000014E+001 8.5965533265188721E-001
1.6522258987729643E+002 2.5232145049742849E+002 7.5000000000000014E+001 8.5965533265188721E-001
1.6522258987729643E+002 2.5232145049742849E+002 1.1250000000000003E+002 8.5965533265188721E-001
1.6522258987729643E+002 2.5232145049742849E+002 1.5000000000000003E+002 8.5965533265188721E-001
1.6522258987729643E+002 2.5232145049742849E+002 1.8750000000000000E+002 8.5965533265188721E-001
1.6522258987729643E+002 2.5232145049742849E+002 2.2500000000000000E+002 8.5965533265188721E-001
1.6522258987729643E+002 2.5232145049742849E+002 2.6250000000000000E+002 8.5965533265188721E-001
1.6522258987729643E+002 2.5232145049742849E+002 2.8750000000000006E+002 8.5965533265188721E-001
1.6522258987729643E+002 2.5232145049742849E+002 3.0000000000000006E+002 8.5965533265188721E-001
1.6577425127922396E+002 2.5316392612513275E+002 0.0000000000000000E+000 8.5965533265188721E-001
1.6577425127922396E+002 2.5316392612513278E+002 1.2500000000000005E+001 8.5965533265188721E-001
1.6577425127922396E+002 2.5316392612513278E+002 3.7500000000000014E+001 8.5965533265188721E-001
1.6577425127922396E+002 2.5316392612513278E+002 7.5000000000000014E+001 8.5965533265188721E-001
1.6577425127922396E+002 2.5316392612513278E+002 1.1250000000000003E+002 8.5965533265188721E-001
1.6577425127922396E+002 2.5316392612513278E+002 1.5000000000000003E+002 8.5965533265188721E-001
1.6577425127922396E+002 2.5316392612513278E+002 1.8750000000000000E+002 8.5965533265188721E-001
1.6577425127922396E+002 2.5316392612513278E+002 2.2500000000000000E+002 8.5965533265188721E-001
1.6577425127922396E+002 2.5316392612513275E+002 2.6250000000000000E+002 8.5965533265188721E-001
1.6577425127922396E+002 2.5316392612513275E+002 2.8750000000000006E+002 8.5965533265188721E-001
1.6577425127922396E+002 2.5316392612513275E+002 3.0000000000000006E+002 8.5965533265188721E-001
1.6632591268115146E+002 2.5400640175283698E+002 0.0000000000000000E+000 8.5965533265188743E-001
1.6632591268115146E+002 2.5400640175283701E+002 1.2500000000000002E+001 8.5965533265188743E-001
1.6632591268115146E+002 2.5400640175283701E+002 3.7500000000000007E+001 8.5965533265188743E-001
1.6632591268115146E+002 2.5400640175283701E+002 7.4999999999999986E+001 8.5965533265188743E-001
1.6632591268115146E+002 2.5400640175283701E+002 1.1250000000000001E+002 8.5965533265188732E-001
1.6632591268115149E+002 2.5400640175283701E+002 1.5000000000000003E+002 8.5965533265188721E-001
1.6632591268115149E+002 2.5400640175283701E+002 1.8750000000000000E+002 8.5965533265188721E-001
1.6632591268115149E+002 2.5400640175283704E+002 2.2500000000000000E+002 8.5965533265188721E-001
1.6632591268115146E+002 2.5400640175283698E+002 2.6249999999999994E+002 8.5965533265188743E-001
1.6632591268115146E+002 2.5400640175283698E+002 2.8750000000000000E+002 8.5965533265188743E-001
1.6632591268115146E+002 2.5400640175283698E+002 2.9999999999999994E+002 8.5965533265188743E-001
2.1258570884788134E+002 2.1258570884788134E+002 0.0000000000000000E+000 8.5050241956396699E-001
2.1258570884788134E+002 2.1258570884788134E+002 1.2500000000000000E+001 8.5050241956396699E-001
2.1258570884788134E+002 2.1258570884788134E+002 3.7500000000000007E+001 8.5050241956396699E-001
2.1258570884788134E+002 2.1258570884788134E+002 7.4999999999999986E+001 8.5050241956396699E-001
2.1258570884788134E+002 2.1258570884788134E+002 1.1249999999999999E+002 8.5050241956396699E-001
2.1258570884788134E+002 2.1258570884788134E+002 1.4999999999999997E+002 8.5050241956396699E-001
2.1258570884788134E+002 2.1258570884788134E+002 1.8749999999999997E+002 8.5050241956396699E-001
2.1258570884788136E+002 2.1258570884788136E+002 2.2499999999999997E+002 8.5050241956396688E-001
2.1258570884788136E+002 2.1258570884788136E+002 2.6249999999999994E+002 8.5050241956396688E-001
2.1258570884788134E+002 2.1258570884788134E+002 2.8749999999999994E+002 8.5050241956396699E-001
2.1258570884788134E+002 2.1258570884788134E+002 2.9999999999999994E+002 8.5050241956396699E-001
2.1329788877702003E+002 2.1329788877702006E+002 0.0000000000000000E+000 8.5050241956396677E-001
2.1329788877702003E+002 2.1329788877702006E+002 1.2500000000000004E+001 8.5050241956396677E-001
2.1329788877702003E+002 2.1329788877702006E+002 3.7500000000000014E+001 8.5050241956396677E-001
2.1329788877702003E+002 2.1329788877702006E+002 7.5000000000000014E+001 8.5050241956396677E-001
2.1329788877702003E+002 2.1329788877702006E+002 1.1250000000000001E+002 8.5050241956396677E-001
2.1329788877702003E+002 2.1329788877702006E+002 1.5000000000000000E+002 8.5050241956396677E-001
2.1329788877702003E+002 2.1329788877702006E+002 1.8750000000000000E+002 8.5050241956396677E-001
2.1329788877702003E+002 2.1329788877702006E+002 2.2500000000000000E+002 8.5050241956396677E-001
2.1329788877702003E+002 2.1329788877702006E+002 2.6250000000000000E+002 8.5050241956396677E-001
2.1329788877702003E+002 2.1329788877702006E+002 2.8750000000000000E+002 8.5050241956396677E-001
2.1329788877702003E+002 2.1329788877702006E+002 3.0000000000000000E+002 8.5050241956396677E-001
2.1401006870615868E+002 2.1401006870615868E+002 0.0000000000000000E+000 8.5050241956396677E-001
2.1401006870615868E+002 2.1401006870615873E+002 1.2500000000000004E+001 8.5050241956396677E-001
2.1401006870615868E+002 2.1401006870615873E+002 3.7500000000000014E+001 8.5050241956396677E-001
2.1401006870615873E+002 2.1401006870615873E+002 7.5000000000000014E+001 8.5050241956396677E-001
2.1401006870615873E+002 2.1401006870615873E+002 1.1250000000000001E+002 8.5050241956396677E-001
2.1401006870615873E+002 2.1401006870615873E+002 1.5000000000000000E+002 8.5050241956396677E-001
2.1401006870615873E+002 2.1401006870615873E+002 1.8750000000000000E+002 8.5050241956396677E-001
2.1401006870615868E+002 2.1401006870615868E+002 2.2500000000000000E+002 8.5050241956396677E-001
2.1401006870615868E+002 2.1401006870615868E+002 2.6250000000000000E+002 8.5050241956396677E-001
2.1401006870615868E+002 2.1401006870615868E+002 2.8750000000000000E+002 8.5050241956396677E-001
2.1401006870615868E+002 2.1401006870615868E+002 3.0000000000000000E+002 8.5050241956396677E-001
2.1472224863529726E+002 2.1472224863529726E+002 0.0000000000000000E+000 8.5050241956396699E-001
2.1472224863529726E+002 2.1472224863529726E+002 1.2500000000000000E+001 8.5050241956396699E-001
2.1472224863529726E+002 2.1472224863529726E+002 3.7500000000000007E+001 8.5050241956396699E-001
2.1472224863529726E+002 2.1472224863529726E+002 7.4999999999999986E+001 8.5050241956396699E-001
2.1472224863529726E+002 2.1472224863529726E+002 1.1249999999999999E+002 8.5050241956396699E-001
2.1472224863529726E+002 2.1472224863529726E+002 1.4999999999999997E+002 8.5050241956396699E-001
2.1472224863529726E+002 2.1472224863529726E+002 1.8749999999999997E+002 8.5050241956396699E-001
2.1472224863529729E+002 2.1472224863529729E+002 2.2499999999999997E+002 8.5050241956396688E-001
2.1472224863529729E+002 2.1472224863529729E+002 2.6249999999999994E+002 8.5050241956396688E-001
2.1472224863529726E+002 2.1472224863529726E+002 2.8749999999999994E+002 8.5050241956396699E-001
2.1472224863529726E+002 2.1472224863529726E+002 2.9999999999999994E+002 8.5050241956396699E-001
2.5147897486972414E+002 1.6467092847536881E+002 0.0000000000000000E+000 8.5965533265188743E-001
2.5147897486972414E+002 1.6467092847536881E+002 1.2499999999999998E+001 8.5965533265188743E-001
2.5147897486972414E+002 1.6467092847536881E+002 3.7499999999999993E+001 8.5965533265188743E-001
2.5147897486972414E+002 1.6467092847536881E+002 7.4999999999999986E+001 8.5965533265188743E-001
2.5147897486972414E+002 1.6467092847536881E+002 1.1249999999999997E+002 8.5965533265188743E-001
2.5147897486972414E+002 1.6467092847536881E+002 1.4999999999999994E+002 8.5965533265188743E-001
2.5147897486972414E+002 1.6467092847536881E+002 1.8749999999999997E+002 8.5965533265188743E-001
2.5147897486972414E+002 1.6467092847536881E+002 2.2499999999999994E+002 8.5965533265188743E-001
2.5147897486972414E+002 1.6467092847536881E+002 2.6249999999999994E+002 8.5965533265188743E-001
2.5147897486972414E+002 1.6467092847536881E+002 2.8749999999999994E+002 8.5965533265188743E-001
2.5147897486972414E+002 1.6467092847536881E+002 2.9999999999999994E+002 8.5965533265188743E-001
2.5232145049742849E+002 1.6522258987729637E+002 0.0000000000000000E+000 8.5965533265188721E-001
2.5232145049742849E+002 1.6522258987729637E+002 1.2500000000000000E+001 8.5965533265188721E-001
2.5232145049742843E+002 1.6522258987729637E+002 3.7500000000000007E+001 8.5965533265188721E-001
2.5232145049742846E+002 1.6522258987729637E+002 7.5000000000000014E+001 8.5965533265188721E-001
2.5232145049742849E+002 1.6522258987729637E+002 1.1250000000000000E+002 8.5965533265188721E-001
2.5232145049742846E+002 1.6522258987729637E+002 1.5000000000000000E+002 8.5965533265188721E-001
2.5232145049742849E+002 1.6522258987729637E+002 1.8750000000000000E+002 8.5965533265188721E-001
2.5232145049742846E+002 1.6522258987729637E+002 2.2500000000000000E+002 8.5965533265188721E-001
2.5232145049742846E+002 1.6522258987729637E+002 2.6250000000000000E+002 8.5965533265188721E-001
2.5232145049742849E+002 1.6522258987729637E+002 2.8750000000000000E+002 8.5965533265188721E-001
2.5232145049742849E+002 1.6522258987729637E+002 3.0000000000000006E+002 8.5965533265188721E-001
2.5316392612513275E+002 1.6577425127922396E+002 0.0000000000000000E+000 8.5965533265188721E-001
2.5316392612513275E+002 1.6577425127922396E+002 1.2500000000000000E+001 8.5965533265188721E-001
2.5316392612513278E+002 1.6577425127922396E+002 3.7500000000000007E+001 8.5965533265188721E-001
2.5316392612513275E+002 1.6577425127922396E+002 7.5000000000000014E+001 8.5965533265188721E-001
2.5316392612513278E+002 1.6577425127922396E+002 1.1250000000000000E+002 8.5965533265188721E-001
2.5316392612513278E+002 1.6577425127922396E+002 1.5000000000000000E+002 8.5965533265188721E-001
2.5316392612513278E+002 1.6577425127922396E+002 1.8750000000000000E+002 8.5965533265188721E-001
2.5316392612513278E+002 1.6577425127922396E+002 2.2500000000000000E+002 8.5965533265188721E-001
2.5316392612513275E+002 1.6577425127922396E+002 2.6250000000000000E+002 8.5965533265188721E-001
2.5316392612513275E+002 1.6577425127922396E+002 2.8750000000000000E+002 8.5965533265188721E-001
2.5316392612513275E+002 1.6577425127922396E+002 3.0000000000000006E+002 8.5965533265188721E-001
2.5400640175283695E+002 1.6632591268115141E+002 0.0000000000000000E+000 8.5965533265188743E-001
2.5400640175283695E+002 1.6632591268115141E+002 1.2499999999999998E+001 8.5965533265188743E-001
2.5400640175283695E+002 1.6632591268115141E+002 3.7499999999999993E+001 8.5965533265188743E-001
2.5400640175283695E+002 1.6632591268115141E+002 7.4999999999999986E+001 8.5965533265188743E-001
2.5400640175283695E+002 1.6632591268115141E+002 1.1249999999999997E+002 8.5965533265188743E-001
2.5400640175283695E+002 1.6632591268115141E+002 1.4999999999999994E+002 8.5965533265188743E-001
2.5400640175283695E+002 1.6632591268115141E+002 1.8749999999999997E+002 8.5965533265188743E-001
2.5400640175283695E+002 1.6632591268115141E+002 2.2499999999999994E+002 8.5965533265188743E-001
2.5400640175283695E+002 1.6632591268115141E+002 2.6249999999999994E+002 8.5965533265188743E-001
2.5400640175283695E+002 1.6632591268115141E+002 2.8749999999999994E+002 8.5965533265188743E-001
2.5400640175283695E+002 1.6632591268115141E+002 2.9999999999999994E+002 8.5965533265188743E-001
2.7922225090165614E+002 1.1098007695247384E+002 0.0000000000000000E+000 8.8711407191564851E-001
2.7922225090165614E+002 1.1098007695247384E+002 1.2500000000000002E+001 8.8711407191564851E-001
2.7922225090165614E+002 1.1098007695247385E+002 3.7500000000000000E+001 8.8711407191564851E-001
2.7922225090165614E+002 1.1098007695247384E+002 7.4999999999999986E+001 8.8711407191564851E-001
2.7922225090165614E+002 1.1098007695247385E+002 1.1249999999999997E+002 8.8711407191564851E-001
2.7922225090165614E+002 1.1098007695247385E+002 1.4999999999999997E+002 8.8711407191564851E-001
2.7922225090165614E+002 1.1098007695247385E+002 1.8749999999999997E+002 8.8711407191564851E-001
2.7922225090165614E+002 1.1098007695247385E+002 2.2500000000000003E+002 8.8711407191564851E-001
2.7922225090165614E+002 1.1098007695247384E+002 2.6250000000000000E+002 8.8711407191564851E-001
2.7922225090165614E+002 1.1098007695247384E+002 2.8750000000000000E+002 8.8711407191564851E-001
2.7922225090165614E+002 1.1098007695247384E+002 3.0000000000000000E+002 8.8711407191564851E-001
2.8015766882762489E+002 1.1135186950507841E+002 0.0000000000000000E+000 8.8711407191564839E-001
2.8015766882762489E+002 1.1135186950507841E+002 1.2500000000000004E+001 8.8711407191564839E-001
2.8015766882762495E+002 1.1135186950507843E+002 3.7500000000000007E+001 8.8711407191564828E-001
2.8015766882762489E+002 1.1135186950507841E+002 7.4999999999999986E+001 8.8711407191564839E-001
2.8015766882762489E+002 1.1135186950507841E+002 1.1249999999999999E+002 8.8711407191564839E-001
2.8015766882762489E+002 1.1135186950507841E+002 1.4999999999999997E+002 8.8711407191564839E-001
2.8015766882762489E+002 1.1135186950507841E+002 1.8749999999999997E+002 8.8711407191564839E-001
2.8015766882762489E+002 1.1135186950507841E+002 2.2500000000000006E+002 8.8711407191564839E-001
2.8015766882762489E+002 1.1135186950507841E+002 2.6250000000000006E+002 8.8711407191564839E-001
2.8015766882762489E+002 1.1135186950507841E+002 2.8750000000000006E+002 8.8711407191564839E-001
2.8015766882762489E+002 1.1135186950507841E+002 3.0000000000000006E+002 8.8711407191564839E-001
2.8109308675359364E+002 1.1172366205768306E+002 0.0000000000000000E+000 8.8711407191564839E-001
2.8109308675359364E+002 1.1172366205768306E+002 1.2500000000000004E+001 8.8711407191564839E-001
2.8109308675359364E+002 1.1172366205768307E+002 3.7500000000000007E+001 8.8711407191564828E-001
2.8109308675359364E+002 1.1172366205768306E+002 7.4999999999999986E+001 8.8711407191564839E-001
2.8109308675359364E+002 1.1172366205768306E+002 1.1249999999999999E+002 8.8711407191564839E-001
2.8109308675359364E+002 1.1172366205768306E+002 1.4999999999999997E+002 8.8711407191564839E-001
2.8109308675359364E+002 1.1172366205768306E+002 1.8749999999999997E+002 8.8711407191564839E-001
2.8109308675359364E+002 1.1172366205768306E+002 2.2500000000000006E+002 8.8711407191564839E-001
2.8109308675359364E+002 1.1172366205768306E+002 2.6250000000000006E+002 8.8711407191564839E-001
2.8109308675359364E+002 1.1172366205768306E+002 2.8750000000000006E+002 8.8711407191564839E-001
2.8109308675359364E+002 1.1172366205768306E+002 3.0000000000000006E+002 8.8711407191564839E-001
2.8202850467956227E+002 1.1209545461028763E+002 0.0000000000000000E+000 8.8711407191564851E-001
2.8202850467956227E+002 1.1209545461028763E+002 1.2500000000000002E+001 8.8711407191564851E-001
2.8202850467956227E+002 1.1209545461028762E+002 3.7500000000000000E+001 8.8711407191564851E-001
2.8202850467956227E+002 1.1209545461028763E+002 7.4999999999999986E+001 8.8711407191564851E-001
2.8202850467956227E+002 1.1209545461028762E+002 1.1249999999999997E+002 8.8711407191564851E-001
2.8202850467956227E+002 1.1209545461028762E+002 1.4999999999999997E+002 8.8711407191564851E-001
2.8202850467956227E+002 1.1209545461028762E+002 1.8749999999999997E+002 8.8711407191564851E-001
2.8202850467956227E+002 1.1209545461028763E+002 2.2500000000000003E+002 8.8711407191564851E-001
2.8202850467956227E+002 1.1209545461028763E+002 2.6250000000000000E+002 8.8711407191564851E-001
2.8202850467956227E+002 1.1209545461028763E+002 2.8750000000000000E+002 8.8711407191564851E-001
2.8202850467956227E+002 1.1209545461028763E+002 3.0000000000000000E+002 8.8711407191564851E-001
2.9516690298663576E+002 5.5183918024417302E+001 0.0000000000000000E+000 9.3287863735525045E-001
2.9516690298663576E+002 5.5183918024417309E+001 1.2500000000000002E+001 9.3287863735525045E-001
2.9516690298663576E+002 5.5183918024417309E+001 3.7500000000000007E+001 9.3287863735525045E-001
2.9516690298663582E+002 5.5183918024417316E+001 7.5000000000000014E+001 9.3287863735525034E-001
2.9516690298663582E+002 5.5183918024417316E+001 1.1250000000000003E+002 9.3287863735525034E-001
2.9516690298663576E+002 5.5183918024417309E+001 1.4999999999999997E+002 9.3287863735525045E-001
2.9516690298663576E+002 5.5183918024417309E+001 1.8750000000000000E+002 9.3287863735525045E-001
2.9516690298663576E+002 5.5183918024417309E+001 2.2500000000000000E+002 9.3287863735525045E-001
2.9516690298663576E+002 5.5183918024417302E+001 2.6250000000000000E+002 9.3287863735525045E-001
2.9516690298663576E+002 5.5183918024417302E+001 2.8750000000000000E+002 9.3287863735525045E-001
2.9516690298663576E+002 5.5183918024417302E+001 2.9999999999999994E+002 9.3287863735525045E-001
2.9615573683248721E+002 5.5368788771567772E+001 0.0000000000000000E+000 9.3287863735525045E-001
2.9615573683248721E+002 5.5368788771567772E+001 1.2500000000000002E+001 9.3287863735525045E-001
2.9615573683248721E+002 5.5368788771567772E+001 3.7500000000000007E+001 9.3287863735525045E-001
2.9615573683248726E+002 5.5368788771567779E+001 7.5000000000000014E+001 9.3287863735525034E-001
2.9615573683248726E+002 5.5368788771567779E+001 1.1250000000000003E+002 9.3287863735525034E-001
2.9615573683248721E+002 5.5368788771567772E+001 1.4999999999999997E+002 9.3287863735525045E-001
2.9615573683248721E+002 5.5368788771567772E+001 1.8750000000000000E+002 9.3287863735525045E-001
2.9615573683248721E+002 5.5368788771567772E+001 2.2500000000000000E+002 9.3287863735525045E-001
2.9615573683248721E+002 5.5368788771567772E+001 2.6250000000000000E+002 9.3287863735525045E-001
2.9615573683248721E+002 5.5368788771567772E+001 2.8750000000000000E+002 9.3287863735525045E-001
2.9615573683248721E+002 5.5368788771567772E+001 2.9999999999999994E+002 9.3287863735525045E-001
2.9714457067833865E+002 5.5553659518718256E+001 0.0000000000000000E+000 9.3287863735525045E-001
2.9714457067833865E+002 5.5553659518718256E+001 1.2500000000000002E+001 9.3287863735525045E-001
2.9714457067833865E+002 5.5553659518718256E+001 3.7500000000000007E+001 9.3287863735525045E-001
2.9714457067833865E+002 5.5553659518718263E+001 7.5000000000000014E+001 9.3287863735525034E-001
2.9714457067833865E+002 5.5553659518718263E+001 1.1250000000000003E+002 9.3287863735525034E-001
2.9714457067833865E+002 5.5553659518718256E+001 1.4999999999999997E+002 9.3287863735525045E-001
2.9714457067833865E+002 5.5553659518718256E+001 1.8750000000000000E+002 9.3287863735525045E-001
2.9714457067833865E+002 5.5553659518718256E+001 2.2500000000000000E+002 9.3287863735525045E-001
2.9714457067833865E+002 5.5553659518718256E+001 2.6250000000000000E+002 9.3287863735525045E-001
2.9714457067833865E+002 5.5553659518718256E+001 2.8750000000000000E+002 9.3287863735525045E-001
2.9714457067833865E+002 5.5553659518718256E+001 2.9999999999999994E+002 9.3287863735525045E-001
2.9813340452418998E+002 5.5738530265868732E+001 0.0000000000000000E+000 9.3287863735525045E-001
2.9813340452418998E+002 5.5738530265868732E+001 1.2500000000000002E+001 9.3287863735525045E-001
2.9813340452418998E+002 5.5738530265868732E+001 3.7500000000000007E+001 9.3287863735525045E-001
2.9813340452419004E+002 5.5738530265868739E+001 7.5000000000000014E+001 9.3287863735525034E-001
2.9813340452419004E+002 5.5738530265868739E+001 1.1250000000000003E+002 9.3287863735525034E-001
2.9813340452418998E+002 5.5738530265868732E+001 1.4999999999999997E+002 9.3287863735525045E-001
2.9813340452418998E+002 5.5738530265868732E+001 1.8750000000000000E+002 9.3287863735525045E-001
2.9813340452418998E+002 5.5738530265868732E+001 2.2500000000000000E+002 9.3287863735525045E-001
2.9813340452418998E+002 5.5738530265868732E+001 2.6250000000000000E+002 9.3287863735525045E-001
2.9813340452418998E+002 5.5738530265868732E+001 2.8750000000000000E+002 9.3287863735525045E-001
2.9813340452418998E+002 5.5738530265868732E+001 2.9999999999999994E+002 9.3287863735525045E-001
2.9850000000000000E+002 1.8029337062456666E+001 0.0000000000000000E+000 9.7559223176554566E-001
2.9850000000000000E+002 1.8029337062456669E+001 1.2500000000000002E+001 9.7559223176554566E-001
2.9850000000000000E+002 1.8029337062456669E+001 3.7500000000000000E+001 9.7559223176554566E-001
2.9850000000000006E+002 1.8029337062456673E+001 7.5000000000000014E+001 9.7559223176554555E-001
2.9850000000000000E+002 1.8029337062456669E+001 1.1250000000000001E+002 9.7559223176554566E-001
2.9850000000000000E+002 1.8029337062456666E+001 1.5000000000000000E+002 9.7559223176554566E-001
2.9850000000000000E+002 1.8029337062456666E+001 1.8749999999999997E+002 9.7559223176554566E-001
2.9850000000000000E+002 1.8029337062456666E+001 2.2500000000000000E+002 9.7559223176554566E-001
2.9850000000000000E+002 1.8029337062456666E+001 2.6250000000000000E+002 9.7559223176554566E-001
2.9850000000000000E+002 1.8029337062456666E+001 2.8749999999999994E+002 9.7559223176554566E-001
2.9850000000000000E+002 1.8029337062456666E+001 3.0000000000000000E+002 9.7559223176554566E-001
2.9950000000000000E+002 1.8089736851610624E+001 0.0000000000000000E+000 9.7559223176554566E-001
2.9950000000000000E+002 1.8089736851610624E+001 1.2500000000000002E+001 9.7559223176554566E-001
2.9950000000000000E+002 1.8089736851610624E+001 3.7500000000000000E+001 9.7559223176554566E-001
2.9950000000000000E+002 1.8089736851610628E+001 7.5000000000000014E+001 9.7559223176554555E-001
2.9950000000000000E+002 1.8089736851610624E+001 1.1250000000000001E+002 9.7559223176554566E-001
2.9950000000000000E+002 1.8089736851610624E+001 1.5000000000000000E+002 9.7559223176554566E-001
2.9950000000000000E+002 1.8089736851610624E+001 1.8749999999999997E+002 9.7559223176554566E-001
2.9950000000000000E+002 1.8089736851610624E+001 2.2500000000000000E+002 9.7559223176554566E-001
2.9950000000000000E+002 1.8089736851610624E+001 2.6250000000000000E+002 9.7559223176554566E-001
2.9950000000000000E+002 1.8089736851610624E+001 2.8749999999999994E+002 9.7559223176554566E-001
2.9950000000000000E+002 1.8089736851610624E+001 3.0000000000000000E+002 9.7559223176554566E-001
3.0049999999999994E+002 1.8150136640764586E+001 0.0000000000000000E+000 9.7559223176554566E-001
3.0049999999999994E+002 1.8150136640764586E+001 1.2500000000000002E+001 9.7559223176554566E-001
3.0050000000000000E+002 1.8150136640764586E+001 3.7500000000000000E+001 9.7559223176554566E-001
3.0050000000000006E+002 1.8150136640764586E+001 7.5000000000000014E+001 9.7559223176554555E-001
3.0049999999999994E+002 1.8150136640764586E+001 1.1250000000000001E+002 9.7559223176554566E-001
3.0049999999999994E+002 1.8150136640764586E+001 1.5000000000000000E+002 9.7559223176554566E-001
3.0049999999999994E+002 1.8150136640764586E+001 1.8749999999999997E+002 9.7559223176554566E-001
3.0049999999999994E+002 1.8150136640764586E+001 2.2500000000000000E+002 9.7559223176554566E-001
3.0049999999999994E+002 1.8150136640764586E+001 2.6250000000000000E+002 9.7559223176554566E-001
3.0049999999999994E+002 1.8150136640764586E+001 2.8749999999999994E+002 9.7559223176554566E-001
3.0049999999999994E+002 1.8150136640764586E+001 3.0000000000000000E+002 9.7559223176554566E-001
3.0150000000000000E+002 1.8210536429918545E+001 0.0000000000000000E+000 9.7559223176554566E-001
3.0150000000000000E+002 1.8210536429918545E+001 1.2500000000000002E+001 9.7559223176554566E-001
3.0150000000000000E+002 1.8210536429918545E+001 3.7500000000000000E+001 9.7559223176554566E-001
3.0150000000000000E+002 1.8210536429918545E+001 7.5000000000000014E+001 9.7559223176554555E-001
3.0150000000000000E+002 1.8210536429918545E+001 1.1250000000000001E+002 9.7559223176554566E-001
3.0150000000000000E+002 1.8210536429918545E+001 1.5000000000000000E+002 9.7559223176554566E-001
3.0150000000000000E+002 1.8210536429918545E+001 1.8749999999999997E+002 9.7559223176554566E-001
3.0150000000000000E+002 1.8210536429918545E+001 2.2500000000000000E+002 9.7559223176554566E-001
3.0150000000000000E+002 1.8210536429918545E+001 2.6250000000000000E+002 9.7559223176554566E-001
3.0150000000000000E+002 1.8210536429918545E+001 2.8749999999999994E+002 9.7559223176554566E-001
3.0150000000000000E+002 1.8210536429918545E+001 3.0000000000000000E+002 9.7559223176554566E-001
2.9850000000000000E+002 0.0000000000000000E+000 0.0000000000000000E+000 1.0000000000000000E+000
2.9850000000000000E+002 0.0000000000000000E+000 1.2500000000000002E+001 1.0000000000000000E+000
2.9850000000000000E+002 0.0000000000000000E+000 3.7500000000000000E+001 1.0000000000000000E+000
2.9850000000000000E+002 0.0000000000000000E+000 7.5000000000000000E+001 1.0000000000000000E+000
2.9850000000000000E+002 0.0000000000000000E+000 1.1250000000000000E+002 1.0000000000000000E+000
2.9850000000000000E+002 0.0000000000000000E+000 1.5000000000000000E+002 1.0000000000000000E+000
2.9850000000000000E+002 0.0000000000000000E+000 1.8750000000000000E+002 1.0000000000000000E+000
2.9850000000000000E+002 0.0000000000000000E+000 2.2500000000000000E+002 1.0000000000000000E+000
2.9850000000000000E+002 0.0000000000000000E+000 2.6250000000000000E+002 1.0000000000000000E+000
2.9850000000000000E+002 0.0000000000000000E+000 2.8750000000000000E+002 1.0000000000000000E+000
2.9850000000000000E+002 0.0000000000000000E+000 3.0000000000000000E+002 1.0000000000000000E+000
2.9950000000000000E+002 0.0000000000000000E+000 0.0000000000000000E+000 1.0000000000000000E+000
2.9950000000000000E+002 0.0000000000000000E+000 1.2500000000000002E+001 1.0000000000000000E+000
2.9950000000000000E+002 0.0000000000000000E+000 3.7500000000000000E+001 1.0000000000000000E+000
2.9950000000000000E+002 0.0000000000000000E+000 7.5000000000000000E+001 1.0000000000000000E+000
2.9950000000000000E+002 0.0000000000000000E+000 1.1250000000000000E+002 1.0000000000000000E+000
2.9950000000000000E+002 0.0000000000000000E+000 1.5000000000000000E+002 1.0000000000000000E+000
2.9950000000000000E+002 0.0000000000000000E+000 1.8750000000000000E+002 1.0000000000000000E+000
2.9950000000000000E+002 0.0000000000000000E+000 2.2500000000000000E+002 1.0000000000000000E+000
2.9950000000000000E+002 0.0000000000000000E+000 2.6250000000000000E+002 1.0000000000000000E+000
2.9950000000000000E+002 0.0000000000000000E+000 2.8750000000000000E+002 1.0000000000000000E+000
2.9950000000000000E+002 0.0000000000000000E+000 3.0000000000000000E+002 1.0000000000000000E+000
3.0050000000000000E+002 0.0000000000000000E+000 0.0000000000000000E+000 1.0000000000000000E+000
3.0050000000000000E+002 0.0000000000000000E+000 1.2500000000000002E+001 1.0000000000000000E+000
3.0050000000000000E+002 0.0000000000000000E+000 3.7500000000000000E+001 1.0000000000000000E+000
3.0050000000000000E+002 0.0000000000000000E+000 7.5000000000000000E+001 1.0000000000000000E+000
3.0050000000000000E+002 0.0000000000000000E+000 1.1250000000000000E+002 1.0000000000000000E+000
3.0050000000000000E+002 0.0000000000000000E+000 1.5000000000000000E+002 1.0000000000000000E+000
3.0050000000000000E+002 0.0000000000000000E+000 1.8750000000000000E+002 1.0000000000000000E+000
3.0050000000000000E+002 0.0000000000000000E+000 2.2500000000000000E+002 1.0000000000000000E+000
3.0050000000000000E+002 0.0000000000000000E+000 2.6250000000000000E+002 1.0000000000000000E+000
3.0050000000000000E+002 0.0000000000000000E+000 2.8750000000000000E+002 1.0000000000000000E+000
3.0050000000000000E+002 0.0000000000000000E+000 3.0000000000000000E+002 1.0000000000000000E+000
3.0150000000000000E+002 0.0000000000000000E+000 0.0000000000000000E+000 1.0000000000000000E+000
3.0150000000000000E+002 0.0000000000000000E+000 1.2500000000000002E+001 1.0000000000000000E+000
3.0150000000000000E+002 0.0000000000000000E+000 3.7500000000000000E+001 1.0000000000000000E+000
3.0150000000000000E+002 0.0000000000000000E+000 7.5000000000000000E+001 1.0000000000000000E+000
3.0150000000000000E+002 0.0000000000000000E+000 1.1250000000000000E+002 1.0000000000000000E+000
3.0150000000000000E+002 0.0000000000000000E+000 1.5000000000000000E+002 1.0000000000000000E+000
3.0150000000000000E+002 0.0000000000000000E+000 1.8750000000000000E+002 1.0000000000000000E+000
3.0150000000000000E+002 0.0000000000000000E+000 2.2500000000000000E+002 1.0000000000000000E+000
3.0150000000000000E+002 0.0000000000000000E+000 2.6250000000000000E+002 1.0000000000000000E+000
3.0150000000000000E+002 0.0000000000000000E+000 2.8750000000000000E+002 1.0000000000000000E+000
3.0150000000000000E+002 0.0000000000000000E+000 3.0000000000000000E+002 1.0000000000000000E+000
 --------------------------------------------------------
*material
5
3.0e6, 0.3, 1.0, 0.0, 1.0e25
!Young Modulus, Poisson coef, thickness (set to 1.0 if not used), density, Yield Stress
*bcdof
212
441	,	3
442	,	3
443	,	3
444	,	3
445	,	3
446	,	3
447	,	3
448	,	3
449	,	3
450	,	3
451	,	3
452	,	3
453	,	3
454	,	3
455	,	3
456	,	3
457	,	3
458	,	3
459	,	3
460	,	3
461	,	3
462	,	3
463	,	3
464	,	3
465	,	3
466	,	3
467	,	3
468	,	3
469	,	3
470	,	3
471	,	3
472	,	3
473	,	3
474	,	3
475	,	3
476	,	3
477	,	3
478	,	3
479	,	3
480	,	3
481	,	3
482	,	3
483	,	3
484	,	3
1	,	2
2	,	2
3	,	2
4	,	2
5	,	2
6	,	2
7	,	2
8	,	2
9	,	2
10	,	2
11	,	2
12	,	2
13	,	2
14	,	2
15	,	2
16	,	2
17	,	2
18	,	2
19	,	2
20	,	2
21	,	2
22	,	2
23	,	2
24	,	2
25	,	2
26	,	2
27	,	2
28	,	2
29	,	2
30	,	2
31	,	2
32	,	2
33	,	2
34	,	2
35	,	2
36	,	2
37	,	2
38	,	2
39	,	2
40	,	2
41	,	2
42	,	2
43	,	2
44	,	2
55	,	2
66	,	2
77	,	2
88	,	2
99	,	2
110	,	2
121	,	2
132	,	2
143	,	2
154	,	2
165	,	2
176	,	2
187	,	2
198	,	2
209	,	2
220	,	2
231	,	2
242	,	2
253	,	2
264	,	2
275	,	2
286	,	2
297	,	2
308	,	2
319	,	2
330	,	2
341	,	2
352	,	2
363	,	2
374	,	2
385	,	2
396	,	2
407	,	2
418	,	2
429	,	2
440	,	2
451	,	2
462	,	2
473	,	2
484	,	2
1	,	1
2	,	1
3	,	1
4	,	1
5	,	1
6	,	1
7	,	1
8	,	1
9	,	1
10	,	1
11	,	1
12	,	1
13	,	1
14	,	1
15	,	1
16	,	1
17	,	1
18	,	1
19	,	1
20	,	1
21	,	1
22	,	1
23	,	1
24	,	1
25	,	1
26	,	1
27	,	1
28	,	1
29	,	1
30	,	1
31	,	1
32	,	1
33	,	1
34	,	1
35	,	1
36	,	1
37	,	1
38	,	1
39	,	1
40	,	1
41	,	1
42	,	1
43	,	1
44	,	1
45	,	1
56	,	1
67	,	1
78	,	1
89	,	1
100	,	1
111	,	1
122	,	1
133	,	1
144	,	1
155	,	1
166	,	1
177	,	1
188	,	1
199	,	1
210	,	1
221	,	1
232	,	1
243	,	1
254	,	1
265	,	1
276	,	1
287	,	1
298	,	1
309	,	1
320	,	1
331	,	1
342	,	1
353	,	1
364	,	1
375	,	1
386	,	1
397	,	1
408	,	1
419	,	1
430	,	1
441	,	1
452	,	1
463	,	1
474	,	1
*loaddof
2
441, 2, -0.125
474, 2, -0.125
*end