!---------------------------------------------------------------------------
!
! Pinched Cylinder subjected to concentrated load
! 4x4x1 mesh
!
!---------------------------------------------------------------------------
*begin
3           !problem dimension
2, 1, 2     !degree of each dimension
18, 2, 18     !control points in each direction
0, 0, 0     !open(0) or closed(1) knot vector
--------------------------------------------------------
*knots    !knot spans
0.0 0.0 0.0 0.0625	0.125	0.1875	0.25	0.3125	0.375	0.4375	0.5	0.5625	0.625	0.6875	0.75	0.8125	0.875	0.9375 1.0 1.0 1.0
0.0, 0.0, 1.0, 1.0
0.0 0.0 0.0 0.0625	0.125	0.1875	0.25	0.3125	0.375	0.4375	0.5	0.5625	0.625	0.6875	0.75	0.8125	0.875	0.9375 1.0 1.0 1.0
--------------------------------------------------------
*element
Hex27
*bnet     !nurbs control points
0.000000E+000 2.985000E+002 0.000000E+000 1.000000E+000
0.000000E+000 2.985000E+002 9.375000E+000 1.000000E+000
0.000000E+000 2.985000E+002 2.812500E+001 1.000000E+000
0.000000E+000 2.985000E+002 4.687500E+001 1.000000E+000
0.000000E+000 2.985000E+002 6.562500E+001 1.000000E+000
0.000000E+000 2.985000E+002 8.437500E+001 1.000000E+000
0.000000E+000 2.985000E+002 1.031250E+002 1.000000E+000
0.000000E+000 2.985000E+002 1.218750E+002 1.000000E+000
0.000000E+000 2.985000E+002 1.406250E+002 1.000000E+000
0.000000E+000 2.985000E+002 1.593750E+002 1.000000E+000
0.000000E+000 2.985000E+002 1.781250E+002 1.000000E+000
0.000000E+000 2.985000E+002 1.968750E+002 1.000000E+000
0.000000E+000 2.985000E+002 2.156250E+002 1.000000E+000
0.000000E+000 2.985000E+002 2.343750E+002 1.000000E+000
0.000000E+000 2.985000E+002 2.531250E+002 1.000000E+000
0.000000E+000 2.985000E+002 2.718750E+002 1.000000E+000
0.000000E+000 2.985000E+002 2.906250E+002 1.000000E+000
0.000000E+000 2.985000E+002 3.000000E+002 1.000000E+000
0.000000E+000 3.015000E+002 0.000000E+000 1.000000E+000
0.000000E+000 3.015000E+002 9.375000E+000 1.000000E+000
0.000000E+000 3.015000E+002 2.812500E+001 1.000000E+000
0.000000E+000 3.015000E+002 4.687500E+001 1.000000E+000
0.000000E+000 3.015000E+002 6.562500E+001 1.000000E+000
0.000000E+000 3.015000E+002 8.437500E+001 1.000000E+000
0.000000E+000 3.015000E+002 1.031250E+002 1.000000E+000
0.000000E+000 3.015000E+002 1.218750E+002 1.000000E+000
0.000000E+000 3.015000E+002 1.406250E+002 1.000000E+000
0.000000E+000 3.015000E+002 1.593750E+002 1.000000E+000
0.000000E+000 3.015000E+002 1.781250E+002 1.000000E+000
0.000000E+000 3.015000E+002 1.968750E+002 1.000000E+000
0.000000E+000 3.015000E+002 2.156250E+002 1.000000E+000
0.000000E+000 3.015000E+002 2.343750E+002 1.000000E+000
0.000000E+000 3.015000E+002 2.531250E+002 1.000000E+000
0.000000E+000 3.015000E+002 2.718750E+002 1.000000E+000
0.000000E+000 3.015000E+002 2.906250E+002 1.000000E+000
0.000000E+000 3.015000E+002 3.000000E+002 1.000000E+000
1.343795E+001 2.985000E+002 0.000000E+000 9.816942E-001
1.343795E+001 2.985000E+002 9.375000E+000 9.816942E-001
1.343795E+001 2.985000E+002 2.812500E+001 9.816942E-001
1.343795E+001 2.985000E+002 4.687500E+001 9.816942E-001
1.343795E+001 2.985000E+002 6.562500E+001 9.816942E-001
1.343795E+001 2.985000E+002 8.437500E+001 9.816942E-001
1.343795E+001 2.985000E+002 1.031250E+002 9.816942E-001
1.343795E+001 2.985000E+002 1.218750E+002 9.816942E-001
1.343795E+001 2.985000E+002 1.406250E+002 9.816942E-001
1.343795E+001 2.985000E+002 1.593750E+002 9.816942E-001
1.343795E+001 2.985000E+002 1.781250E+002 9.816942E-001
1.343795E+001 2.985000E+002 1.968750E+002 9.816942E-001
1.343795E+001 2.985000E+002 2.156250E+002 9.816942E-001
1.343795E+001 2.985000E+002 2.343750E+002 9.816942E-001
1.343795E+001 2.985000E+002 2.531250E+002 9.816942E-001
1.343795E+001 2.985000E+002 2.718750E+002 9.816942E-001
1.343795E+001 2.985000E+002 2.906250E+002 9.816942E-001
1.343795E+001 2.985000E+002 3.000000E+002 9.816942E-001
1.357301E+001 3.015000E+002 0.000000E+000 9.816942E-001
1.357301E+001 3.015000E+002 9.375000E+000 9.816942E-001
1.357301E+001 3.015000E+002 2.812500E+001 9.816942E-001
1.357301E+001 3.015000E+002 4.687500E+001 9.816942E-001
1.357301E+001 3.015000E+002 6.562500E+001 9.816942E-001
1.357301E+001 3.015000E+002 8.437500E+001 9.816942E-001
1.357301E+001 3.015000E+002 1.031250E+002 9.816942E-001
1.357301E+001 3.015000E+002 1.218750E+002 9.816942E-001
1.357301E+001 3.015000E+002 1.406250E+002 9.816942E-001
1.357301E+001 3.015000E+002 1.593750E+002 9.816942E-001
1.357301E+001 3.015000E+002 1.781250E+002 9.816942E-001
1.357301E+001 3.015000E+002 1.968750E+002 9.816942E-001
1.357301E+001 3.015000E+002 2.156250E+002 9.816942E-001
1.357301E+001 3.015000E+002 2.343750E+002 9.816942E-001
1.357301E+001 3.015000E+002 2.531250E+002 9.816942E-001
1.357301E+001 3.015000E+002 2.718750E+002 9.816942E-001
1.357301E+001 3.015000E+002 2.906250E+002 9.816942E-001
1.357301E+001 3.015000E+002 3.000000E+002 9.816942E-001
4.065662E+001 2.960443E+002 0.000000E+000 9.496590E-001
4.065662E+001 2.960443E+002 9.375000E+000 9.496590E-001
4.065662E+001 2.960443E+002 2.812500E+001 9.496590E-001
4.065662E+001 2.960443E+002 4.687500E+001 9.496590E-001
4.065662E+001 2.960443E+002 6.562500E+001 9.496590E-001
4.065662E+001 2.960443E+002 8.437500E+001 9.496590E-001
4.065662E+001 2.960443E+002 1.031250E+002 9.496590E-001
4.065662E+001 2.960443E+002 1.218750E+002 9.496590E-001
4.065662E+001 2.960443E+002 1.406250E+002 9.496590E-001
4.065662E+001 2.960443E+002 1.593750E+002 9.496590E-001
4.065662E+001 2.960443E+002 1.781250E+002 9.496590E-001
4.065662E+001 2.960443E+002 1.968750E+002 9.496590E-001
4.065662E+001 2.960443E+002 2.156250E+002 9.496590E-001
4.065662E+001 2.960443E+002 2.343750E+002 9.496590E-001
4.065662E+001 2.960443E+002 2.531250E+002 9.496590E-001
4.065662E+001 2.960443E+002 2.718750E+002 9.496590E-001
4.065662E+001 2.960443E+002 2.906250E+002 9.496590E-001
4.065662E+001 2.960443E+002 3.000000E+002 9.496590E-001
4.106523E+001 2.990197E+002 0.000000E+000 9.496590E-001
4.106523E+001 2.990197E+002 9.375000E+000 9.496590E-001
4.106523E+001 2.990197E+002 2.812500E+001 9.496590E-001
4.106523E+001 2.990197E+002 4.687500E+001 9.496590E-001
4.106523E+001 2.990197E+002 6.562500E+001 9.496590E-001
4.106523E+001 2.990197E+002 8.437500E+001 9.496590E-001
4.106523E+001 2.990197E+002 1.031250E+002 9.496590E-001
4.106523E+001 2.990197E+002 1.218750E+002 9.496590E-001
4.106523E+001 2.990197E+002 1.406250E+002 9.496590E-001
4.106523E+001 2.990197E+002 1.593750E+002 9.496590E-001
4.106523E+001 2.990197E+002 1.781250E+002 9.496590E-001
4.106523E+001 2.990197E+002 1.968750E+002 9.496590E-001
4.106523E+001 2.990197E+002 2.156250E+002 9.496590E-001
4.106523E+001 2.990197E+002 2.343750E+002 9.496590E-001
4.106523E+001 2.990197E+002 2.531250E+002 9.496590E-001
4.106523E+001 2.990197E+002 2.718750E+002 9.496590E-001
4.106523E+001 2.990197E+002 2.906250E+002 9.496590E-001
4.106523E+001 2.990197E+002 3.000000E+002 9.496590E-001
6.838203E+001 2.909137E+002 0.000000E+000 9.222002E-001
6.838203E+001 2.909137E+002 9.375000E+000 9.222002E-001
6.838203E+001 2.909137E+002 2.812500E+001 9.222002E-001
6.838203E+001 2.909137E+002 4.687500E+001 9.222002E-001
6.838203E+001 2.909137E+002 6.562500E+001 9.222002E-001
6.838203E+001 2.909137E+002 8.437500E+001 9.222002E-001
6.838203E+001 2.909137E+002 1.031250E+002 9.222002E-001
6.838203E+001 2.909137E+002 1.218750E+002 9.222002E-001
6.838203E+001 2.909137E+002 1.406250E+002 9.222002E-001
6.838203E+001 2.909137E+002 1.593750E+002 9.222002E-001
6.838203E+001 2.909137E+002 1.781250E+002 9.222002E-001
6.838203E+001 2.909137E+002 1.968750E+002 9.222002E-001
6.838203E+001 2.909137E+002 2.156250E+002 9.222002E-001
6.838203E+001 2.909137E+002 2.343750E+002 9.222002E-001
6.838203E+001 2.909137E+002 2.531250E+002 9.222002E-001
6.838203E+001 2.909137E+002 2.718750E+002 9.222002E-001
6.838203E+001 2.909137E+002 2.906250E+002 9.222002E-001
6.838203E+001 2.909137E+002 3.000000E+002 9.222002E-001
6.906929E+001 2.938374E+002 0.000000E+000 9.222002E-001
6.906929E+001 2.938374E+002 9.375000E+000 9.222002E-001
6.906929E+001 2.938374E+002 2.812500E+001 9.222002E-001
6.906929E+001 2.938374E+002 4.687500E+001 9.222002E-001
6.906929E+001 2.938374E+002 6.562500E+001 9.222002E-001
6.906929E+001 2.938374E+002 8.437500E+001 9.222002E-001
6.906929E+001 2.938374E+002 1.031250E+002 9.222002E-001
6.906929E+001 2.938374E+002 1.218750E+002 9.222002E-001
6.906929E+001 2.938374E+002 1.406250E+002 9.222002E-001
6.906929E+001 2.938374E+002 1.593750E+002 9.222002E-001
6.906929E+001 2.938374E+002 1.781250E+002 9.222002E-001
6.906929E+001 2.938374E+002 1.968750E+002 9.222002E-001
6.906929E+001 2.938374E+002 2.156250E+002 9.222002E-001
6.906929E+001 2.938374E+002 2.343750E+002 9.222002E-001
6.906929E+001 2.938374E+002 2.531250E+002 9.222002E-001
6.906929E+001 2.938374E+002 2.718750E+002 9.222002E-001
6.906929E+001 2.938374E+002 2.906250E+002 9.222002E-001
6.906929E+001 2.938374E+002 3.000000E+002 9.222002E-001
9.623734E+001 2.829413E+002 0.000000E+000 8.993180E-001
9.623734E+001 2.829413E+002 9.375000E+000 8.993180E-001
9.623734E+001 2.829413E+002 2.812500E+001 8.993180E-001
9.623734E+001 2.829413E+002 4.687500E+001 8.993180E-001
9.623734E+001 2.829413E+002 6.562500E+001 8.993180E-001
9.623734E+001 2.829413E+002 8.437500E+001 8.993180E-001
9.623734E+001 2.829413E+002 1.031250E+002 8.993180E-001
9.623734E+001 2.829413E+002 1.218750E+002 8.993180E-001
9.623734E+001 2.829413E+002 1.406250E+002 8.993180E-001
9.623734E+001 2.829413E+002 1.593750E+002 8.993180E-001
9.623734E+001 2.829413E+002 1.781250E+002 8.993180E-001
9.623734E+001 2.829413E+002 1.968750E+002 8.993180E-001
9.623734E+001 2.829413E+002 2.156250E+002 8.993180E-001
9.623734E+001 2.829413E+002 2.343750E+002 8.993180E-001
9.623734E+001 2.829413E+002 2.531250E+002 8.993180E-001
9.623734E+001 2.829413E+002 2.718750E+002 8.993180E-001
9.623734E+001 2.829413E+002 2.906250E+002 8.993180E-001
9.623734E+001 2.829413E+002 3.000000E+002 8.993180E-001
9.720455E+001 2.857850E+002 0.000000E+000 8.993180E-001
9.720455E+001 2.857850E+002 9.375000E+000 8.993180E-001
9.720455E+001 2.857850E+002 2.812500E+001 8.993180E-001
9.720455E+001 2.857850E+002 4.687500E+001 8.993180E-001
9.720455E+001 2.857850E+002 6.562500E+001 8.993180E-001
9.720455E+001 2.857850E+002 8.437500E+001 8.993180E-001
9.720455E+001 2.857850E+002 1.031250E+002 8.993180E-001
9.720455E+001 2.857850E+002 1.218750E+002 8.993180E-001
9.720455E+001 2.857850E+002 1.406250E+002 8.993180E-001
9.720455E+001 2.857850E+002 1.593750E+002 8.993180E-001
9.720455E+001 2.857850E+002 1.781250E+002 8.993180E-001
9.720455E+001 2.857850E+002 1.968750E+002 8.993180E-001
9.720455E+001 2.857850E+002 2.156250E+002 8.993180E-001
9.720455E+001 2.857850E+002 2.343750E+002 8.993180E-001
9.720455E+001 2.857850E+002 2.531250E+002 8.993180E-001
9.720455E+001 2.857850E+002 2.718750E+002 8.993180E-001
9.720455E+001 2.857850E+002 2.906250E+002 8.993180E-001
9.720455E+001 2.857850E+002 3.000000E+002 8.993180E-001
1.237986E+002 2.720301E+002 0.000000E+000 8.810121E-001
1.237986E+002 2.720301E+002 9.375000E+000 8.810121E-001
1.237986E+002 2.720301E+002 2.812500E+001 8.810121E-001
1.237986E+002 2.720301E+002 4.687500E+001 8.810121E-001
1.237986E+002 2.720301E+002 6.562500E+001 8.810121E-001
1.237986E+002 2.720301E+002 8.437500E+001 8.810121E-001
1.237986E+002 2.720301E+002 1.031250E+002 8.810121E-001
1.237986E+002 2.720301E+002 1.218750E+002 8.810121E-001
1.237986E+002 2.720301E+002 1.406250E+002 8.810121E-001
1.237986E+002 2.720301E+002 1.593750E+002 8.810121E-001
1.237986E+002 2.720301E+002 1.781250E+002 8.810121E-001
1.237986E+002 2.720301E+002 1.968750E+002 8.810121E-001
1.237986E+002 2.720301E+002 2.156250E+002 8.810121E-001
1.237986E+002 2.720301E+002 2.343750E+002 8.810121E-001
1.237986E+002 2.720301E+002 2.531250E+002 8.810121E-001
1.237986E+002 2.720301E+002 2.718750E+002 8.810121E-001
1.237986E+002 2.720301E+002 2.906250E+002 8.810121E-001
1.237986E+002 2.720301E+002 3.000000E+002 8.810121E-001
1.250428E+002 2.747641E+002 0.000000E+000 8.810121E-001
1.250428E+002 2.747641E+002 9.375000E+000 8.810121E-001
1.250428E+002 2.747641E+002 2.812500E+001 8.810121E-001
1.250428E+002 2.747641E+002 4.687500E+001 8.810121E-001
1.250428E+002 2.747641E+002 6.562500E+001 8.810121E-001
1.250428E+002 2.747641E+002 8.437500E+001 8.810121E-001
1.250428E+002 2.747641E+002 1.031250E+002 8.810121E-001
1.250428E+002 2.747641E+002 1.218750E+002 8.810121E-001
1.250428E+002 2.747641E+002 1.406250E+002 8.810121E-001
1.250428E+002 2.747641E+002 1.593750E+002 8.810121E-001
1.250428E+002 2.747641E+002 1.781250E+002 8.810121E-001
1.250428E+002 2.747641E+002 1.968750E+002 8.810121E-001
1.250428E+002 2.747641E+002 2.156250E+002 8.810121E-001
1.250428E+002 2.747641E+002 2.343750E+002 8.810121E-001
1.250428E+002 2.747641E+002 2.531250E+002 8.810121E-001
1.250428E+002 2.747641E+002 2.718750E+002 8.810121E-001
1.250428E+002 2.747641E+002 2.906250E+002 8.810121E-001
1.250428E+002 2.747641E+002 3.000000E+002 8.810121E-001
1.506108E+002 2.581666E+002 0.000000E+000 8.672828E-001
1.506108E+002 2.581666E+002 9.375000E+000 8.672828E-001
1.506108E+002 2.581666E+002 2.812500E+001 8.672828E-001
1.506108E+002 2.581666E+002 4.687500E+001 8.672828E-001
1.506108E+002 2.581666E+002 6.562500E+001 8.672828E-001
1.506108E+002 2.581666E+002 8.437500E+001 8.672828E-001
1.506108E+002 2.581666E+002 1.031250E+002 8.672828E-001
1.506108E+002 2.581666E+002 1.218750E+002 8.672828E-001
1.506108E+002 2.581666E+002 1.406250E+002 8.672828E-001
1.506108E+002 2.581666E+002 1.593750E+002 8.672828E-001
1.506108E+002 2.581666E+002 1.781250E+002 8.672828E-001
1.506108E+002 2.581666E+002 1.968750E+002 8.672828E-001
1.506108E+002 2.581666E+002 2.156250E+002 8.672828E-001
1.506108E+002 2.581666E+002 2.343750E+002 8.672828E-001
1.506108E+002 2.581666E+002 2.531250E+002 8.672828E-001
1.506108E+002 2.581666E+002 2.718750E+002 8.672828E-001
1.506108E+002 2.581666E+002 2.906250E+002 8.672828E-001
1.506108E+002 2.581666E+002 3.000000E+002 8.672828E-001
1.521245E+002 2.607612E+002 0.000000E+000 8.672828E-001
1.521245E+002 2.607612E+002 9.375000E+000 8.672828E-001
1.521245E+002 2.607612E+002 2.812500E+001 8.672828E-001
1.521245E+002 2.607612E+002 4.687500E+001 8.672828E-001
1.521245E+002 2.607612E+002 6.562500E+001 8.672828E-001
1.521245E+002 2.607612E+002 8.437500E+001 8.672828E-001
1.521245E+002 2.607612E+002 1.031250E+002 8.672828E-001
1.521245E+002 2.607612E+002 1.218750E+002 8.672828E-001
1.521245E+002 2.607612E+002 1.406250E+002 8.672828E-001
1.521245E+002 2.607612E+002 1.593750E+002 8.672828E-001
1.521245E+002 2.607612E+002 1.781250E+002 8.672828E-001
1.521245E+002 2.607612E+002 1.968750E+002 8.672828E-001
1.521245E+002 2.607612E+002 2.156250E+002 8.672828E-001
1.521245E+002 2.607612E+002 2.343750E+002 8.672828E-001
1.521245E+002 2.607612E+002 2.531250E+002 8.672828E-001
1.521245E+002 2.607612E+002 2.718750E+002 8.672828E-001
1.521245E+002 2.607612E+002 2.906250E+002 8.672828E-001
1.521245E+002 2.607612E+002 3.000000E+002 8.672828E-001
1.762092E+002 2.414309E+002 0.000000E+000 8.581298E-001
1.762092E+002 2.414309E+002 9.375000E+000 8.581298E-001
1.762092E+002 2.414309E+002 2.812500E+001 8.581298E-001
1.762092E+002 2.414309E+002 4.687500E+001 8.581298E-001
1.762092E+002 2.414309E+002 6.562500E+001 8.581298E-001
1.762092E+002 2.414309E+002 8.437500E+001 8.581298E-001
1.762092E+002 2.414309E+002 1.031250E+002 8.581298E-001
1.762092E+002 2.414309E+002 1.218750E+002 8.581298E-001
1.762092E+002 2.414309E+002 1.406250E+002 8.581298E-001
1.762092E+002 2.414309E+002 1.593750E+002 8.581298E-001
1.762092E+002 2.414309E+002 1.781250E+002 8.581298E-001
1.762092E+002 2.414309E+002 1.968750E+002 8.581298E-001
1.762092E+002 2.414309E+002 2.156250E+002 8.581298E-001
1.762092E+002 2.414309E+002 2.343750E+002 8.581298E-001
1.762092E+002 2.414309E+002 2.531250E+002 8.581298E-001
1.762092E+002 2.414309E+002 2.718750E+002 8.581298E-001
1.762092E+002 2.414309E+002 2.906250E+002 8.581298E-001
1.762092E+002 2.414309E+002 3.000000E+002 8.581298E-001
1.779801E+002 2.438574E+002 0.000000E+000 8.581298E-001
1.779801E+002 2.438574E+002 9.375000E+000 8.581298E-001
1.779801E+002 2.438574E+002 2.812500E+001 8.581298E-001
1.779801E+002 2.438574E+002 4.687500E+001 8.581298E-001
1.779801E+002 2.438574E+002 6.562500E+001 8.581298E-001
1.779801E+002 2.438574E+002 8.437500E+001 8.581298E-001
1.779801E+002 2.438574E+002 1.031250E+002 8.581298E-001
1.779801E+002 2.438574E+002 1.218750E+002 8.581298E-001
1.779801E+002 2.438574E+002 1.406250E+002 8.581298E-001
1.779801E+002 2.438574E+002 1.593750E+002 8.581298E-001
1.779801E+002 2.438574E+002 1.781250E+002 8.581298E-001
1.779801E+002 2.438574E+002 1.968750E+002 8.581298E-001
1.779801E+002 2.438574E+002 2.156250E+002 8.581298E-001
1.779801E+002 2.438574E+002 2.343750E+002 8.581298E-001
1.779801E+002 2.438574E+002 2.531250E+002 8.581298E-001
1.779801E+002 2.438574E+002 2.718750E+002 8.581298E-001
1.779801E+002 2.438574E+002 2.906250E+002 8.581298E-001
1.779801E+002 2.438574E+002 3.000000E+002 8.581298E-001
2.001428E+002 2.220000E+002 0.000000E+000 8.535534E-001
2.001428E+002 2.220000E+002 9.375000E+000 8.535534E-001
2.001428E+002 2.220000E+002 2.812500E+001 8.535534E-001
2.001428E+002 2.220000E+002 4.687500E+001 8.535534E-001
2.001428E+002 2.220000E+002 6.562500E+001 8.535534E-001
2.001428E+002 2.220000E+002 8.437500E+001 8.535534E-001
2.001428E+002 2.220000E+002 1.031250E+002 8.535534E-001
2.001428E+002 2.220000E+002 1.218750E+002 8.535534E-001
2.001428E+002 2.220000E+002 1.406250E+002 8.535534E-001
2.001428E+002 2.220000E+002 1.593750E+002 8.535534E-001
2.001428E+002 2.220000E+002 1.781250E+002 8.535534E-001
2.001428E+002 2.220000E+002 1.968750E+002 8.535534E-001
2.001428E+002 2.220000E+002 2.156250E+002 8.535534E-001
2.001428E+002 2.220000E+002 2.343750E+002 8.535534E-001
2.001428E+002 2.220000E+002 2.531250E+002 8.535534E-001
2.001428E+002 2.220000E+002 2.718750E+002 8.535534E-001
2.001428E+002 2.220000E+002 2.906250E+002 8.535534E-001
2.001428E+002 2.220000E+002 3.000000E+002 8.535534E-001
2.021543E+002 2.242311E+002 0.000000E+000 8.535534E-001
2.021543E+002 2.242311E+002 9.375000E+000 8.535534E-001
2.021543E+002 2.242311E+002 2.812500E+001 8.535534E-001
2.021543E+002 2.242311E+002 4.687500E+001 8.535534E-001
2.021543E+002 2.242311E+002 6.562500E+001 8.535534E-001
2.021543E+002 2.242311E+002 8.437500E+001 8.535534E-001
2.021543E+002 2.242311E+002 1.031250E+002 8.535534E-001
2.021543E+002 2.242311E+002 1.218750E+002 8.535534E-001
2.021543E+002 2.242311E+002 1.406250E+002 8.535534E-001
2.021543E+002 2.242311E+002 1.593750E+002 8.535534E-001
2.021543E+002 2.242311E+002 1.781250E+002 8.535534E-001
2.021543E+002 2.242311E+002 1.968750E+002 8.535534E-001
2.021543E+002 2.242311E+002 2.156250E+002 8.535534E-001
2.021543E+002 2.242311E+002 2.343750E+002 8.535534E-001
2.021543E+002 2.242311E+002 2.531250E+002 8.535534E-001
2.021543E+002 2.242311E+002 2.718750E+002 8.535534E-001
2.021543E+002 2.242311E+002 2.906250E+002 8.535534E-001
2.021543E+002 2.242311E+002 3.000000E+002 8.535534E-001
2.220000E+002 2.001428E+002 0.000000E+000 8.535534E-001
2.220000E+002 2.001428E+002 9.375000E+000 8.535534E-001
2.220000E+002 2.001428E+002 2.812500E+001 8.535534E-001
2.220000E+002 2.001428E+002 4.687500E+001 8.535534E-001
2.220000E+002 2.001428E+002 6.562500E+001 8.535534E-001
2.220000E+002 2.001428E+002 8.437500E+001 8.535534E-001
2.220000E+002 2.001428E+002 1.031250E+002 8.535534E-001
2.220000E+002 2.001428E+002 1.218750E+002 8.535534E-001
2.220000E+002 2.001428E+002 1.406250E+002 8.535534E-001
2.220000E+002 2.001428E+002 1.593750E+002 8.535534E-001
2.220000E+002 2.001428E+002 1.781250E+002 8.535534E-001
2.220000E+002 2.001428E+002 1.968750E+002 8.535534E-001
2.220000E+002 2.001428E+002 2.156250E+002 8.535534E-001
2.220000E+002 2.001428E+002 2.343750E+002 8.535534E-001
2.220000E+002 2.001428E+002 2.531250E+002 8.535534E-001
2.220000E+002 2.001428E+002 2.718750E+002 8.535534E-001
2.220000E+002 2.001428E+002 2.906250E+002 8.535534E-001
2.220000E+002 2.001428E+002 3.000000E+002 8.535534E-001
2.242311E+002 2.021543E+002 0.000000E+000 8.535534E-001
2.242311E+002 2.021543E+002 9.375000E+000 8.535534E-001
2.242311E+002 2.021543E+002 2.812500E+001 8.535534E-001
2.242311E+002 2.021543E+002 4.687500E+001 8.535534E-001
2.242311E+002 2.021543E+002 6.562500E+001 8.535534E-001
2.242311E+002 2.021543E+002 8.437500E+001 8.535534E-001
2.242311E+002 2.021543E+002 1.031250E+002 8.535534E-001
2.242311E+002 2.021543E+002 1.218750E+002 8.535534E-001
2.242311E+002 2.021543E+002 1.406250E+002 8.535534E-001
2.242311E+002 2.021543E+002 1.593750E+002 8.535534E-001
2.242311E+002 2.021543E+002 1.781250E+002 8.535534E-001
2.242311E+002 2.021543E+002 1.968750E+002 8.535534E-001
2.242311E+002 2.021543E+002 2.156250E+002 8.535534E-001
2.242311E+002 2.021543E+002 2.343750E+002 8.535534E-001
2.242311E+002 2.021543E+002 2.531250E+002 8.535534E-001
2.242311E+002 2.021543E+002 2.718750E+002 8.535534E-001
2.242311E+002 2.021543E+002 2.906250E+002 8.535534E-001
2.242311E+002 2.021543E+002 3.000000E+002 8.535534E-001
2.414309E+002 1.762092E+002 0.000000E+000 8.581298E-001
2.414309E+002 1.762092E+002 9.375000E+000 8.581298E-001
2.414309E+002 1.762092E+002 2.812500E+001 8.581298E-001
2.414309E+002 1.762092E+002 4.687500E+001 8.581298E-001
2.414309E+002 1.762092E+002 6.562500E+001 8.581298E-001
2.414309E+002 1.762092E+002 8.437500E+001 8.581298E-001
2.414309E+002 1.762092E+002 1.031250E+002 8.581298E-001
2.414309E+002 1.762092E+002 1.218750E+002 8.581298E-001
2.414309E+002 1.762092E+002 1.406250E+002 8.581298E-001
2.414309E+002 1.762092E+002 1.593750E+002 8.581298E-001
2.414309E+002 1.762092E+002 1.781250E+002 8.581298E-001
2.414309E+002 1.762092E+002 1.968750E+002 8.581298E-001
2.414309E+002 1.762092E+002 2.156250E+002 8.581298E-001
2.414309E+002 1.762092E+002 2.343750E+002 8.581298E-001
2.414309E+002 1.762092E+002 2.531250E+002 8.581298E-001
2.414309E+002 1.762092E+002 2.718750E+002 8.581298E-001
2.414309E+002 1.762092E+002 2.906250E+002 8.581298E-001
2.414309E+002 1.762092E+002 3.000000E+002 8.581298E-001
2.438574E+002 1.779801E+002 0.000000E+000 8.581298E-001
2.438574E+002 1.779801E+002 9.375000E+000 8.581298E-001
2.438574E+002 1.779801E+002 2.812500E+001 8.581298E-001
2.438574E+002 1.779801E+002 4.687500E+001 8.581298E-001
2.438574E+002 1.779801E+002 6.562500E+001 8.581298E-001
2.438574E+002 1.779801E+002 8.437500E+001 8.581298E-001
2.438574E+002 1.779801E+002 1.031250E+002 8.581298E-001
2.438574E+002 1.779801E+002 1.218750E+002 8.581298E-001
2.438574E+002 1.779801E+002 1.406250E+002 8.581298E-001
2.438574E+002 1.779801E+002 1.593750E+002 8.581298E-001
2.438574E+002 1.779801E+002 1.781250E+002 8.581298E-001
2.438574E+002 1.779801E+002 1.968750E+002 8.581298E-001
2.438574E+002 1.779801E+002 2.156250E+002 8.581298E-001
2.438574E+002 1.779801E+002 2.343750E+002 8.581298E-001
2.438574E+002 1.779801E+002 2.531250E+002 8.581298E-001
2.438574E+002 1.779801E+002 2.718750E+002 8.581298E-001
2.438574E+002 1.779801E+002 2.906250E+002 8.581298E-001
2.438574E+002 1.779801E+002 3.000000E+002 8.581298E-001
2.581666E+002 1.506108E+002 0.000000E+000 8.672828E-001
2.581666E+002 1.506108E+002 9.375000E+000 8.672828E-001
2.581666E+002 1.506108E+002 2.812500E+001 8.672828E-001
2.581666E+002 1.506108E+002 4.687500E+001 8.672828E-001
2.581666E+002 1.506108E+002 6.562500E+001 8.672828E-001
2.581666E+002 1.506108E+002 8.437500E+001 8.672828E-001
2.581666E+002 1.506108E+002 1.031250E+002 8.672828E-001
2.581666E+002 1.506108E+002 1.218750E+002 8.672828E-001
2.581666E+002 1.506108E+002 1.406250E+002 8.672828E-001
2.581666E+002 1.506108E+002 1.593750E+002 8.672828E-001
2.581666E+002 1.506108E+002 1.781250E+002 8.672828E-001
2.581666E+002 1.506108E+002 1.968750E+002 8.672828E-001
2.581666E+002 1.506108E+002 2.156250E+002 8.672828E-001
2.581666E+002 1.506108E+002 2.343750E+002 8.672828E-001
2.581666E+002 1.506108E+002 2.531250E+002 8.672828E-001
2.581666E+002 1.506108E+002 2.718750E+002 8.672828E-001
2.581666E+002 1.506108E+002 2.906250E+002 8.672828E-001
2.581666E+002 1.506108E+002 3.000000E+002 8.672828E-001
2.607612E+002 1.521245E+002 0.000000E+000 8.672828E-001
2.607612E+002 1.521245E+002 9.375000E+000 8.672828E-001
2.607612E+002 1.521245E+002 2.812500E+001 8.672828E-001
2.607612E+002 1.521245E+002 4.687500E+001 8.672828E-001
2.607612E+002 1.521245E+002 6.562500E+001 8.672828E-001
2.607612E+002 1.521245E+002 8.437500E+001 8.672828E-001
2.607612E+002 1.521245E+002 1.031250E+002 8.672828E-001
2.607612E+002 1.521245E+002 1.218750E+002 8.672828E-001
2.607612E+002 1.521245E+002 1.406250E+002 8.672828E-001
2.607612E+002 1.521245E+002 1.593750E+002 8.672828E-001
2.607612E+002 1.521245E+002 1.781250E+002 8.672828E-001
2.607612E+002 1.521245E+002 1.968750E+002 8.672828E-001
2.607612E+002 1.521245E+002 2.156250E+002 8.672828E-001
2.607612E+002 1.521245E+002 2.343750E+002 8.672828E-001
2.607612E+002 1.521245E+002 2.531250E+002 8.672828E-001
2.607612E+002 1.521245E+002 2.718750E+002 8.672828E-001
2.607612E+002 1.521245E+002 2.906250E+002 8.672828E-001
2.607612E+002 1.521245E+002 3.000000E+002 8.672828E-001
2.720301E+002 1.237986E+002 0.000000E+000 8.810121E-001
2.720301E+002 1.237986E+002 9.375000E+000 8.810121E-001
2.720301E+002 1.237986E+002 2.812500E+001 8.810121E-001
2.720301E+002 1.237986E+002 4.687500E+001 8.810121E-001
2.720301E+002 1.237986E+002 6.562500E+001 8.810121E-001
2.720301E+002 1.237986E+002 8.437500E+001 8.810121E-001
2.720301E+002 1.237986E+002 1.031250E+002 8.810121E-001
2.720301E+002 1.237986E+002 1.218750E+002 8.810121E-001
2.720301E+002 1.237986E+002 1.406250E+002 8.810121E-001
2.720301E+002 1.237986E+002 1.593750E+002 8.810121E-001
2.720301E+002 1.237986E+002 1.781250E+002 8.810121E-001
2.720301E+002 1.237986E+002 1.968750E+002 8.810121E-001
2.720301E+002 1.237986E+002 2.156250E+002 8.810121E-001
2.720301E+002 1.237986E+002 2.343750E+002 8.810121E-001
2.720301E+002 1.237986E+002 2.531250E+002 8.810121E-001
2.720301E+002 1.237986E+002 2.718750E+002 8.810121E-001
2.720301E+002 1.237986E+002 2.906250E+002 8.810121E-001
2.720301E+002 1.237986E+002 3.000000E+002 8.810121E-001
2.747641E+002 1.250428E+002 0.000000E+000 8.810121E-001
2.747641E+002 1.250428E+002 9.375000E+000 8.810121E-001
2.747641E+002 1.250428E+002 2.812500E+001 8.810121E-001
2.747641E+002 1.250428E+002 4.687500E+001 8.810121E-001
2.747641E+002 1.250428E+002 6.562500E+001 8.810121E-001
2.747641E+002 1.250428E+002 8.437500E+001 8.810121E-001
2.747641E+002 1.250428E+002 1.031250E+002 8.810121E-001
2.747641E+002 1.250428E+002 1.218750E+002 8.810121E-001
2.747641E+002 1.250428E+002 1.406250E+002 8.810121E-001
2.747641E+002 1.250428E+002 1.593750E+002 8.810121E-001
2.747641E+002 1.250428E+002 1.781250E+002 8.810121E-001
2.747641E+002 1.250428E+002 1.968750E+002 8.810121E-001
2.747641E+002 1.250428E+002 2.156250E+002 8.810121E-001
2.747641E+002 1.250428E+002 2.343750E+002 8.810121E-001
2.747641E+002 1.250428E+002 2.531250E+002 8.810121E-001
2.747641E+002 1.250428E+002 2.718750E+002 8.810121E-001
2.747641E+002 1.250428E+002 2.906250E+002 8.810121E-001
2.747641E+002 1.250428E+002 3.000000E+002 8.810121E-001
2.829413E+002 9.623734E+001 0.000000E+000 8.993180E-001
2.829413E+002 9.623734E+001 9.375000E+000 8.993180E-001
2.829413E+002 9.623734E+001 2.812500E+001 8.993180E-001
2.829413E+002 9.623734E+001 4.687500E+001 8.993180E-001
2.829413E+002 9.623734E+001 6.562500E+001 8.993180E-001
2.829413E+002 9.623734E+001 8.437500E+001 8.993180E-001
2.829413E+002 9.623734E+001 1.031250E+002 8.993180E-001
2.829413E+002 9.623734E+001 1.218750E+002 8.993180E-001
2.829413E+002 9.623734E+001 1.406250E+002 8.993180E-001
2.829413E+002 9.623734E+001 1.593750E+002 8.993180E-001
2.829413E+002 9.623734E+001 1.781250E+002 8.993180E-001
2.829413E+002 9.623734E+001 1.968750E+002 8.993180E-001
2.829413E+002 9.623734E+001 2.156250E+002 8.993180E-001
2.829413E+002 9.623734E+001 2.343750E+002 8.993180E-001
2.829413E+002 9.623734E+001 2.531250E+002 8.993180E-001
2.829413E+002 9.623734E+001 2.718750E+002 8.993180E-001
2.829413E+002 9.623734E+001 2.906250E+002 8.993180E-001
2.829413E+002 9.623734E+001 3.000000E+002 8.993180E-001
2.857850E+002 9.720455E+001 0.000000E+000 8.993180E-001
2.857850E+002 9.720455E+001 9.375000E+000 8.993180E-001
2.857850E+002 9.720455E+001 2.812500E+001 8.993180E-001
2.857850E+002 9.720455E+001 4.687500E+001 8.993180E-001
2.857850E+002 9.720455E+001 6.562500E+001 8.993180E-001
2.857850E+002 9.720455E+001 8.437500E+001 8.993180E-001
2.857850E+002 9.720455E+001 1.031250E+002 8.993180E-001
2.857850E+002 9.720455E+001 1.218750E+002 8.993180E-001
2.857850E+002 9.720455E+001 1.406250E+002 8.993180E-001
2.857850E+002 9.720455E+001 1.593750E+002 8.993180E-001
2.857850E+002 9.720455E+001 1.781250E+002 8.993180E-001
2.857850E+002 9.720455E+001 1.968750E+002 8.993180E-001
2.857850E+002 9.720455E+001 2.156250E+002 8.993180E-001
2.857850E+002 9.720455E+001 2.343750E+002 8.993180E-001
2.857850E+002 9.720455E+001 2.531250E+002 8.993180E-001
2.857850E+002 9.720455E+001 2.718750E+002 8.993180E-001
2.857850E+002 9.720455E+001 2.906250E+002 8.993180E-001
2.857850E+002 9.720455E+001 3.000000E+002 8.993180E-001
2.909137E+002 6.838203E+001 0.000000E+000 9.222002E-001
2.909137E+002 6.838203E+001 9.375000E+000 9.222002E-001
2.909137E+002 6.838203E+001 2.812500E+001 9.222002E-001
2.909137E+002 6.838203E+001 4.687500E+001 9.222002E-001
2.909137E+002 6.838203E+001 6.562500E+001 9.222002E-001
2.909137E+002 6.838203E+001 8.437500E+001 9.222002E-001
2.909137E+002 6.838203E+001 1.031250E+002 9.222002E-001
2.909137E+002 6.838203E+001 1.218750E+002 9.222002E-001
2.909137E+002 6.838203E+001 1.406250E+002 9.222002E-001
2.909137E+002 6.838203E+001 1.593750E+002 9.222002E-001
2.909137E+002 6.838203E+001 1.781250E+002 9.222002E-001
2.909137E+002 6.838203E+001 1.968750E+002 9.222002E-001
2.909137E+002 6.838203E+001 2.156250E+002 9.222002E-001
2.909137E+002 6.838203E+001 2.343750E+002 9.222002E-001
2.909137E+002 6.838203E+001 2.531250E+002 9.222002E-001
2.909137E+002 6.838203E+001 2.718750E+002 9.222002E-001
2.909137E+002 6.838203E+001 2.906250E+002 9.222002E-001
2.909137E+002 6.838203E+001 3.000000E+002 9.222002E-001
2.938374E+002 6.906929E+001 0.000000E+000 9.222002E-001
2.938374E+002 6.906929E+001 9.375000E+000 9.222002E-001
2.938374E+002 6.906929E+001 2.812500E+001 9.222002E-001
2.938374E+002 6.906929E+001 4.687500E+001 9.222002E-001
2.938374E+002 6.906929E+001 6.562500E+001 9.222002E-001
2.938374E+002 6.906929E+001 8.437500E+001 9.222002E-001
2.938374E+002 6.906929E+001 1.031250E+002 9.222002E-001
2.938374E+002 6.906929E+001 1.218750E+002 9.222002E-001
2.938374E+002 6.906929E+001 1.406250E+002 9.222002E-001
2.938374E+002 6.906929E+001 1.593750E+002 9.222002E-001
2.938374E+002 6.906929E+001 1.781250E+002 9.222002E-001
2.938374E+002 6.906929E+001 1.968750E+002 9.222002E-001
2.938374E+002 6.906929E+001 2.156250E+002 9.222002E-001
2.938374E+002 6.906929E+001 2.343750E+002 9.222002E-001
2.938374E+002 6.906929E+001 2.531250E+002 9.222002E-001
2.938374E+002 6.906929E+001 2.718750E+002 9.222002E-001
2.938374E+002 6.906929E+001 2.906250E+002 9.222002E-001
2.938374E+002 6.906929E+001 3.000000E+002 9.222002E-001
2.960443E+002 4.065662E+001 0.000000E+000 9.496590E-001
2.960443E+002 4.065662E+001 9.375000E+000 9.496590E-001
2.960443E+002 4.065662E+001 2.812500E+001 9.496590E-001
2.960443E+002 4.065662E+001 4.687500E+001 9.496590E-001
2.960443E+002 4.065662E+001 6.562500E+001 9.496590E-001
2.960443E+002 4.065662E+001 8.437500E+001 9.496590E-001
2.960443E+002 4.065662E+001 1.031250E+002 9.496590E-001
2.960443E+002 4.065662E+001 1.218750E+002 9.496590E-001
2.960443E+002 4.065662E+001 1.406250E+002 9.496590E-001
2.960443E+002 4.065662E+001 1.593750E+002 9.496590E-001
2.960443E+002 4.065662E+001 1.781250E+002 9.496590E-001
2.960443E+002 4.065662E+001 1.968750E+002 9.496590E-001
2.960443E+002 4.065662E+001 2.156250E+002 9.496590E-001
2.960443E+002 4.065662E+001 2.343750E+002 9.496590E-001
2.960443E+002 4.065662E+001 2.531250E+002 9.496590E-001
2.960443E+002 4.065662E+001 2.718750E+002 9.496590E-001
2.960443E+002 4.065662E+001 2.906250E+002 9.496590E-001
2.960443E+002 4.065662E+001 3.000000E+002 9.496590E-001
2.990197E+002 4.106523E+001 0.000000E+000 9.496590E-001
2.990197E+002 4.106523E+001 9.375000E+000 9.496590E-001
2.990197E+002 4.106523E+001 2.812500E+001 9.496590E-001
2.990197E+002 4.106523E+001 4.687500E+001 9.496590E-001
2.990197E+002 4.106523E+001 6.562500E+001 9.496590E-001
2.990197E+002 4.106523E+001 8.437500E+001 9.496590E-001
2.990197E+002 4.106523E+001 1.031250E+002 9.496590E-001
2.990197E+002 4.106523E+001 1.218750E+002 9.496590E-001
2.990197E+002 4.106523E+001 1.406250E+002 9.496590E-001
2.990197E+002 4.106523E+001 1.593750E+002 9.496590E-001
2.990197E+002 4.106523E+001 1.781250E+002 9.496590E-001
2.990197E+002 4.106523E+001 1.968750E+002 9.496590E-001
2.990197E+002 4.106523E+001 2.156250E+002 9.496590E-001
2.990197E+002 4.106523E+001 2.343750E+002 9.496590E-001
2.990197E+002 4.106523E+001 2.531250E+002 9.496590E-001
2.990197E+002 4.106523E+001 2.718750E+002 9.496590E-001
2.990197E+002 4.106523E+001 2.906250E+002 9.496590E-001
2.990197E+002 4.106523E+001 3.000000E+002 9.496590E-001
2.985000E+002 1.343795E+001 0.000000E+000 9.816942E-001
2.985000E+002 1.343795E+001 9.375000E+000 9.816942E-001
2.985000E+002 1.343795E+001 2.812500E+001 9.816942E-001
2.985000E+002 1.343795E+001 4.687500E+001 9.816942E-001
2.985000E+002 1.343795E+001 6.562500E+001 9.816942E-001
2.985000E+002 1.343795E+001 8.437500E+001 9.816942E-001
2.985000E+002 1.343795E+001 1.031250E+002 9.816942E-001
2.985000E+002 1.343795E+001 1.218750E+002 9.816942E-001
2.985000E+002 1.343795E+001 1.406250E+002 9.816942E-001
2.985000E+002 1.343795E+001 1.593750E+002 9.816942E-001
2.985000E+002 1.343795E+001 1.781250E+002 9.816942E-001
2.985000E+002 1.343795E+001 1.968750E+002 9.816942E-001
2.985000E+002 1.343795E+001 2.156250E+002 9.816942E-001
2.985000E+002 1.343795E+001 2.343750E+002 9.816942E-001
2.985000E+002 1.343795E+001 2.531250E+002 9.816942E-001
2.985000E+002 1.343795E+001 2.718750E+002 9.816942E-001
2.985000E+002 1.343795E+001 2.906250E+002 9.816942E-001
2.985000E+002 1.343795E+001 3.000000E+002 9.816942E-001
3.015000E+002 1.357301E+001 0.000000E+000 9.816942E-001
3.015000E+002 1.357301E+001 9.375000E+000 9.816942E-001
3.015000E+002 1.357301E+001 2.812500E+001 9.816942E-001
3.015000E+002 1.357301E+001 4.687500E+001 9.816942E-001
3.015000E+002 1.357301E+001 6.562500E+001 9.816942E-001
3.015000E+002 1.357301E+001 8.437500E+001 9.816942E-001
3.015000E+002 1.357301E+001 1.031250E+002 9.816942E-001
3.015000E+002 1.357301E+001 1.218750E+002 9.816942E-001
3.015000E+002 1.357301E+001 1.406250E+002 9.816942E-001
3.015000E+002 1.357301E+001 1.593750E+002 9.816942E-001
3.015000E+002 1.357301E+001 1.781250E+002 9.816942E-001
3.015000E+002 1.357301E+001 1.968750E+002 9.816942E-001
3.015000E+002 1.357301E+001 2.156250E+002 9.816942E-001
3.015000E+002 1.357301E+001 2.343750E+002 9.816942E-001
3.015000E+002 1.357301E+001 2.531250E+002 9.816942E-001
3.015000E+002 1.357301E+001 2.718750E+002 9.816942E-001
3.015000E+002 1.357301E+001 2.906250E+002 9.816942E-001
3.015000E+002 1.357301E+001 3.000000E+002 9.816942E-001
2.985000E+002 0.000000E+000 0.000000E+000 1.000000E+000
2.985000E+002 0.000000E+000 9.375000E+000 1.000000E+000
2.985000E+002 0.000000E+000 2.812500E+001 1.000000E+000
2.985000E+002 0.000000E+000 4.687500E+001 1.000000E+000
2.985000E+002 0.000000E+000 6.562500E+001 1.000000E+000
2.985000E+002 0.000000E+000 8.437500E+001 1.000000E+000
2.985000E+002 0.000000E+000 1.031250E+002 1.000000E+000
2.985000E+002 0.000000E+000 1.218750E+002 1.000000E+000
2.985000E+002 0.000000E+000 1.406250E+002 1.000000E+000
2.985000E+002 0.000000E+000 1.593750E+002 1.000000E+000
2.985000E+002 0.000000E+000 1.781250E+002 1.000000E+000
2.985000E+002 0.000000E+000 1.968750E+002 1.000000E+000
2.985000E+002 0.000000E+000 2.156250E+002 1.000000E+000
2.985000E+002 0.000000E+000 2.343750E+002 1.000000E+000
2.985000E+002 0.000000E+000 2.531250E+002 1.000000E+000
2.985000E+002 0.000000E+000 2.718750E+002 1.000000E+000
2.985000E+002 0.000000E+000 2.906250E+002 1.000000E+000
2.985000E+002 0.000000E+000 3.000000E+002 1.000000E+000
3.015000E+002 0.000000E+000 0.000000E+000 1.000000E+000
3.015000E+002 0.000000E+000 9.375000E+000 1.000000E+000
3.015000E+002 0.000000E+000 2.812500E+001 1.000000E+000
3.015000E+002 0.000000E+000 4.687500E+001 1.000000E+000
3.015000E+002 0.000000E+000 6.562500E+001 1.000000E+000
3.015000E+002 0.000000E+000 8.437500E+001 1.000000E+000
3.015000E+002 0.000000E+000 1.031250E+002 1.000000E+000
3.015000E+002 0.000000E+000 1.218750E+002 1.000000E+000
3.015000E+002 0.000000E+000 1.406250E+002 1.000000E+000
3.015000E+002 0.000000E+000 1.593750E+002 1.000000E+000
3.015000E+002 0.000000E+000 1.781250E+002 1.000000E+000
3.015000E+002 0.000000E+000 1.968750E+002 1.000000E+000
3.015000E+002 0.000000E+000 2.156250E+002 1.000000E+000
3.015000E+002 0.000000E+000 2.343750E+002 1.000000E+000
3.015000E+002 0.000000E+000 2.531250E+002 1.000000E+000
3.015000E+002 0.000000E+000 2.718750E+002 1.000000E+000
3.015000E+002 0.000000E+000 2.906250E+002 1.000000E+000
3.015000E+002 0.000000E+000 3.000000E+002 1.000000E+000
 --------------------------------------------------------
*material
5
3.0e6, 0.3, 1.0, 0.0, 1.0e25
!Young Modulus, Poisson coef, thickness (set to 1.0 if not used), density, Yield Stress
*boundary
176
1, 1, 1, 1 ***symm xx
1, 2, 1, 1
1, 1, 2, 1
1, 2, 2, 1
1, 1, 3, 1
1, 2, 3, 1
1, 1, 4, 1
1, 2, 4, 1
1, 1, 5, 1
1, 2, 5, 1
1, 1, 6, 1
1, 2, 6, 1
1, 1, 7, 1
1, 2, 7, 1
1, 1, 8, 1
1, 2, 8, 1
1, 1, 9, 1
1, 2, 9, 1
1, 1, 10, 1
1, 2, 10, 1
1, 1, 11, 1
1, 2, 11, 1
1, 1, 12, 1
1, 2, 12, 1
1, 1, 13, 1
1, 2, 13, 1
1, 1, 14, 1
1, 2, 14, 1
1, 1, 15, 1
1, 2, 15, 1
1, 1, 16, 1
1, 2, 16, 1
1, 1, 17, 1
1, 2, 17, 1
1, 1, 18, 1
1, 2, 18, 1
18, 1, 1, 2 *** symm yy
18, 2, 1, 2
18, 1, 2, 2
18, 2, 2, 2
18, 1, 3, 2
18, 2, 3, 2
18, 1, 4, 2
18, 2, 4, 2
18, 1, 5, 2
18, 2, 5, 2
18, 1, 6, 2
18, 2, 6, 2
18, 1, 7, 2
18, 2, 7, 2
18, 1, 8, 2
18, 2, 8, 2
18, 1, 9, 2
18, 2, 9, 2
18, 1, 10, 2
18, 2, 10, 2
18, 1, 11, 2
18, 2, 11, 2
18, 1, 12, 2
18, 2, 12, 2
18, 1, 13, 2
18, 2, 13, 2
18, 1, 14, 2
18, 2, 14, 2
18, 1, 15, 2
18, 2, 15, 2
18, 1, 16, 2
18, 2, 16, 2
18, 1, 17, 2
18, 2, 17, 2
18, 1, 18, 2
18, 2, 18, 2
1, 1, 1, 3 ***symm zz
1, 2, 1, 3
2, 1, 1, 3
2, 2, 1, 3
3, 1, 1, 3
3, 2, 1, 3
4, 1, 1, 3
4, 2, 1, 3
5, 1, 1, 3
5, 2, 1, 3
6, 1, 1, 3
6, 2, 1, 3
7, 1, 1, 3
7, 2, 1, 3
8, 1, 1, 3
8, 2, 1, 3
9, 1, 1, 3
9, 2, 1, 3
10, 1, 1, 3
10, 2, 1, 3
11, 1, 1, 3
11, 2, 1, 3
12, 1, 1, 3
12, 2, 1, 3
13, 1, 1, 3
13, 2, 1, 3
14, 1, 1, 3
14, 2, 1, 3
15, 1, 1, 3
15, 2, 1, 3
16, 1, 1, 3
16, 2, 1, 3
17, 1, 1, 3
17, 2, 1, 3
18, 1, 1, 3
18, 2, 1, 3
2, 1, 18, 1 *** rigid xx
2, 2, 18, 1
3, 1, 18, 1
3, 2, 18, 1
4, 1, 18, 1
4, 2, 18, 1
5, 1, 18, 1
5, 2, 18, 1
6, 1, 18, 1
6, 2, 18, 1
7, 1, 18, 1
7, 2, 18, 1
8, 1, 18, 1
8, 2, 18, 1
9, 1, 18, 1
9, 2, 18, 1
10, 1, 18, 1
10, 2, 18, 1
11, 1, 18, 1
11, 2, 18, 1
12, 1, 18, 1
12, 2, 18, 1
13, 1, 18, 1
13, 2, 18, 1
14, 1, 18, 1
14, 2, 18, 1
15, 1, 18, 1
15, 2, 18, 1
16, 1, 18, 1
16, 2, 18, 1
17, 1, 18, 1
17, 2, 18, 1
18, 1, 18, 1
18, 2, 18, 1
1, 1, 18, 2 *** rigid yy
1, 2, 18, 2
2, 1, 18, 2
2, 2, 18, 2
3, 1, 18, 2
3, 2, 18, 2
4, 1, 18, 2
4, 2, 18, 2
5, 1, 18, 2
5, 2, 18, 2
6, 1, 18, 2
6, 2, 18, 2
7, 1, 18, 2
7, 2, 18, 2
8, 1, 18, 2
8, 2, 18, 2
9, 1, 18, 2
9, 2, 18, 2
10, 1, 18, 2
10, 2, 18, 2
11, 1, 18, 2
11, 2, 18, 2
12, 1, 18, 2
12, 2, 18, 2
13, 1, 18, 2
13, 2, 18, 2
14, 1, 18, 2
14, 2, 18, 2
15, 1, 18, 2
15, 2, 18, 2
16, 1, 18, 2
16, 2, 18, 2
17, 1, 18, 2
17, 2, 18, 2
--------------------------------------------------------
*load       !load vector
2
1, 1, 1, 2,  -0.125
1, 2, 1, 2,  -0.125
*end