!---------------------------------------------------------------------------
!
! Clamped Square Plate 2x2 mesh
!
!---------------------------------------------------------------------------
*begin
3           !problem dimension
2, 2, 2     !degree of each dimension
6, 6, 3     !control points in each direction
0, 0, 0     !open(0) or closed(1) knot vector
--------------------------------------------------------
*knots    !knot spans
0.0, 0.0, 0.0, 0.25, 0.5, 0.75, 1.0, 1.0, 1.0
0.0, 0.0, 0.0, 0.25, 0.5, 0.75, 1.0, 1.0, 1.0
0.0, 0.0, 0.0, 1.0, 1.0, 1.0
--------------------------------------------------------
*element
Hex27ANS
*bnet     !nurbs control points
0.0000000000000000E+000 0.0000000000000000E+000 0.0000000000000000E+000 1.0000000000000000E+000
0.0000000000000000E+000 0.0000000000000000E+000 5.0000000000000000E-001 1.0000000000000000E+000
0.0000000000000000E+000 0.0000000000000000E+000 1.0000000000000000E+000 1.0000000000000000E+000
0.0000000000000000E+000 6.2500000000000000E+000 0.0000000000000000E+000 1.0000000000000000E+000
0.0000000000000000E+000 6.2500000000000000E+000 5.0000000000000000E-001 1.0000000000000000E+000
0.0000000000000000E+000 6.2500000000000000E+000 1.0000000000000000E+000 1.0000000000000000E+000
0.0000000000000000E+000 1.8750000000000000E+001 0.0000000000000000E+000 1.0000000000000000E+000
0.0000000000000000E+000 1.8750000000000000E+001 5.0000000000000000E-001 1.0000000000000000E+000
0.0000000000000000E+000 1.8750000000000000E+001 1.0000000000000000E+000 1.0000000000000000E+000
0.0000000000000000E+000 3.1250000000000000E+001 0.0000000000000000E+000 1.0000000000000000E+000
0.0000000000000000E+000 3.1250000000000000E+001 5.0000000000000000E-001 1.0000000000000000E+000
0.0000000000000000E+000 3.1250000000000000E+001 1.0000000000000000E+000 1.0000000000000000E+000
0.0000000000000000E+000 4.3750000000000000E+001 0.0000000000000000E+000 1.0000000000000000E+000
0.0000000000000000E+000 4.3750000000000000E+001 5.0000000000000000E-001 1.0000000000000000E+000
0.0000000000000000E+000 4.3750000000000000E+001 1.0000000000000000E+000 1.0000000000000000E+000
0.0000000000000000E+000 5.0000000000000000E+001 0.0000000000000000E+000 1.0000000000000000E+000
0.0000000000000000E+000 5.0000000000000000E+001 5.0000000000000000E-001 1.0000000000000000E+000
0.0000000000000000E+000 5.0000000000000000E+001 1.0000000000000000E+000 1.0000000000000000E+000
6.2500000000000000E+000 0.0000000000000000E+000 0.0000000000000000E+000 1.0000000000000000E+000
6.2500000000000000E+000 0.0000000000000000E+000 5.0000000000000000E-001 1.0000000000000000E+000
6.2500000000000000E+000 0.0000000000000000E+000 1.0000000000000000E+000 1.0000000000000000E+000
6.2500000000000000E+000 6.2500000000000000E+000 0.0000000000000000E+000 1.0000000000000000E+000
6.2500000000000000E+000 6.2500000000000000E+000 5.0000000000000000E-001 1.0000000000000000E+000
6.2500000000000000E+000 6.2500000000000000E+000 1.0000000000000000E+000 1.0000000000000000E+000
6.2500000000000000E+000 1.8750000000000000E+001 0.0000000000000000E+000 1.0000000000000000E+000
6.2500000000000000E+000 1.8750000000000000E+001 5.0000000000000000E-001 1.0000000000000000E+000
6.2500000000000000E+000 1.8750000000000000E+001 1.0000000000000000E+000 1.0000000000000000E+000
6.2500000000000000E+000 3.1250000000000000E+001 0.0000000000000000E+000 1.0000000000000000E+000
6.2500000000000000E+000 3.1250000000000000E+001 5.0000000000000000E-001 1.0000000000000000E+000
6.2500000000000000E+000 3.1250000000000000E+001 1.0000000000000000E+000 1.0000000000000000E+000
6.2500000000000000E+000 4.3750000000000000E+001 0.0000000000000000E+000 1.0000000000000000E+000
6.2500000000000000E+000 4.3750000000000000E+001 5.0000000000000000E-001 1.0000000000000000E+000
6.2500000000000000E+000 4.3750000000000000E+001 1.0000000000000000E+000 1.0000000000000000E+000
6.2500000000000000E+000 5.0000000000000000E+001 0.0000000000000000E+000 1.0000000000000000E+000
6.2500000000000000E+000 5.0000000000000000E+001 5.0000000000000000E-001 1.0000000000000000E+000
6.2500000000000000E+000 5.0000000000000000E+001 1.0000000000000000E+000 1.0000000000000000E+000
1.8750000000000000E+001 0.0000000000000000E+000 0.0000000000000000E+000 1.0000000000000000E+000
1.8750000000000000E+001 0.0000000000000000E+000 5.0000000000000000E-001 1.0000000000000000E+000
1.8750000000000000E+001 0.0000000000000000E+000 1.0000000000000000E+000 1.0000000000000000E+000
1.8750000000000000E+001 6.2500000000000000E+000 0.0000000000000000E+000 1.0000000000000000E+000
1.8750000000000000E+001 6.2500000000000000E+000 5.0000000000000000E-001 1.0000000000000000E+000
1.8750000000000000E+001 6.2500000000000000E+000 1.0000000000000000E+000 1.0000000000000000E+000
1.8750000000000000E+001 1.8750000000000000E+001 0.0000000000000000E+000 1.0000000000000000E+000
1.8750000000000000E+001 1.8750000000000000E+001 5.0000000000000000E-001 1.0000000000000000E+000
1.8750000000000000E+001 1.8750000000000000E+001 1.0000000000000000E+000 1.0000000000000000E+000
1.8750000000000000E+001 3.1250000000000000E+001 0.0000000000000000E+000 1.0000000000000000E+000
1.8750000000000000E+001 3.1250000000000000E+001 5.0000000000000000E-001 1.0000000000000000E+000
1.8750000000000000E+001 3.1250000000000000E+001 1.0000000000000000E+000 1.0000000000000000E+000
1.8750000000000000E+001 4.3750000000000000E+001 0.0000000000000000E+000 1.0000000000000000E+000
1.8750000000000000E+001 4.3750000000000000E+001 5.0000000000000000E-001 1.0000000000000000E+000
1.8750000000000000E+001 4.3750000000000000E+001 1.0000000000000000E+000 1.0000000000000000E+000
1.8750000000000000E+001 5.0000000000000000E+001 0.0000000000000000E+000 1.0000000000000000E+000
1.8750000000000000E+001 5.0000000000000000E+001 5.0000000000000000E-001 1.0000000000000000E+000
1.8750000000000000E+001 5.0000000000000000E+001 1.0000000000000000E+000 1.0000000000000000E+000
3.1250000000000000E+001 0.0000000000000000E+000 0.0000000000000000E+000 1.0000000000000000E+000
3.1250000000000000E+001 0.0000000000000000E+000 5.0000000000000000E-001 1.0000000000000000E+000
3.1250000000000000E+001 0.0000000000000000E+000 1.0000000000000000E+000 1.0000000000000000E+000
3.1250000000000000E+001 6.2500000000000000E+000 0.0000000000000000E+000 1.0000000000000000E+000
3.1250000000000000E+001 6.2500000000000000E+000 5.0000000000000000E-001 1.0000000000000000E+000
3.1250000000000000E+001 6.2500000000000000E+000 1.0000000000000000E+000 1.0000000000000000E+000
3.1250000000000000E+001 1.8750000000000000E+001 0.0000000000000000E+000 1.0000000000000000E+000
3.1250000000000000E+001 1.8750000000000000E+001 5.0000000000000000E-001 1.0000000000000000E+000
3.1250000000000000E+001 1.8750000000000000E+001 1.0000000000000000E+000 1.0000000000000000E+000
3.1250000000000000E+001 3.1250000000000000E+001 0.0000000000000000E+000 1.0000000000000000E+000
3.1250000000000000E+001 3.1250000000000000E+001 5.0000000000000000E-001 1.0000000000000000E+000
3.1250000000000000E+001 3.1250000000000000E+001 1.0000000000000000E+000 1.0000000000000000E+000
3.1250000000000000E+001 4.3750000000000000E+001 0.0000000000000000E+000 1.0000000000000000E+000
3.1250000000000000E+001 4.3750000000000000E+001 5.0000000000000000E-001 1.0000000000000000E+000
3.1250000000000000E+001 4.3750000000000000E+001 1.0000000000000000E+000 1.0000000000000000E+000
3.1250000000000000E+001 5.0000000000000000E+001 0.0000000000000000E+000 1.0000000000000000E+000
3.1250000000000000E+001 5.0000000000000000E+001 5.0000000000000000E-001 1.0000000000000000E+000
3.1250000000000000E+001 5.0000000000000000E+001 1.0000000000000000E+000 1.0000000000000000E+000
4.3750000000000000E+001 0.0000000000000000E+000 0.0000000000000000E+000 1.0000000000000000E+000
4.3750000000000000E+001 0.0000000000000000E+000 5.0000000000000000E-001 1.0000000000000000E+000
4.3750000000000000E+001 0.0000000000000000E+000 1.0000000000000000E+000 1.0000000000000000E+000
4.3750000000000000E+001 6.2500000000000000E+000 0.0000000000000000E+000 1.0000000000000000E+000
4.3750000000000000E+001 6.2500000000000000E+000 5.0000000000000000E-001 1.0000000000000000E+000
4.3750000000000000E+001 6.2500000000000000E+000 1.0000000000000000E+000 1.0000000000000000E+000
4.3750000000000000E+001 1.8750000000000000E+001 0.0000000000000000E+000 1.0000000000000000E+000
4.3750000000000000E+001 1.8750000000000000E+001 5.0000000000000000E-001 1.0000000000000000E+000
4.3750000000000000E+001 1.8750000000000000E+001 1.0000000000000000E+000 1.0000000000000000E+000
4.3750000000000000E+001 3.1250000000000000E+001 0.0000000000000000E+000 1.0000000000000000E+000
4.3750000000000000E+001 3.1250000000000000E+001 5.0000000000000000E-001 1.0000000000000000E+000
4.3750000000000000E+001 3.1250000000000000E+001 1.0000000000000000E+000 1.0000000000000000E+000
4.3750000000000000E+001 4.3750000000000000E+001 0.0000000000000000E+000 1.0000000000000000E+000
4.3750000000000000E+001 4.3750000000000000E+001 5.0000000000000000E-001 1.0000000000000000E+000
4.3750000000000000E+001 4.3750000000000000E+001 1.0000000000000000E+000 1.0000000000000000E+000
4.3750000000000000E+001 5.0000000000000000E+001 0.0000000000000000E+000 1.0000000000000000E+000
4.3750000000000000E+001 5.0000000000000000E+001 5.0000000000000000E-001 1.0000000000000000E+000
4.3750000000000000E+001 5.0000000000000000E+001 1.0000000000000000E+000 1.0000000000000000E+000
5.0000000000000000E+001 0.0000000000000000E+000 0.0000000000000000E+000 1.0000000000000000E+000
5.0000000000000000E+001 0.0000000000000000E+000 5.0000000000000000E-001 1.0000000000000000E+000
5.0000000000000000E+001 0.0000000000000000E+000 1.0000000000000000E+000 1.0000000000000000E+000
5.0000000000000000E+001 6.2500000000000000E+000 0.0000000000000000E+000 1.0000000000000000E+000
5.0000000000000000E+001 6.2500000000000000E+000 5.0000000000000000E-001 1.0000000000000000E+000
5.0000000000000000E+001 6.2500000000000000E+000 1.0000000000000000E+000 1.0000000000000000E+000
5.0000000000000000E+001 1.8750000000000000E+001 0.0000000000000000E+000 1.0000000000000000E+000
5.0000000000000000E+001 1.8750000000000000E+001 5.0000000000000000E-001 1.0000000000000000E+000
5.0000000000000000E+001 1.8750000000000000E+001 1.0000000000000000E+000 1.0000000000000000E+000
5.0000000000000000E+001 3.1250000000000000E+001 0.0000000000000000E+000 1.0000000000000000E+000
5.0000000000000000E+001 3.1250000000000000E+001 5.0000000000000000E-001 1.0000000000000000E+000
5.0000000000000000E+001 3.1250000000000000E+001 1.0000000000000000E+000 1.0000000000000000E+000
5.0000000000000000E+001 4.3750000000000000E+001 0.0000000000000000E+000 1.0000000000000000E+000
5.0000000000000000E+001 4.3750000000000000E+001 5.0000000000000000E-001 1.0000000000000000E+000
5.0000000000000000E+001 4.3750000000000000E+001 1.0000000000000000E+000 1.0000000000000000E+000
5.0000000000000000E+001 5.0000000000000000E+001 0.0000000000000000E+000 1.0000000000000000E+000
5.0000000000000000E+001 5.0000000000000000E+001 5.0000000000000000E-001 1.0000000000000000E+000
5.0000000000000000E+001 5.0000000000000000E+001 1.0000000000000000E+000 1.0000000000000000E+000
 --------------------------------------------------------
*material
5
1.0e4, 0.3 1.0, 1.0, 1e15
!Young Modulus, Poisson coef, thickness (set to 1.0 if not used), density, Yield Stress
*bcdof
129
1	,	1
2	,	1
3	,	1
4	,	1
5	,	1
6	,	1
7	,	1
13	,	1
19	,	1
25	,	1
31	,	1
37	,	1
38	,	1
39	,	1
40	,	1
41	,	1
42	,	1
43	,	1
49	,	1
55	,	1
61	,	1
67	,	1
73	,	1
74	,	1
75	,	1
76	,	1
77	,	1
78	,	1
79	,	1
85	,	1
91	,	1
97	,	1
103	,	1
1	,	2
2	,	2
3	,	2
4	,	2
5	,	2
6	,	2
7	,	2
13	,	2
19	,	2
25	,	2
31	,	2
37	,	2
38	,	2
39	,	2
40	,	2
41	,	2
42	,	2
43	,	2
49	,	2
55	,	2
61	,	2
67	,	2
73	,	2
74	,	2
75	,	2
76	,	2
77	,	2
78	,	2
79	,	2
85	,	2
91	,	2
97	,	2
103	,	2
1	,	3
2	,	3
3	,	3
4	,	3
5	,	3
6	,	3
7	,	3
13	,	3
19	,	3
25	,	3
31	,	3
37	,	3
38	,	3
39	,	3
40	,	3
41	,	3
42	,	3
43	,	3
49	,	3
55	,	3
61	,	3
67	,	3
73	,	3
74	,	3
75	,	3
76	,	3
77	,	3
78	,	3
79	,	3
85	,	3
91	,	3
97	,	3
103	,	3
32	,	2
33	,	2
34	,	2
35	,	2
36	,	2
68	,	2
69	,	2
70	,	2
71	,	2
72	,	2
104	,	2
105	,	2
106	,	2
107	,	2
108	,	2
12	,	1
18	,	1
24	,	1
30	,	1
36	,	1
48	,	1
54	,	1
60	,	1
66	,	1
72	,	1
84	,	1
90	,	1
96	,	1
102	,	1
108	,	1
*pressure
16
1	,	S5	,	10
2	,	S5	,	10
3	,	S5	,	10
4	,	S5	,	10
5	,	S5	,	10
6	,	S5	,	10
7	,	S5	,	10
8	,	S5	,	10
9	,	S5	,	10
10	,	S5	,	10
11	,	S5	,	10
12	,	S5	,	10
13	,	S5	,	10
14	,	S5	,	10
15	,	S5	,	10
16	,	S5	,	10
*end