------------------------------------------------------------------------------------------------------
*beginMP
2           !number of patches
3           !problem dimension
2, 2, 2     !degree of each dimension
2, 2, 2     !degree of each dimension
3, 3, 3     !control points in each direction
42, 3, 3     !control points in each direction
0, 0, 0     !open(0) or closed(1) knot vector
0, 0, 0     !open(0) or closed(1) knot vector
------------------------------------------------------------------------------------------------------
*knots    !knot spans
0.0, 0.0, 0.0, 1.0, 1.0, 1.0 
0.0, 0.0, 0.0, 0.025, 0.05, 0.075, 0.1, 0.125, 0.15, 0.175, 0.2, 0.225, 0.25, 0.275, 0.3, 0.325, 0.35, 0.375, 0.4, 0.425, 0.45, 0.475, 0.5, 0.525, 0.55, 0.575, 0.6, 0.625, 0.65, 0.675, 0.7, 0.725, 0.75, 0.775, 0.8, 0.825, 0.85, 0.875, 0.9, 0.925, 0.95, 0.975, 1.0, 1.0, 1.0
0.0, 0.0, 0.0, 1.0, 1.0, 1.0 
0.0, 0.0, 0.0, 1.0, 1.0, 1.0
0.0, 0.0, 0.0, 1.0, 1.0, 1.0 
0.0, 0.0, 0.0, 1.0, 1.0, 1.0 
------------------------------------------------------------------------------------------------------
*bnet     !nurbs control points
-1.0000000000000000E-002 -1.0000000000000000E-002 2.5000000000000000E-001 1.0000000000000000E+000
-1.0000000000000000E-002 -1.0000000000000000E-002 2.5500000000000000E-001 1.0000000000000000E+000
-1.0000000000000000E-002 -1.0000000000000000E-002 2.6000000000000001E-001 1.0000000000000000E+000
-1.0000000000000000E-002 1.2500000000000000E-001 2.5000000000000000E-001 1.0000000000000000E+000
-1.0000000000000000E-002 1.2500000000000000E-001 2.5500000000000000E-001 1.0000000000000000E+000
-1.0000000000000000E-002 1.2500000000000000E-001 2.6000000000000001E-001 1.0000000000000000E+000
-1.0000000000000000E-002 2.6000000000000001E-001 2.5000000000000000E-001 1.0000000000000000E+000
-1.0000000000000000E-002 2.6000000000000001E-001 2.5500000000000000E-001 1.0000000000000000E+000
-1.0000000000000000E-002 2.6000000000000001E-001 2.6000000000000001E-001 1.0000000000000000E+000
2.4500000000000000E-001 -1.0000000000000000E-002 2.5000000000000000E-001 1.0000000000000000E+000
2.4500000000000000E-001 -1.0000000000000000E-002 2.5500000000000000E-001 1.0000000000000000E+000
2.4500000000000000E-001 -1.0000000000000000E-002 2.6000000000000001E-001 1.0000000000000000E+000
2.4500000000000000E-001 1.2500000000000000E-001 2.5000000000000000E-001 1.0000000000000000E+000
2.4500000000000000E-001 1.2500000000000000E-001 2.5500000000000000E-001 1.0000000000000000E+000
2.4500000000000000E-001 1.2500000000000000E-001 2.6000000000000001E-001 1.0000000000000000E+000
2.4500000000000000E-001 2.6000000000000001E-001 2.5000000000000000E-001 1.0000000000000000E+000
2.4500000000000000E-001 2.6000000000000001E-001 2.5500000000000000E-001 1.0000000000000000E+000
2.4500000000000000E-001 2.6000000000000001E-001 2.6000000000000001E-001 1.0000000000000000E+000
5.0000000000000000E-001 -1.0000000000000000E-002 2.5000000000000000E-001 1.0000000000000000E+000
5.0000000000000000E-001 -1.0000000000000000E-002 2.5500000000000000E-001 1.0000000000000000E+000
5.0000000000000000E-001 -1.0000000000000000E-002 2.6000000000000001E-001 1.0000000000000000E+000
5.0000000000000000E-001 1.2500000000000000E-001 2.5000000000000000E-001 1.0000000000000000E+000
5.0000000000000000E-001 1.2500000000000000E-001 2.5500000000000000E-001 1.0000000000000000E+000
5.0000000000000000E-001 1.2500000000000000E-001 2.6000000000000001E-001 1.0000000000000000E+000
5.0000000000000000E-001 2.6000000000000001E-001 2.5000000000000000E-001 1.0000000000000000E+000
5.0000000000000000E-001 2.6000000000000001E-001 2.5500000000000000E-001 1.0000000000000000E+000
5.0000000000000000E-001 2.6000000000000001E-001 2.6000000000000001E-001 1.0000000000000000E+000 !End patch 1
0.0000000000000000E+000 0.0000000000000000E+000 2.4500000000000000E-001 1.0000000000000000E+000
0.0000000000000000E+000 0.0000000000000000E+000 2.4750000000000000E-001 1.0000000000000000E+000
0.0000000000000000E+000 0.0000000000000000E+000 2.5000000000000000E-001 1.0000000000000000E+000
0.0000000000000000E+000 1.2500000000000000E-001 2.4500000000000000E-001 1.0000000000000000E+000
0.0000000000000000E+000 1.2500000000000000E-001 2.4750000000000000E-001 1.0000000000000000E+000
0.0000000000000000E+000 1.2500000000000000E-001 2.5000000000000000E-001 1.0000000000000000E+000
0.0000000000000000E+000 2.5000000000000000E-001 2.4500000000000000E-001 1.0000000000000000E+000
0.0000000000000000E+000 2.5000000000000000E-001 2.4750000000000000E-001 1.0000000000000000E+000
0.0000000000000000E+000 2.5000000000000000E-001 2.5000000000000000E-001 1.0000000000000000E+000
4.3629761882521953E-003 0.0000000000000000E+000 2.4500000000000000E-001 9.9267766952966374E-001
4.4074963534384420E-003 0.0000000000000000E+000 2.4749999999999997E-001 9.9267766952966374E-001
4.4520165186246923E-003 0.0000000000000000E+000 2.5000000000000000E-001 9.9267766952966374E-001
4.3629761882521953E-003 1.2500000000000000E-001 2.4500000000000000E-001 9.9267766952966374E-001
4.4074963534384420E-003 1.2500000000000000E-001 2.4749999999999997E-001 9.9267766952966374E-001
4.4520165186246923E-003 1.2500000000000000E-001 2.5000000000000000E-001 9.9267766952966374E-001
4.3629761882521953E-003 2.5000000000000000E-001 2.4500000000000000E-001 9.9267766952966374E-001
4.4074963534384420E-003 2.5000000000000000E-001 2.4749999999999997E-001 9.9267766952966374E-001
4.4520165186246923E-003 2.5000000000000000E-001 2.5000000000000000E-001 9.9267766952966374E-001
1.3145373020521140E-002 0.0000000000000000E+000 2.4468710576655944E-001 9.7876524163602474E-001
1.3279509479914211E-002 0.0000000000000000E+000 2.4718391296825895E-001 9.7876524163602474E-001
1.3413645939307293E-002 0.0000000000000000E+000 2.4968072016995857E-001 9.7876524163602474E-001
1.3145373020521140E-002 1.2500000000000000E-001 2.4468710576655944E-001 9.7876524163602474E-001
1.3279509479914211E-002 1.2500000000000000E-001 2.4718391296825895E-001 9.7876524163602474E-001
1.3413645939307293E-002 1.2500000000000000E-001 2.4968072016995857E-001 9.7876524163602474E-001
1.3145373020521140E-002 2.5000000000000000E-001 2.4468710576655944E-001 9.7876524163602474E-001
1.3279509479914211E-002 2.5000000000000000E-001 2.4718391296825895E-001 9.7876524163602474E-001
1.3413645939307293E-002 2.5000000000000000E-001 2.4968072016995857E-001 9.7876524163602474E-001
2.2032845821448842E-002 0.0000000000000000E+000 2.4404850432071745E-001 9.6558504678941937E-001
2.2257670778810561E-002 0.0000000000000000E+000 2.4653879518113286E-001 9.6558504678941937E-001
2.2482495736172298E-002 0.0000000000000000E+000 2.4902908604154836E-001 9.6558504678941937E-001
2.2032845821448842E-002 1.2500000000000000E-001 2.4404850432071745E-001 9.6558504678941937E-001
2.2257670778810561E-002 1.2500000000000000E-001 2.4653879518113286E-001 9.6558504678941937E-001
2.2482495736172298E-002 1.2500000000000000E-001 2.4902908604154836E-001 9.6558504678941937E-001
2.2032845821448842E-002 2.5000000000000000E-001 2.4404850432071745E-001 9.6558504678941937E-001
2.2257670778810561E-002 2.5000000000000000E-001 2.4653879518113286E-001 9.6558504678941937E-001
2.2482495736172298E-002 2.5000000000000000E-001 2.4902908604154836E-001 9.6558504678941937E-001
3.1009270636896364E-002 0.0000000000000000E+000 2.4307215559132342E-001 9.5313708498984762E-001
3.1325691765844280E-002 0.0000000000000000E+000 2.4555248370960217E-001 9.5313708498984762E-001
3.1642112894792220E-002 0.0000000000000000E+000 2.4803281182788101E-001 9.5313708498984762E-001
3.1009270636896364E-002 1.2500000000000000E-001 2.4307215559132342E-001 9.5313708498984762E-001
3.1325691765844280E-002 1.2500000000000000E-001 2.4555248370960217E-001 9.5313708498984762E-001
3.1642112894792220E-002 1.2500000000000000E-001 2.4803281182788101E-001 9.5313708498984762E-001
3.1009270636896364E-002 2.5000000000000000E-001 2.4307215559132342E-001 9.5313708498984762E-001
3.1325691765844280E-002 2.5000000000000000E-001 2.4555248370960217E-001 9.5313708498984762E-001
3.1642112894792220E-002 2.5000000000000000E-001 2.4803281182788101E-001 9.5313708498984762E-001
4.0057230514574056E-002 0.0000000000000000E+000 2.4174694016689807E-001 9.4142135623730949E-001
4.0465977764722758E-002 0.0000000000000000E+000 2.4421374567880511E-001 9.4142135623730949E-001
4.0874725014871501E-002 0.0000000000000000E+000 2.4668055119071225E-001 9.4142135623730949E-001
4.0057230514574056E-002 1.2500000000000000E-001 2.4174694016689807E-001 9.4142135623730949E-001
4.0465977764722758E-002 1.2500000000000000E-001 2.4421374567880511E-001 9.4142135623730949E-001
4.0874725014871501E-002 1.2500000000000000E-001 2.4668055119071225E-001 9.4142135623730949E-001
4.0057230514574056E-002 2.5000000000000000E-001 2.4174694016689807E-001 9.4142135623730949E-001
4.0465977764722758E-002 2.5000000000000000E-001 2.4421374567880511E-001 9.4142135623730949E-001
4.0874725014871501E-002 2.5000000000000000E-001 2.4668055119071225E-001 9.4142135623730949E-001
4.9158066078856401E-002 0.0000000000000000E+000 2.4006280838854263E-001 9.3043786053180511E-001
4.9659678998028395E-002 0.0000000000000000E+000 2.4251242888230318E-001 9.3043786053180511E-001
5.0161291917200430E-002 0.0000000000000000E+000 2.4496204937606389E-001 9.3043786053180511E-001
4.9158066078856401E-002 1.2500000000000000E-001 2.4006280838854263E-001 9.3043786053180511E-001
4.9659678998028395E-002 1.2500000000000000E-001 2.4251242888230318E-001 9.3043786053180511E-001
5.0161291917200430E-002 1.2500000000000000E-001 2.4496204937606389E-001 9.3043786053180511E-001
4.9158066078856401E-002 2.5000000000000000E-001 2.4006280838854263E-001 9.3043786053180511E-001
4.9659678998028395E-002 2.5000000000000000E-001 2.4251242888230318E-001 9.3043786053180511E-001
5.0161291917200430E-002 2.5000000000000000E-001 2.4496204937606389E-001 9.3043786053180511E-001
5.8291944919578682E-002 0.0000000000000000E+000 2.3801092841944946E-001 9.2018659787333423E-001
5.8886760684064163E-002 0.0000000000000000E+000 2.4043961136250505E-001 9.2018659787333423E-001
5.9481576448549699E-002 0.0000000000000000E+000 2.4286829430556067E-001 9.2018659787333423E-001
5.8291944919578682E-002 1.2500000000000000E-001 2.3801092841944946E-001 9.2018659787333423E-001
5.8886760684064163E-002 1.2500000000000000E-001 2.4043961136250505E-001 9.2018659787333423E-001
5.9481576448549699E-002 1.2500000000000000E-001 2.4286829430556067E-001 9.2018659787333423E-001
5.8291944919578682E-002 2.5000000000000000E-001 2.3801092841944946E-001 9.2018659787333423E-001
5.8886760684064163E-002 2.5000000000000000E-001 2.4043961136250505E-001 9.2018659787333423E-001
5.9481576448549699E-002 2.5000000000000000E-001 2.4286829430556067E-001 9.2018659787333423E-001
6.7437950317456558E-002 0.0000000000000000E+000 2.3558383069865296E-001 9.1066756826189699E-001
6.8126092667634669E-002 0.0000000000000000E+000 2.3798774733843514E-001 9.1066756826189699E-001
6.8814235017812836E-002 0.0000000000000000E+000 2.4039166397821735E-001 9.1066756826189699E-001
6.7437950317456558E-002 1.2500000000000000E-001 2.3558383069865296E-001 9.1066756826189699E-001
6.8126092667634669E-002 1.2500000000000000E-001 2.3798774733843514E-001 9.1066756826189699E-001
6.8814235017812836E-002 1.2500000000000000E-001 2.4039166397821735E-001 9.1066756826189699E-001
6.7437950317456558E-002 2.5000000000000000E-001 2.3558383069865296E-001 9.1066756826189699E-001
6.8126092667634669E-002 2.5000000000000000E-001 2.3798774733843514E-001 9.1066756826189699E-001
6.8814235017812836E-002 2.5000000000000000E-001 2.4039166397821735E-001 9.1066756826189699E-001
7.6574189441805857E-002 0.0000000000000000E+000 2.3277554600787298E-001 9.0188077169749337E-001
7.7355558721824258E-002 0.0000000000000000E+000 2.3515080668142271E-001 9.0188077169749337E-001
7.8136928001842729E-002 0.0000000000000000E+000 2.3752606735497248E-001 9.0188077169749337E-001
7.6574189441805857E-002 1.2500000000000000E-001 2.3277554600787298E-001 9.0188077169749337E-001
7.7355558721824258E-002 1.2500000000000000E-001 2.3515080668142271E-001 9.0188077169749337E-001
7.8136928001842729E-002 1.2500000000000000E-001 2.3752606735497248E-001 9.0188077169749337E-001
7.6574189441805857E-002 2.5000000000000000E-001 2.3277554600787298E-001 9.0188077169749337E-001
7.7355558721824258E-002 2.5000000000000000E-001 2.3515080668142271E-001 9.0188077169749337E-001
7.8136928001842729E-002 2.5000000000000000E-001 2.3752606735497248E-001 9.0188077169749337E-001
8.5677920722478609E-002 0.0000000000000000E+000 2.2958173426346562E-001 8.9382620818012348E-001
8.6552185219646735E-002 0.0000000000000000E+000 2.3192440502125611E-001 8.9382620818012348E-001
8.7426449716814930E-002 0.0000000000000000E+000 2.3426707577904660E-001 8.9382620818012348E-001
8.5677920722478609E-002 1.2500000000000000E-001 2.2958173426346562E-001 8.9382620818012348E-001
8.6552185219646735E-002 1.2500000000000000E-001 2.3192440502125611E-001 8.9382620818012348E-001
8.7426449716814930E-002 1.2500000000000000E-001 2.3426707577904660E-001 8.9382620818012348E-001
8.5677920722478609E-002 2.5000000000000000E-001 2.2958173426346562E-001 8.9382620818012348E-001
8.6552185219646735E-002 2.5000000000000000E-001 2.3192440502125611E-001 8.9382620818012348E-001
8.7426449716814930E-002 2.5000000000000000E-001 2.3426707577904660E-001 8.9382620818012348E-001
9.4725699627890972E-002 0.0000000000000000E+000 2.2599980110237697E-001 8.8650387770978722E-001
9.5692288399604100E-002 0.0000000000000000E+000 2.2830592152178897E-001 8.8650387770978722E-001
9.6658877171317339E-002 0.0000000000000000E+000 2.3061204194120102E-001 8.8650387770978722E-001
9.4725699627890972E-002 1.2500000000000000E-001 2.2599980110237697E-001 8.8650387770978722E-001
9.5692288399604100E-002 1.2500000000000000E-001 2.2830592152178897E-001 8.8650387770978722E-001
9.6658877171317339E-002 1.2500000000000000E-001 2.3061204194120102E-001 8.8650387770978722E-001
9.4725699627890972E-002 2.5000000000000000E-001 2.2599980110237697E-001 8.8650387770978722E-001
9.5692288399604100E-002 2.5000000000000000E-001 2.2830592152178897E-001 8.8650387770978722E-001
9.6658877171317339E-002 2.5000000000000000E-001 2.3061204194120102E-001 8.8650387770978722E-001
1.0369354158822486E-001 0.0000000000000000E+000 2.2202899937148476E-001 8.7991378028648459E-001
1.0475163895136996E-001 0.0000000000000000E+000 2.2429460140588764E-001 8.7991378028648459E-001
1.0580973631451518E-001 0.0000000000000000E+000 2.2656020344029060E-001 8.7991378028648459E-001
1.0369354158822486E-001 1.2500000000000000E-001 2.2202899937148476E-001 8.7991378028648459E-001
1.0475163895136996E-001 1.2500000000000000E-001 2.2429460140588764E-001 8.7991378028648459E-001
1.0580973631451518E-001 1.2500000000000000E-001 2.2656020344029060E-001 8.7991378028648459E-001
1.0369354158822486E-001 2.5000000000000000E-001 2.2202899937148476E-001 8.7991378028648459E-001
1.0475163895136996E-001 2.5000000000000000E-001 2.2429460140588764E-001 8.7991378028648459E-001
1.0580973631451518E-001 2.5000000000000000E-001 2.2656020344029060E-001 8.7991378028648459E-001
1.1255710030353333E-001 0.0000000000000000E+000 2.1767051276104651E-001 8.7405591591021548E-001
1.1370564214336525E-001 0.0000000000000000E+000 2.1989164044228163E-001 8.7405591591021548E-001
1.1485418398319729E-001 0.0000000000000000E+000 2.2211276812351688E-001 8.7405591591021548E-001
1.1255710030353333E-001 1.2500000000000000E-001 2.1767051276104651E-001 8.7405591591021548E-001
1.1370564214336525E-001 1.2500000000000000E-001 2.1989164044228163E-001 8.7405591591021548E-001
1.1485418398319729E-001 1.2500000000000000E-001 2.2211276812351688E-001 8.7405591591021548E-001
1.1255710030353333E-001 2.5000000000000000E-001 2.1767051276104651E-001 8.7405591591021548E-001
1.1370564214336525E-001 2.5000000000000000E-001 2.1989164044228163E-001 8.7405591591021548E-001
1.1485418398319729E-001 2.5000000000000000E-001 2.2211276812351688E-001 8.7405591591021548E-001
1.2129185918886906E-001 0.0000000000000000E+000 2.1292751904896601E-001 8.6893028458097998E-001
1.2252953122140847E-001 0.0000000000000000E+000 2.1510024883517986E-001 8.6893028458097998E-001
1.2376720325394802E-001 0.0000000000000000E+000 2.1727297862139391E-001 8.6893028458097998E-001
1.2129185918886906E-001 1.2500000000000000E-001 2.1292751904896601E-001 8.6893028458097998E-001
1.2252953122140847E-001 1.2500000000000000E-001 2.1510024883517986E-001 8.6893028458097998E-001
1.2376720325394802E-001 1.2500000000000000E-001 2.1727297862139391E-001 8.6893028458097998E-001
1.2129185918886906E-001 2.5000000000000000E-001 2.1292751904896601E-001 8.6893028458097998E-001
1.2252953122140847E-001 2.5000000000000000E-001 2.1510024883517986E-001 8.6893028458097998E-001
1.2376720325394802E-001 2.5000000000000000E-001 2.1727297862139391E-001 8.6893028458097998E-001
1.2987333325231584E-001 0.0000000000000000E+000 2.0780523074305587E-001 8.6453688629877812E-001
1.3119857134672716E-001 0.0000000000000000E+000 2.0992569228125024E-001 8.6453688629877812E-001
1.3252380944113862E-001 0.0000000000000000E+000 2.1204615381944478E-001 8.6453688629877812E-001
1.2987333325231584E-001 1.2500000000000000E-001 2.0780523074305587E-001 8.6453688629877812E-001
1.3119857134672716E-001 1.2500000000000000E-001 2.0992569228125024E-001 8.6453688629877812E-001
1.3252380944113862E-001 1.2500000000000000E-001 2.1204615381944478E-001 8.6453688629877812E-001
1.2987333325231584E-001 2.5000000000000000E-001 2.0780523074305587E-001 8.6453688629877812E-001
1.3119857134672716E-001 2.5000000000000000E-001 2.0992569228125024E-001 8.6453688629877812E-001
1.3252380944113862E-001 2.5000000000000000E-001 2.1204615381944478E-001 8.6453688629877812E-001
1.3827727829693165E-001 0.0000000000000000E+000 2.0231091131877260E-001 8.6087572106360999E-001
1.3968827093261454E-001 0.0000000000000000E+000 2.0437530837304577E-001 8.6087572106360999E-001
1.4109926356829761E-001 0.0000000000000000E+000 2.0643970542731901E-001 8.6087572106360999E-001
1.3827727829693165E-001 1.2500000000000000E-001 2.0231091131877260E-001 8.6087572106360999E-001
1.3968827093261454E-001 1.2500000000000000E-001 2.0437530837304577E-001 8.6087572106360999E-001
1.4109926356829761E-001 1.2500000000000000E-001 2.0643970542731901E-001 8.6087572106360999E-001
1.3827727829693165E-001 2.5000000000000000E-001 2.0231091131877260E-001 8.6087572106360999E-001
1.3968827093261454E-001 2.5000000000000000E-001 2.0437530837304577E-001 8.6087572106360999E-001
1.4109926356829761E-001 2.5000000000000000E-001 2.0643970542731901E-001 8.6087572106360999E-001
1.4647990400338437E-001 0.0000000000000000E+000 1.9645386574079807E-001 8.5794678887547549E-001
1.4797459690137804E-001 0.0000000000000000E+000 1.9845849702386742E-001 8.5794678887547549E-001
1.4946928979937185E-001 0.0000000000000000E+000 2.0046312830693683E-001 8.5794678887547549E-001
1.4647990400338437E-001 1.2500000000000000E-001 1.9645386574079807E-001 8.5794678887547549E-001
1.4797459690137804E-001 1.2500000000000000E-001 1.9845849702386742E-001 8.5794678887547549E-001
1.4946928979937185E-001 1.2500000000000000E-001 2.0046312830693683E-001 8.5794678887547549E-001
1.4647990400338437E-001 2.5000000000000000E-001 1.9645386574079807E-001 8.5794678887547549E-001
1.4797459690137804E-001 2.5000000000000000E-001 1.9845849702386742E-001 8.5794678887547549E-001
1.4946928979937185E-001 2.5000000000000000E-001 2.0046312830693683E-001 8.5794678887547549E-001
1.5445808720388193E-001 0.0000000000000000E+000 1.9024540451460045E-001 8.5575008973437461E-001
1.5603419013453371E-001 0.0000000000000000E+000 1.9218668415250459E-001 8.5575008973437461E-001
1.5761029306518565E-001 0.0000000000000000E+000 1.9412796379040870E-001 8.5575008973437461E-001
1.5445808720388193E-001 1.2500000000000000E-001 1.9024540451460045E-001 8.5575008973437461E-001
1.5603419013453371E-001 1.2500000000000000E-001 1.9218668415250459E-001 8.5575008973437461E-001
1.5761029306518565E-001 1.2500000000000000E-001 1.9412796379040870E-001 8.5575008973437461E-001
1.5445808720388193E-001 2.5000000000000000E-001 1.9024540451460045E-001 8.5575008973437461E-001
1.5603419013453371E-001 2.5000000000000000E-001 1.9218668415250459E-001 8.5575008973437461E-001
1.5761029306518565E-001 2.5000000000000000E-001 1.9412796379040870E-001 8.5575008973437461E-001
1.6218958151426618E-001 0.0000000000000000E+000 1.8369878112095020E-001 8.5428562364030736E-001
1.6384457724400353E-001 0.0000000000000000E+000 1.8557325847932729E-001 8.5428562364030736E-001
1.6549957297374102E-001 0.0000000000000000E+000 1.8744773583770433E-001 8.5428562364030736E-001
1.6218958151426618E-001 1.2500000000000000E-001 1.8369878112095020E-001 8.5428562364030736E-001
1.6384457724400353E-001 1.2500000000000000E-001 1.8557325847932729E-001 8.5428562364030736E-001
1.6549957297374102E-001 1.2500000000000000E-001 1.8744773583770433E-001 8.5428562364030736E-001
1.6218958151426618E-001 2.5000000000000000E-001 1.8369878112095020E-001 8.5428562364030736E-001
1.6384457724400353E-001 2.5000000000000000E-001 1.8557325847932729E-001 8.5428562364030736E-001
1.6549957297374102E-001 2.5000000000000000E-001 1.8744773583770433E-001 8.5428562364030736E-001
1.6965321946023937E-001 0.0000000000000000E+000 1.7682910332116891E-001 8.5355339059327373E-001
1.7138437476085405E-001 0.0000000000000000E+000 1.7863348192648701E-001 8.5355339059327373E-001
1.7311553006146879E-001 0.0000000000000000E+000 1.8043786053180505E-001 8.5355339059327373E-001
1.6965321946023937E-001 1.2500000000000000E-001 1.7682910332116891E-001 8.5355339059327373E-001
1.7138437476085405E-001 1.2500000000000000E-001 1.7863348192648701E-001 8.5355339059327373E-001
1.7311553006146879E-001 1.2500000000000000E-001 1.8043786053180505E-001 8.5355339059327373E-001
1.6965321946023937E-001 2.5000000000000000E-001 1.7682910332116891E-001 8.5355339059327373E-001
1.7138437476085405E-001 2.5000000000000000E-001 1.7863348192648701E-001 8.5355339059327373E-001
1.7311553006146879E-001 2.5000000000000000E-001 1.8043786053180505E-001 8.5355339059327373E-001
1.7682910332116900E-001 0.0000000000000000E+000 1.6965321946023931E-001 8.5355339059327373E-001
1.7863348192648701E-001 0.0000000000000000E+000 1.7138437476085408E-001 8.5355339059327373E-001
1.8043786053180511E-001 0.0000000000000000E+000 1.7311553006146874E-001 8.5355339059327373E-001
1.7682910332116900E-001 1.2500000000000000E-001 1.6965321946023931E-001 8.5355339059327373E-001
1.7863348192648701E-001 1.2500000000000000E-001 1.7138437476085408E-001 8.5355339059327373E-001
1.8043786053180511E-001 1.2500000000000000E-001 1.7311553006146874E-001 8.5355339059327373E-001
1.7682910332116900E-001 2.5000000000000000E-001 1.6965321946023931E-001 8.5355339059327373E-001
1.7863348192648701E-001 2.5000000000000000E-001 1.7138437476085408E-001 8.5355339059327373E-001
1.8043786053180511E-001 2.5000000000000000E-001 1.7311553006146874E-001 8.5355339059327373E-001
1.8369878112095034E-001 0.0000000000000000E+000 1.6218958151426610E-001 8.5428562364030725E-001
1.8557325847932732E-001 0.0000000000000000E+000 1.6384457724400359E-001 8.5428562364030725E-001
1.8744773583770447E-001 0.0000000000000000E+000 1.6549957297374096E-001 8.5428562364030725E-001
1.8369878112095034E-001 1.2500000000000000E-001 1.6218958151426610E-001 8.5428562364030725E-001
1.8557325847932732E-001 1.2500000000000000E-001 1.6384457724400359E-001 8.5428562364030725E-001
1.8744773583770447E-001 1.2500000000000000E-001 1.6549957297374096E-001 8.5428562364030725E-001
1.8369878112095034E-001 2.5000000000000000E-001 1.6218958151426610E-001 8.5428562364030725E-001
1.8557325847932732E-001 2.5000000000000000E-001 1.6384457724400359E-001 8.5428562364030725E-001
1.8744773583770447E-001 2.5000000000000000E-001 1.6549957297374096E-001 8.5428562364030725E-001
1.9024540451460056E-001 0.0000000000000000E+000 1.5445808720388191E-001 8.5575008973437450E-001
1.9218668415250464E-001 0.0000000000000000E+000 1.5603419013453379E-001 8.5575008973437450E-001
1.9412796379040878E-001 0.0000000000000000E+000 1.5761029306518559E-001 8.5575008973437450E-001
1.9024540451460056E-001 1.2500000000000000E-001 1.5445808720388191E-001 8.5575008973437450E-001
1.9218668415250464E-001 1.2500000000000000E-001 1.5603419013453379E-001 8.5575008973437450E-001
1.9412796379040878E-001 1.2500000000000000E-001 1.5761029306518559E-001 8.5575008973437450E-001
1.9024540451460056E-001 2.5000000000000000E-001 1.5445808720388191E-001 8.5575008973437450E-001
1.9218668415250464E-001 2.5000000000000000E-001 1.5603419013453379E-001 8.5575008973437450E-001
1.9412796379040878E-001 2.5000000000000000E-001 1.5761029306518559E-001 8.5575008973437450E-001
1.9645386574079815E-001 0.0000000000000000E+000 1.4647990400338437E-001 8.5794678887547537E-001
1.9845849702386748E-001 0.0000000000000000E+000 1.4797459690137812E-001 8.5794678887547537E-001
2.0046312830693691E-001 0.0000000000000000E+000 1.4946928979937180E-001 8.5794678887547537E-001
1.9645386574079815E-001 1.2500000000000000E-001 1.4647990400338437E-001 8.5794678887547537E-001
1.9845849702386748E-001 1.2500000000000000E-001 1.4797459690137812E-001 8.5794678887547537E-001
2.0046312830693691E-001 1.2500000000000000E-001 1.4946928979937180E-001 8.5794678887547537E-001
1.9645386574079815E-001 2.5000000000000000E-001 1.4647990400338437E-001 8.5794678887547537E-001
1.9845849702386748E-001 2.5000000000000000E-001 1.4797459690137812E-001 8.5794678887547537E-001
2.0046312830693691E-001 2.5000000000000000E-001 1.4946928979937180E-001 8.5794678887547537E-001
2.0231091131877266E-001 0.0000000000000000E+000 1.3827727829693162E-001 8.6087572106360999E-001
2.0437530837304582E-001 0.0000000000000000E+000 1.3968827093261460E-001 8.6087572106360999E-001
2.0643970542731910E-001 0.0000000000000000E+000 1.4109926356829755E-001 8.6087572106360999E-001
2.0231091131877266E-001 1.2500000000000000E-001 1.3827727829693162E-001 8.6087572106360999E-001
2.0437530837304582E-001 1.2500000000000000E-001 1.3968827093261460E-001 8.6087572106360999E-001
2.0643970542731910E-001 1.2500000000000000E-001 1.4109926356829755E-001 8.6087572106360999E-001
2.0231091131877266E-001 2.5000000000000000E-001 1.3827727829693162E-001 8.6087572106360999E-001
2.0437530837304582E-001 2.5000000000000000E-001 1.3968827093261460E-001 8.6087572106360999E-001
2.0643970542731910E-001 2.5000000000000000E-001 1.4109926356829755E-001 8.6087572106360999E-001
2.0780523074305590E-001 0.0000000000000000E+000 1.2987333325231579E-001 8.6453688629877812E-001
2.0992569228125033E-001 0.0000000000000000E+000 1.3119857134672719E-001 8.6453688629877812E-001
2.1204615381944486E-001 0.0000000000000000E+000 1.3252380944113853E-001 8.6453688629877812E-001
2.0780523074305590E-001 1.2500000000000000E-001 1.2987333325231579E-001 8.6453688629877812E-001
2.0992569228125033E-001 1.2500000000000000E-001 1.3119857134672719E-001 8.6453688629877812E-001
2.1204615381944486E-001 1.2500000000000000E-001 1.3252380944113853E-001 8.6453688629877812E-001
2.0780523074305590E-001 2.5000000000000000E-001 1.2987333325231579E-001 8.6453688629877812E-001
2.0992569228125033E-001 2.5000000000000000E-001 1.3119857134672719E-001 8.6453688629877812E-001
2.1204615381944486E-001 2.5000000000000000E-001 1.3252380944113853E-001 8.6453688629877812E-001
2.1292751904896609E-001 0.0000000000000000E+000 1.2129185918886899E-001 8.6893028458097998E-001
2.1510024883517997E-001 0.0000000000000000E+000 1.2252953122140850E-001 8.6893028458097998E-001
2.1727297862139400E-001 0.0000000000000000E+000 1.2376720325394794E-001 8.6893028458097998E-001
2.1292751904896609E-001 1.2500000000000000E-001 1.2129185918886899E-001 8.6893028458097998E-001
2.1510024883517997E-001 1.2500000000000000E-001 1.2252953122140850E-001 8.6893028458097998E-001
2.1727297862139400E-001 1.2500000000000000E-001 1.2376720325394794E-001 8.6893028458097998E-001
2.1292751904896609E-001 2.5000000000000000E-001 1.2129185918886899E-001 8.6893028458097998E-001
2.1510024883517997E-001 2.5000000000000000E-001 1.2252953122140850E-001 8.6893028458097998E-001
2.1727297862139400E-001 2.5000000000000000E-001 1.2376720325394794E-001 8.6893028458097998E-001
2.1767051276104660E-001 0.0000000000000000E+000 1.1255710030353328E-001 8.7405591591021548E-001
2.1989164044228171E-001 0.0000000000000000E+000 1.1370564214336527E-001 8.7405591591021548E-001
2.2211276812351693E-001 0.0000000000000000E+000 1.1485418398319722E-001 8.7405591591021548E-001
2.1767051276104660E-001 1.2500000000000000E-001 1.1255710030353328E-001 8.7405591591021548E-001
2.1989164044228171E-001 1.2500000000000000E-001 1.1370564214336527E-001 8.7405591591021548E-001
2.2211276812351693E-001 1.2500000000000000E-001 1.1485418398319722E-001 8.7405591591021548E-001
2.1767051276104660E-001 2.5000000000000000E-001 1.1255710030353328E-001 8.7405591591021548E-001
2.1989164044228171E-001 2.5000000000000000E-001 1.1370564214336527E-001 8.7405591591021548E-001
2.2211276812351693E-001 2.5000000000000000E-001 1.1485418398319722E-001 8.7405591591021548E-001
2.2202899937148485E-001 0.0000000000000000E+000 1.0369354158822480E-001 8.7991378028648459E-001
2.2429460140588769E-001 0.0000000000000000E+000 1.0475163895136999E-001 8.7991378028648459E-001
2.2656020344029065E-001 0.0000000000000000E+000 1.0580973631451511E-001 8.7991378028648459E-001
2.2202899937148485E-001 1.2500000000000000E-001 1.0369354158822480E-001 8.7991378028648459E-001
2.2429460140588769E-001 1.2500000000000000E-001 1.0475163895136999E-001 8.7991378028648459E-001
2.2656020344029065E-001 1.2500000000000000E-001 1.0580973631451511E-001 8.7991378028648459E-001
2.2202899937148485E-001 2.5000000000000000E-001 1.0369354158822480E-001 8.7991378028648459E-001
2.2429460140588769E-001 2.5000000000000000E-001 1.0475163895136999E-001 8.7991378028648459E-001
2.2656020344029065E-001 2.5000000000000000E-001 1.0580973631451511E-001 8.7991378028648459E-001
2.2599980110237702E-001 0.0000000000000000E+000 9.4725699627890902E-002 8.8650387770978734E-001
2.2830592152178902E-001 0.0000000000000000E+000 9.5692288399604114E-002 8.8650387770978734E-001
2.3061204194120105E-001 0.0000000000000000E+000 9.6658877171317256E-002 8.8650387770978734E-001
2.2599980110237702E-001 1.2500000000000000E-001 9.4725699627890902E-002 8.8650387770978734E-001
2.2830592152178902E-001 1.2500000000000000E-001 9.5692288399604114E-002 8.8650387770978734E-001
2.3061204194120105E-001 1.2500000000000000E-001 9.6658877171317256E-002 8.8650387770978734E-001
2.2599980110237702E-001 2.5000000000000000E-001 9.4725699627890902E-002 8.8650387770978734E-001
2.2830592152178902E-001 2.5000000000000000E-001 9.5692288399604114E-002 8.8650387770978734E-001
2.3061204194120105E-001 2.5000000000000000E-001 9.6658877171317256E-002 8.8650387770978734E-001
2.2958173426346568E-001 0.0000000000000000E+000 8.5677920722478540E-002 8.9382620818012370E-001
2.3192440502125611E-001 0.0000000000000000E+000 8.6552185219646721E-002 8.9382620818012370E-001
2.3426707577904660E-001 0.0000000000000000E+000 8.7426449716814847E-002 8.9382620818012370E-001
2.2958173426346568E-001 1.2500000000000000E-001 8.5677920722478540E-002 8.9382620818012370E-001
2.3192440502125611E-001 1.2500000000000000E-001 8.6552185219646721E-002 8.9382620818012370E-001
2.3426707577904660E-001 1.2500000000000000E-001 8.7426449716814847E-002 8.9382620818012370E-001
2.2958173426346568E-001 2.5000000000000000E-001 8.5677920722478540E-002 8.9382620818012370E-001
2.3192440502125611E-001 2.5000000000000000E-001 8.6552185219646721E-002 8.9382620818012370E-001
2.3426707577904660E-001 2.5000000000000000E-001 8.7426449716814847E-002 8.9382620818012370E-001
2.3277554600787304E-001 0.0000000000000000E+000 7.6574189441805787E-002 9.0188077169749359E-001
2.3515080668142271E-001 0.0000000000000000E+000 7.7355558721824230E-002 9.0188077169749359E-001
2.3752606735497248E-001 0.0000000000000000E+000 7.8136928001842645E-002 9.0188077169749359E-001
2.3277554600787304E-001 1.2500000000000000E-001 7.6574189441805787E-002 9.0188077169749359E-001
2.3515080668142271E-001 1.2500000000000000E-001 7.7355558721824230E-002 9.0188077169749359E-001
2.3752606735497248E-001 1.2500000000000000E-001 7.8136928001842645E-002 9.0188077169749359E-001
2.3277554600787304E-001 2.5000000000000000E-001 7.6574189441805787E-002 9.0188077169749359E-001
2.3515080668142271E-001 2.5000000000000000E-001 7.7355558721824230E-002 9.0188077169749359E-001
2.3752606735497248E-001 2.5000000000000000E-001 7.8136928001842645E-002 9.0188077169749359E-001
2.3558383069865302E-001 0.0000000000000000E+000 6.7437950317456516E-002 9.1066756826189710E-001
2.3798774733843517E-001 0.0000000000000000E+000 6.8126092667634655E-002 9.1066756826189710E-001
2.4039166397821737E-001 0.0000000000000000E+000 6.8814235017812780E-002 9.1066756826189710E-001
2.3558383069865302E-001 1.2500000000000000E-001 6.7437950317456516E-002 9.1066756826189710E-001
2.3798774733843517E-001 1.2500000000000000E-001 6.8126092667634655E-002 9.1066756826189710E-001
2.4039166397821737E-001 1.2500000000000000E-001 6.8814235017812780E-002 9.1066756826189710E-001
2.3558383069865302E-001 2.5000000000000000E-001 6.7437950317456516E-002 9.1066756826189710E-001
2.3798774733843517E-001 2.5000000000000000E-001 6.8126092667634655E-002 9.1066756826189710E-001
2.4039166397821737E-001 2.5000000000000000E-001 6.8814235017812780E-002 9.1066756826189710E-001
2.3801092841944949E-001 0.0000000000000000E+000 5.8291944919578662E-002 9.2018659787333423E-001
2.4043961136250508E-001 0.0000000000000000E+000 5.8886760684064170E-002 9.2018659787333423E-001
2.4286829430556070E-001 0.0000000000000000E+000 5.9481576448549678E-002 9.2018659787333423E-001
2.3801092841944949E-001 1.2500000000000000E-001 5.8291944919578662E-002 9.2018659787333423E-001
2.4043961136250508E-001 1.2500000000000000E-001 5.8886760684064170E-002 9.2018659787333423E-001
2.4286829430556070E-001 1.2500000000000000E-001 5.9481576448549678E-002 9.2018659787333423E-001
2.3801092841944949E-001 2.5000000000000000E-001 5.8291944919578662E-002 9.2018659787333423E-001
2.4043961136250508E-001 2.5000000000000000E-001 5.8886760684064170E-002 9.2018659787333423E-001
2.4286829430556070E-001 2.5000000000000000E-001 5.9481576448549678E-002 9.2018659787333423E-001
2.4006280838854263E-001 0.0000000000000000E+000 4.9158066078856380E-002 9.3043786053180499E-001
2.4251242888230326E-001 0.0000000000000000E+000 4.9659678998028395E-002 9.3043786053180499E-001
2.4496204937606392E-001 0.0000000000000000E+000 5.0161291917200403E-002 9.3043786053180499E-001
2.4006280838854263E-001 1.2500000000000000E-001 4.9158066078856380E-002 9.3043786053180499E-001
2.4251242888230326E-001 1.2500000000000000E-001 4.9659678998028395E-002 9.3043786053180499E-001
2.4496204937606392E-001 1.2500000000000000E-001 5.0161291917200403E-002 9.3043786053180499E-001
2.4006280838854263E-001 2.5000000000000000E-001 4.9158066078856380E-002 9.3043786053180499E-001
2.4251242888230326E-001 2.5000000000000000E-001 4.9659678998028395E-002 9.3043786053180499E-001
2.4496204937606392E-001 2.5000000000000000E-001 5.0161291917200403E-002 9.3043786053180499E-001
2.4174694016689804E-001 0.0000000000000000E+000 4.0057230514574022E-002 9.4142135623730949E-001
2.4421374567880513E-001 0.0000000000000000E+000 4.0465977764722744E-002 9.4142135623730949E-001
2.4668055119071228E-001 0.0000000000000000E+000 4.0874725014871459E-002 9.4142135623730949E-001
2.4174694016689804E-001 1.2500000000000000E-001 4.0057230514574022E-002 9.4142135623730949E-001
2.4421374567880513E-001 1.2500000000000000E-001 4.0465977764722744E-002 9.4142135623730949E-001
2.4668055119071228E-001 1.2500000000000000E-001 4.0874725014871459E-002 9.4142135623730949E-001
2.4174694016689804E-001 2.5000000000000000E-001 4.0057230514574022E-002 9.4142135623730949E-001
2.4421374567880513E-001 2.5000000000000000E-001 4.0465977764722744E-002 9.4142135623730949E-001
2.4668055119071228E-001 2.5000000000000000E-001 4.0874725014871459E-002 9.4142135623730949E-001
2.4307215559132339E-001 0.0000000000000000E+000 3.1009270636896329E-002 9.5313708498984762E-001
2.4555248370960217E-001 0.0000000000000000E+000 3.1325691765844259E-002 9.5313708498984762E-001
2.4803281182788103E-001 0.0000000000000000E+000 3.1642112894792185E-002 9.5313708498984762E-001
2.4307215559132339E-001 1.2500000000000000E-001 3.1009270636896329E-002 9.5313708498984762E-001
2.4555248370960217E-001 1.2500000000000000E-001 3.1325691765844259E-002 9.5313708498984762E-001
2.4803281182788103E-001 1.2500000000000000E-001 3.1642112894792185E-002 9.5313708498984762E-001
2.4307215559132339E-001 2.5000000000000000E-001 3.1009270636896329E-002 9.5313708498984762E-001
2.4555248370960217E-001 2.5000000000000000E-001 3.1325691765844259E-002 9.5313708498984762E-001
2.4803281182788103E-001 2.5000000000000000E-001 3.1642112894792185E-002 9.5313708498984762E-001
2.4404850432071742E-001 0.0000000000000000E+000 2.2032845821448828E-002 9.6558504678941937E-001
2.4653879518113286E-001 0.0000000000000000E+000 2.2257670778810558E-002 9.6558504678941937E-001
2.4902908604154839E-001 0.0000000000000000E+000 2.2482495736172281E-002 9.6558504678941937E-001
2.4404850432071742E-001 1.2500000000000000E-001 2.2032845821448828E-002 9.6558504678941937E-001
2.4653879518113286E-001 1.2500000000000000E-001 2.2257670778810558E-002 9.6558504678941937E-001
2.4902908604154839E-001 1.2500000000000000E-001 2.2482495736172281E-002 9.6558504678941937E-001
2.4404850432071742E-001 2.5000000000000000E-001 2.2032845821448828E-002 9.6558504678941937E-001
2.4653879518113286E-001 2.5000000000000000E-001 2.2257670778810558E-002 9.6558504678941937E-001
2.4902908604154839E-001 2.5000000000000000E-001 2.2482495736172281E-002 9.6558504678941937E-001
2.4468710576655944E-001 0.0000000000000000E+000 1.3145373020521146E-002 9.7876524163602463E-001
2.4718391296825898E-001 0.0000000000000000E+000 1.3279509479914220E-002 9.7876524163602463E-001
2.4968072016995860E-001 0.0000000000000000E+000 1.3413645939307293E-002 9.7876524163602463E-001
2.4468710576655944E-001 1.2500000000000000E-001 1.3145373020521146E-002 9.7876524163602463E-001
2.4718391296825898E-001 1.2500000000000000E-001 1.3279509479914220E-002 9.7876524163602463E-001
2.4968072016995860E-001 1.2500000000000000E-001 1.3413645939307293E-002 9.7876524163602463E-001
2.4468710576655944E-001 2.5000000000000000E-001 1.3145373020521146E-002 9.7876524163602463E-001
2.4718391296825898E-001 2.5000000000000000E-001 1.3279509479914220E-002 9.7876524163602463E-001
2.4968072016995860E-001 2.5000000000000000E-001 1.3413645939307293E-002 9.7876524163602463E-001
2.4500000000000002E-001 0.0000000000000000E+000 4.3629761882521979E-003 9.9267766952966363E-001
2.4750000000000000E-001 0.0000000000000000E+000 4.4074963534384455E-003 9.9267766952966363E-001
2.5000000000000000E-001 0.0000000000000000E+000 4.4520165186246923E-003 9.9267766952966363E-001
2.4500000000000002E-001 1.2500000000000000E-001 4.3629761882521979E-003 9.9267766952966363E-001
2.4750000000000000E-001 1.2500000000000000E-001 4.4074963534384455E-003 9.9267766952966363E-001
2.5000000000000000E-001 1.2500000000000000E-001 4.4520165186246923E-003 9.9267766952966363E-001
2.4500000000000002E-001 2.5000000000000000E-001 4.3629761882521979E-003 9.9267766952966363E-001
2.4750000000000000E-001 2.5000000000000000E-001 4.4074963534384455E-003 9.9267766952966363E-001
2.5000000000000000E-001 2.5000000000000000E-001 4.4520165186246923E-003 9.9267766952966363E-001
2.4500000000000000E-001 0.0000000000000000E+000 0.0000000000000000E+000 1.0000000000000000E+000
2.4750000000000000E-001 0.0000000000000000E+000 0.0000000000000000E+000 1.0000000000000000E+000
2.5000000000000000E-001 0.0000000000000000E+000 0.0000000000000000E+000 1.0000000000000000E+000
2.4500000000000000E-001 1.2500000000000000E-001 0.0000000000000000E+000 1.0000000000000000E+000
2.4750000000000000E-001 1.2500000000000000E-001 0.0000000000000000E+000 1.0000000000000000E+000
2.5000000000000000E-001 1.2500000000000000E-001 0.0000000000000000E+000 1.0000000000000000E+000
2.4500000000000000E-001 2.5000000000000000E-001 0.0000000000000000E+000 1.0000000000000000E+000
2.4750000000000000E-001 2.5000000000000000E-001 0.0000000000000000E+000 1.0000000000000000E+000
2.5000000000000000E-001 2.5000000000000000E-001 0.0000000000000000E+000 1.0000000000000000E+000
------------------------------------------------------------------------------------------------------
*element
Hex27
Hex27ANS
------------------------------------------------------------------------------------------------------
*material
6
200.0e9, 0.3, 1.0, 0.0, 1.0e25, 0.0
6
200.0e9, 0.3, 1.0, 0.0, 80.0e26, 0.6e9
------------------------------------------------------------------------------------------------------
*bcdof   !boundary condition
198
28	,	1
154	,	1
280	,	1
70	,	1
196	,	1
322	,	1
112	,	1
238	,	1
364	,	1
112	,	2
113	,	2
114	,	2
115	,	2
116	,	2
117	,	2
118	,	2
119	,	2
120	,	2
121	,	2
122	,	2
123	,	2
124	,	2
125	,	2
126	,	2
127	,	2
128	,	2
129	,	2
130	,	2
131	,	2
132	,	2
133	,	2
134	,	2
135	,	2
136	,	2
137	,	2
138	,	2
139	,	2
140	,	2
141	,	2
142	,	2
143	,	2
144	,	2
145	,	2
146	,	2
147	,	2
148	,	2
149	,	2
150	,	2
151	,	2
152	,	2
153	,	2
238	,	2
239	,	2
240	,	2
241	,	2
242	,	2
243	,	2
244	,	2
245	,	2
246	,	2
247	,	2
248	,	2
249	,	2
250	,	2
251	,	2
252	,	2
253	,	2
254	,	2
255	,	2
256	,	2
257	,	2
258	,	2
259	,	2
260	,	2
261	,	2
262	,	2
263	,	2
264	,	2
265	,	2
266	,	2
267	,	2
268	,	2
269	,	2
270	,	2
271	,	2
272	,	2
273	,	2
274	,	2
275	,	2
276	,	2
277	,	2
278	,	2
279	,	2
364	,	2
365	,	2
366	,	2
367	,	2
368	,	2
369	,	2
370	,	2
371	,	2
372	,	2
373	,	2
374	,	2
375	,	2
376	,	2
377	,	2
378	,	2
379	,	2
380	,	2
381	,	2
382	,	2
383	,	2
384	,	2
385	,	2
386	,	2
387	,	2
388	,	2
389	,	2
390	,	2
391	,	2
392	,	2
393	,	2
394	,	2
395	,	2
396	,	2
397	,	2
398	,	2
399	,	2
400	,	2
401	,	2
402	,	2
403	,	2
404	,	2
405	,	2
69	,	3
195	,	3
321	,	3
111	,	3
237	,	3
363	,	3
153	,	3
279	,	3
405	,	3
1	,	1
2	,	1
3	,	1
4	,	1
5	,	1
6	,	1
7	,	1
8	,	1
9	,	1
10	,	1
11	,	1
12	,	1
13	,	1
14	,	1
15	,	1
16	,	1
17	,	1
18	,	1
19	,	1
20	,	1
21	,	1
22	,	1
23	,	1
24	,	1
25	,	1
26	,	1
27	,	1
1	,	2
2	,	2
3	,	2
4	,	2
5	,	2
6	,	2
7	,	2
8	,	2
9	,	2
10	,	2
11	,	2
12	,	2
13	,	2
14	,	2
15	,	2
16	,	2
17	,	2
18	,	2
19	,	2
20	,	2
21	,	2
22	,	2
23	,	2
24	,	2
25	,	2
26	,	2
27	,	2
------------------------------------------------------------------------------------------------------
*dispdof
27
1	,	3	,	-0.22
2	,	3	,	-0.22
3	,	3	,	-0.22
4	,	3	,	-0.22
5	,	3	,	-0.22
6	,	3	,	-0.22
7	,	3	,	-0.22
8	,	3	,	-0.22
9	,	3	,	-0.22
10	,	3	,	-0.22
11	,	3	,	-0.22
12	,	3	,	-0.22
13	,	3	,	-0.22
14	,	3	,	-0.22
15	,	3	,	-0.22
16	,	3	,	-0.22
17	,	3	,	-0.22
18	,	3	,	-0.22
19	,	3	,	-0.22
20	,	3	,	-0.22
21	,	3	,	-0.22
22	,	3	,	-0.22
23	,	3	,	-0.22
24	,	3	,	-0.22
25	,	3	,	-0.22
26	,	3	,	-0.22
27	,	3	,	-0.22
------------------------------------------------------------------------------------------------------
*NLGeom
*Increments
22
*Iterations
100
------------------------------------------------------------------------------------------------------
*Contact_PTS
2
*RigidMaster
2, 2                !order
3, 3                !control points
0.0, 0.0, 0.0, 1.0, 1.0, 1.0
0.0, 0.0, 0.0, 1.0, 1.0, 1.0
3, 2, 1, 6, 5, 4, 9, 8, 7
*Slave
2, 2
42, 3
0.0, 0.0, 0.0, 0.025, 0.05, 0.075, 0.1, 0.125, 0.15, 0.175, 0.2, 0.225, 0.25, 0.275, 0.3, 0.325, 0.35, 0.375, 0.4, 0.425, 0.45, 0.475, 0.5, 0.525, 0.55, 0.575, 0.6, 0.625, 0.65, 0.675, 0.7, 0.725, 0.75, 0.775, 0.8, 0.825, 0.85, 0.875, 0.9, 0.925, 0.95, 0.975, 1.0, 1.0, 1.0
0.0, 0.0, 0.0, 1.0, 1.0, 1.0
364, 365, 366, 367, 368, 369, 370, 371, 372, 373, 374, 375, 376, 377, 378, 379, 380, 381, 382, 383, 384, 385, 386, 387, 388, 389, 390, 391, 392, 393, 394, 395, 396, 397, 398, 399, 400, 401, 402, 403, 404, 405, 322, 323, 324, 325, 326, 327, 328, 329, 330, 331, 332, 333, 334, 335, 336, 337, 338, 339, 340, 341, 342, 343, 344, 345, 346, 347, 348, 349, 350, 351, 352, 353, 354, 355, 356, 357, 358, 359, 360, 361, 362, 363, 280, 281, 282, 283, 284, 285, 286, 287, 288, 289, 290, 291, 292, 293, 294, 295, 296, 297, 298, 299, 300, 301, 302, 303, 304, 305, 306, 307, 308, 309, 310, 311, 312, 313, 314, 315, 316, 317, 318, 319, 320, 321
*end

