*beginMP
2           !number of patches
3           !problem dimension
1, 1, 1     !degree of each dimension
1, 1, 1     !degree of each dimension
2, 2, 2     !control points in each direction
3, 2, 2     !control points in each direction
0, 0, 0     !open(0) or closed(1) knot vector
0, 0, 0     !open(0) or closed(1) knot vector
--------------------------------------------------------
*knots    !knot spans
0.0, 0.0, 1.0, 1.0 
0.0, 0.0, 0.5, 1.0, 1.0
0.0, 0.0, 1.0, 1.0 
0.0, 0.0, 1.0, 1.0  
0.0, 0.0, 1.0, 1.0 
0.0, 0.0, 1.0, 1.0 
--------------------------------------------------------
*bnet     !nurbs control points
0.000000E+000 0.000000E+000 0.000000E+000 1.000000E+000
0.000000E+000 0.000000E+000 1.000000E+000 1.000000E+000
0.000000E+000 1.000000E+000 0.000000E+000 1.000000E+000
0.000000E+000 1.000000E+000 1.000000E+000 1.000000E+000
1.000000E+000 0.000000E+000 0.000000E+000 1.000000E+000
1.000000E+000 0.000000E+000 1.000000E+000 1.000000E+000
1.000000E+000 1.000000E+000 0.000000E+000 1.000000E+000
1.000000E+000 1.000000E+000 1.000000E+000 1.000000E+000 !End of patch 1
0.000000E+000 0.000000E+000 1.000000E+000 1.000000E+000
0.000000E+000 0.000000E+000 2.000000E+000 1.000000E+000
0.000000E+000 1.000000E+000 1.000000E+000 1.000000E+000
0.000000E+000 1.000000E+000 2.000000E+000 1.000000E+000
0.500000E+000 0.000000E+000 1.000000E+000 1.000000E+000
0.500000E+000 0.000000E+000 2.000000E+000 1.000000E+000
0.500000E+000 1.000000E+000 1.000000E+000 1.000000E+000
0.500000E+000 1.000000E+000 2.000000E+000 1.000000E+000
1.000000E+000 0.000000E+000 1.000000E+000 1.000000E+000
1.000000E+000 0.000000E+000 2.000000E+000 1.000000E+000
1.000000E+000 1.000000E+000 1.000000E+000 1.000000E+000
1.000000E+000 1.000000E+000 2.000000E+000 1.000000E+000
*element
Hex8
Hex8
 --------------------------------------------------------
*material
5
1.0, 0.0, 1.0, 0.0, 1.0e25
5
1.0, 0.0, 1.0, 0.0, 1.0e25
*bcdof   !boundary condition
24
1, 1
1, 2
1, 3
2, 1
2, 2
2, 3
3, 1
3, 2
3, 3
4, 1
4, 2
4, 3
4, 4
15, 1
15, 2
16, 1
16, 2
17, 1
17, 2
18, 1
18, 2
19, 1
19, 2
20, 1
20, 2
--------------------------------------------------------
*dispdof
6
15, 3, -0.5
16, 3, -0.5
17, 3, -0.5
18, 3, -0.5
19, 3, -0.5
20, 3, -0.5
*Contact_PTS
1
*RigidMaster
1, 1
2, 2
0.0, 0.0, 1.0, 1.0
0.0, 0.0, 1.0, 1.0
5, 6, 7, 8
*Slave
1, 1
3, 2
0.0, 0.0, 0.5,  1.0, 1.0
0.0, 0.0, 1.0, 1.0
9, 10, 11, 12, 13, 14
*end