*beginMP
 3           !number of patches
 3           !problem dimension
 2, 2, 2     !degree of each dimension
 2, 2, 2     !degree of each dimension
 2, 2, 2     !degree of each dimension
 3, 3, 3     !control points in each direction
 3, 3, 3     !control points in each direction
22, 3, 3     !control points in each direction
 0, 0, 0     !open(0) or closed(1) knot vector
 0, 0, 0     !open(0) or closed(1) knot vector
 0, 0, 0     !open(0) or closed(1) knot vector
--------------------------------------------------------
*knots    !knot spans
0.0, 0.0, 0.0, 1.0, 1.0, 1.0 !U_Knot PT1 
0.0, 0.0, 0.0, 1.0, 1.0, 1.0 !U_Knot PT2 
0.0, 0.0, 0.0, 0.05, 0.1, 0.15, 0.2, 0.25, 0.3, 0.35, 0.4, 0.45, 0.5, 0.55, 0.6, 0.65, 0.7, 0.75, 0.8, 0.85, 0.9, 0.95, 1.0, 1.0, 1.0 U_Knot PT3 
0.0, 0.0, 0.0, 1.0, 1.0, 1.0 !V_Knot PT1 
0.0, 0.0, 0.0, 1.0, 1.0, 1.0 !V_Knot PT2 
0.0, 0.0, 0.0, 1.0, 1.0, 1.0 !V_Knot PT3
0.0, 0.0, 0.0, 1.0, 1.0, 1.0 !W_Knot PT1
0.0, 0.0, 0.0, 1.0, 1.0, 1.0 !W_Knot PT2
0.0, 0.0, 0.0, 1.0, 1.0, 1.0 !W_Knot PT3
--------------------------------------------------------
*bnet     !nurbs control points
0.0000000000000000E+000 5.0000000000000000E-001 0.0000000000000000E+000 1.0000000000000000E+000
0.0000000000000000E+000 5.0000000000000000E-001 5.0000000000000000E-001 1.0000000000000000E+000
0.0000000000000000E+000 5.0000000000000000E-001 1.0000000000000000E+000 1.0000000000000000E+000
0.0000000000000000E+000 7.5000000000000000E-001 0.0000000000000000E+000 1.0000000000000000E+000
0.0000000000000000E+000 7.5000000000000000E-001 5.0000000000000000E-001 1.0000000000000000E+000
0.0000000000000000E+000 7.5000000000000000E-001 1.0000000000000000E+000 1.0000000000000000E+000
0.0000000000000000E+000 1.0000000000000000E+000 0.0000000000000000E+000 1.0000000000000000E+000
0.0000000000000000E+000 1.0000000000000000E+000 5.0000000000000000E-001 1.0000000000000000E+000
0.0000000000000000E+000 1.0000000000000000E+000 1.0000000000000000E+000 1.0000000000000000E+000
5.0000000000000000E-001 5.0000000000000000E-001 0.0000000000000000E+000 7.0710678118654746E-001
5.0000000000000000E-001 5.0000000000000000E-001 5.0000000000000000E-001 7.0710678118654746E-001
5.0000000000000000E-001 5.0000000000000000E-001 1.0000000000000000E+000 7.0710678118654746E-001
7.5000000000000000E-001 7.5000000000000000E-001 0.0000000000000000E+000 7.0710678118654746E-001
7.5000000000000000E-001 7.5000000000000000E-001 5.0000000000000000E-001 7.0710678118654746E-001
7.5000000000000000E-001 7.5000000000000000E-001 1.0000000000000000E+000 7.0710678118654746E-001
1.0000000000000000E+000 1.0000000000000000E+000 0.0000000000000000E+000 7.0710678118654746E-001
1.0000000000000000E+000 1.0000000000000000E+000 5.0000000000000000E-001 7.0710678118654746E-001
1.0000000000000000E+000 1.0000000000000000E+000 1.0000000000000000E+000 7.0710678118654746E-001
5.0000000000000000E-001 0.0000000000000000E+000 0.0000000000000000E+000 1.0000000000000000E+000
5.0000000000000000E-001 0.0000000000000000E+000 5.0000000000000000E-001 1.0000000000000000E+000
5.0000000000000000E-001 0.0000000000000000E+000 1.0000000000000000E+000 1.0000000000000000E+000
7.5000000000000000E-001 0.0000000000000000E+000 0.0000000000000000E+000 1.0000000000000000E+000
7.5000000000000000E-001 0.0000000000000000E+000 5.0000000000000000E-001 1.0000000000000000E+000
7.5000000000000000E-001 0.0000000000000000E+000 1.0000000000000000E+000 1.0000000000000000E+000
1.0000000000000000E+000 0.0000000000000000E+000 0.0000000000000000E+000 1.0000000000000000E+000
1.0000000000000000E+000 0.0000000000000000E+000 5.0000000000000000E-001 1.0000000000000000E+000
1.0000000000000000E+000 0.0000000000000000E+000 1.0000000000000000E+000 1.0000000000000000E+000 !End of patch 1
2.5000000000000000E+000 0.0000000000000000E+000 0.0000000000000000E+000 1.0000000000000000E+000
2.5000000000000000E+000 0.0000000000000000E+000 5.0000000000000000E-001 1.0000000000000000E+000
2.5000000000000000E+000 0.0000000000000000E+000 1.0000000000000000E+000 1.0000000000000000E+000
2.2500000000000000E+000 0.0000000000000000E+000 0.0000000000000000E+000 1.0000000000000000E+000
2.2500000000000000E+000 0.0000000000000000E+000 5.0000000000000000E-001 1.0000000000000000E+000
2.2500000000000000E+000 0.0000000000000000E+000 1.0000000000000000E+000 1.0000000000000000E+000
2.0000000000000000E+000 0.0000000000000000E+000 0.0000000000000000E+000 1.0000000000000000E+000
2.0000000000000000E+000 0.0000000000000000E+000 5.0000000000000000E-001 1.0000000000000000E+000
2.0000000000000000E+000 0.0000000000000000E+000 1.0000000000000000E+000 1.0000000000000000E+000
2.5000000000000000E+000 5.0000000000000000E-001 0.0000000000000000E+000 7.0710678118654746E-001
2.5000000000000000E+000 5.0000000000000000E-001 5.0000000000000000E-001 7.0710678118654746E-001
2.5000000000000000E+000 5.0000000000000000E-001 1.0000000000000000E+000 7.0710678118654746E-001
2.2500000000000000E+000 7.5000000000000000E-001 0.0000000000000000E+000 7.0710678118654746E-001
2.2500000000000000E+000 7.5000000000000000E-001 5.0000000000000000E-001 7.0710678118654746E-001
2.2500000000000000E+000 7.5000000000000000E-001 1.0000000000000000E+000 7.0710678118654746E-001
2.0000000000000000E+000 1.0000000000000000E+000 0.0000000000000000E+000 7.0710678118654746E-001
2.0000000000000000E+000 1.0000000000000000E+000 5.0000000000000000E-001 7.0710678118654746E-001
2.0000000000000000E+000 1.0000000000000000E+000 1.0000000000000000E+000 7.0710678118654746E-001
3.0000000000000000E+000 5.0000000000000000E-001 0.0000000000000000E+000 1.0000000000000000E+000
3.0000000000000000E+000 5.0000000000000000E-001 5.0000000000000000E-001 1.0000000000000000E+000
3.0000000000000000E+000 5.0000000000000000E-001 1.0000000000000000E+000 1.0000000000000000E+000
3.0000000000000000E+000 7.5000000000000000E-001 0.0000000000000000E+000 1.0000000000000000E+000
3.0000000000000000E+000 7.5000000000000000E-001 5.0000000000000000E-001 1.0000000000000000E+000
3.0000000000000000E+000 7.5000000000000000E-001 1.0000000000000000E+000 1.0000000000000000E+000
3.0000000000000000E+000 1.0000000000000000E+000 0.0000000000000000E+000 1.0000000000000000E+000
3.0000000000000000E+000 1.0000000000000000E+000 5.0000000000000000E-001 1.0000000000000000E+000
3.0000000000000000E+000 1.0000000000000000E+000 1.0000000000000000E+000 1.0000000000000000E+000 !End of patch 2
1.0000000000000001E-001 1.1000000000000001E+000 2.5000000000000000E-001 1.0000000000000000E+000
1.0000000000000001E-001 1.1000000000000001E+000 5.0000000000000000E-001 1.0000000000000000E+000
1.0000000000000001E-001 1.1000000000000001E+000 7.5000000000000000E-001 1.0000000000000000E+000
1.0000000000000001E-001 1.1500000000000001E+000 2.5000000000000000E-001 1.0000000000000000E+000
1.0000000000000001E-001 1.1500000000000001E+000 5.0000000000000000E-001 1.0000000000000000E+000
1.0000000000000001E-001 1.1500000000000001E+000 7.5000000000000000E-001 1.0000000000000000E+000
1.0000000000000001E-001 1.2000000000000002E+000 2.5000000000000000E-001 1.0000000000000000E+000
1.0000000000000001E-001 1.2000000000000002E+000 5.0000000000000000E-001 1.0000000000000000E+000
1.0000000000000001E-001 1.2000000000000002E+000 7.5000000000000000E-001 1.0000000000000000E+000
1.7000000000000004E-001 1.1000000000000001E+000 2.5000000000000000E-001 1.0000000000000000E+000
1.7000000000000004E-001 1.1000000000000001E+000 5.0000000000000000E-001 1.0000000000000000E+000
1.7000000000000004E-001 1.1000000000000001E+000 7.5000000000000000E-001 1.0000000000000000E+000
1.7000000000000004E-001 1.1500000000000004E+000 2.5000000000000000E-001 1.0000000000000000E+000
1.7000000000000004E-001 1.1500000000000004E+000 5.0000000000000000E-001 1.0000000000000000E+000
1.7000000000000004E-001 1.1500000000000004E+000 7.5000000000000000E-001 1.0000000000000000E+000
1.7000000000000004E-001 1.2000000000000002E+000 2.5000000000000000E-001 1.0000000000000000E+000
1.7000000000000004E-001 1.2000000000000002E+000 5.0000000000000000E-001 1.0000000000000000E+000
1.7000000000000004E-001 1.2000000000000002E+000 7.5000000000000000E-001 1.0000000000000000E+000
3.1000000000000005E-001 1.1000000000000001E+000 2.5000000000000000E-001 1.0000000000000000E+000
3.1000000000000005E-001 1.1000000000000001E+000 5.0000000000000000E-001 1.0000000000000000E+000
3.1000000000000005E-001 1.1000000000000001E+000 7.5000000000000000E-001 1.0000000000000000E+000
3.1000000000000005E-001 1.1500000000000004E+000 2.5000000000000000E-001 1.0000000000000000E+000
3.1000000000000005E-001 1.1500000000000004E+000 5.0000000000000000E-001 1.0000000000000000E+000
3.1000000000000005E-001 1.1500000000000004E+000 7.5000000000000000E-001 1.0000000000000000E+000
3.1000000000000005E-001 1.2000000000000002E+000 2.5000000000000000E-001 1.0000000000000000E+000
3.1000000000000005E-001 1.2000000000000002E+000 5.0000000000000000E-001 1.0000000000000000E+000
3.1000000000000005E-001 1.2000000000000002E+000 7.5000000000000000E-001 1.0000000000000000E+000
4.4999999999999996E-001 1.1000000000000001E+000 2.5000000000000000E-001 1.0000000000000000E+000
4.4999999999999996E-001 1.1000000000000001E+000 5.0000000000000000E-001 1.0000000000000000E+000
4.4999999999999996E-001 1.1000000000000001E+000 7.5000000000000000E-001 1.0000000000000000E+000
4.4999999999999996E-001 1.1500000000000004E+000 2.5000000000000000E-001 1.0000000000000000E+000
4.4999999999999996E-001 1.1500000000000004E+000 5.0000000000000000E-001 1.0000000000000000E+000
4.4999999999999996E-001 1.1500000000000004E+000 7.5000000000000000E-001 1.0000000000000000E+000
4.4999999999999996E-001 1.2000000000000002E+000 2.5000000000000000E-001 1.0000000000000000E+000
4.4999999999999996E-001 1.2000000000000002E+000 5.0000000000000000E-001 1.0000000000000000E+000
4.4999999999999996E-001 1.2000000000000002E+000 7.5000000000000000E-001 1.0000000000000000E+000
5.8999999999999986E-001 1.1000000000000001E+000 2.5000000000000000E-001 1.0000000000000000E+000
5.8999999999999986E-001 1.1000000000000001E+000 5.0000000000000000E-001 1.0000000000000000E+000
5.8999999999999986E-001 1.1000000000000001E+000 7.5000000000000000E-001 1.0000000000000000E+000
5.8999999999999986E-001 1.1500000000000004E+000 2.5000000000000000E-001 1.0000000000000000E+000
5.8999999999999986E-001 1.1500000000000004E+000 5.0000000000000000E-001 1.0000000000000000E+000
5.8999999999999986E-001 1.1500000000000004E+000 7.5000000000000000E-001 1.0000000000000000E+000
5.8999999999999986E-001 1.2000000000000002E+000 2.5000000000000000E-001 1.0000000000000000E+000
5.8999999999999986E-001 1.2000000000000002E+000 5.0000000000000000E-001 1.0000000000000000E+000
5.8999999999999986E-001 1.2000000000000002E+000 7.5000000000000000E-001 1.0000000000000000E+000
7.2999999999999987E-001 1.1000000000000001E+000 2.5000000000000000E-001 1.0000000000000000E+000
7.2999999999999987E-001 1.1000000000000001E+000 5.0000000000000000E-001 1.0000000000000000E+000
7.2999999999999987E-001 1.1000000000000001E+000 7.5000000000000000E-001 1.0000000000000000E+000
7.2999999999999987E-001 1.1500000000000004E+000 2.5000000000000000E-001 1.0000000000000000E+000
7.2999999999999987E-001 1.1500000000000004E+000 5.0000000000000000E-001 1.0000000000000000E+000
7.2999999999999987E-001 1.1500000000000004E+000 7.5000000000000000E-001 1.0000000000000000E+000
7.2999999999999987E-001 1.2000000000000002E+000 2.5000000000000000E-001 1.0000000000000000E+000
7.2999999999999987E-001 1.2000000000000002E+000 5.0000000000000000E-001 1.0000000000000000E+000
7.2999999999999987E-001 1.2000000000000002E+000 7.5000000000000000E-001 1.0000000000000000E+000
8.6999999999999988E-001 1.1000000000000001E+000 2.5000000000000000E-001 1.0000000000000000E+000
8.6999999999999988E-001 1.1000000000000001E+000 5.0000000000000000E-001 1.0000000000000000E+000
8.6999999999999988E-001 1.1000000000000001E+000 7.5000000000000000E-001 1.0000000000000000E+000
8.6999999999999988E-001 1.1500000000000004E+000 2.5000000000000000E-001 1.0000000000000000E+000
8.6999999999999988E-001 1.1500000000000004E+000 5.0000000000000000E-001 1.0000000000000000E+000
8.6999999999999988E-001 1.1500000000000004E+000 7.5000000000000000E-001 1.0000000000000000E+000
8.6999999999999988E-001 1.2000000000000002E+000 2.5000000000000000E-001 1.0000000000000000E+000
8.6999999999999988E-001 1.2000000000000002E+000 5.0000000000000000E-001 1.0000000000000000E+000
8.6999999999999988E-001 1.2000000000000002E+000 7.5000000000000000E-001 1.0000000000000000E+000
1.0099999999999998E+000 1.1000000000000001E+000 2.5000000000000000E-001 1.0000000000000000E+000
1.0099999999999998E+000 1.1000000000000001E+000 5.0000000000000000E-001 1.0000000000000000E+000
1.0099999999999998E+000 1.1000000000000001E+000 7.5000000000000000E-001 1.0000000000000000E+000
1.0099999999999998E+000 1.1500000000000004E+000 2.5000000000000000E-001 1.0000000000000000E+000
1.0099999999999998E+000 1.1500000000000004E+000 5.0000000000000000E-001 1.0000000000000000E+000
1.0099999999999998E+000 1.1500000000000004E+000 7.5000000000000000E-001 1.0000000000000000E+000
1.0099999999999998E+000 1.2000000000000002E+000 2.5000000000000000E-001 1.0000000000000000E+000
1.0099999999999998E+000 1.2000000000000002E+000 5.0000000000000000E-001 1.0000000000000000E+000
1.0099999999999998E+000 1.2000000000000002E+000 7.5000000000000000E-001 1.0000000000000000E+000
1.1499999999999997E+000 1.1000000000000001E+000 2.5000000000000000E-001 1.0000000000000000E+000
1.1499999999999997E+000 1.1000000000000001E+000 5.0000000000000000E-001 1.0000000000000000E+000
1.1499999999999997E+000 1.1000000000000001E+000 7.4999999999999989E-001 1.0000000000000000E+000
1.1499999999999997E+000 1.1500000000000004E+000 2.5000000000000000E-001 1.0000000000000000E+000
1.1499999999999997E+000 1.1500000000000004E+000 5.0000000000000000E-001 1.0000000000000000E+000
1.1499999999999997E+000 1.1500000000000004E+000 7.4999999999999989E-001 1.0000000000000000E+000
1.1499999999999997E+000 1.2000000000000002E+000 2.5000000000000000E-001 1.0000000000000000E+000
1.1499999999999997E+000 1.2000000000000002E+000 5.0000000000000000E-001 1.0000000000000000E+000
1.1499999999999997E+000 1.2000000000000002E+000 7.4999999999999989E-001 1.0000000000000000E+000
1.2899999999999998E+000 1.1000000000000001E+000 2.5000000000000000E-001 1.0000000000000000E+000
1.2899999999999998E+000 1.1000000000000001E+000 5.0000000000000000E-001 1.0000000000000000E+000
1.2899999999999998E+000 1.1000000000000001E+000 7.4999999999999989E-001 1.0000000000000000E+000
1.2899999999999998E+000 1.1500000000000004E+000 2.5000000000000000E-001 1.0000000000000000E+000
1.2899999999999998E+000 1.1500000000000004E+000 5.0000000000000000E-001 1.0000000000000000E+000
1.2899999999999998E+000 1.1500000000000004E+000 7.4999999999999989E-001 1.0000000000000000E+000
1.2899999999999998E+000 1.2000000000000002E+000 2.5000000000000000E-001 1.0000000000000000E+000
1.2899999999999998E+000 1.2000000000000002E+000 5.0000000000000000E-001 1.0000000000000000E+000
1.2899999999999998E+000 1.2000000000000002E+000 7.4999999999999989E-001 1.0000000000000000E+000
1.4299999999999999E+000 1.1000000000000001E+000 2.5000000000000000E-001 1.0000000000000000E+000
1.4299999999999999E+000 1.1000000000000001E+000 5.0000000000000000E-001 1.0000000000000000E+000
1.4299999999999999E+000 1.1000000000000001E+000 7.4999999999999989E-001 1.0000000000000000E+000
1.4299999999999999E+000 1.1500000000000004E+000 2.5000000000000000E-001 1.0000000000000000E+000
1.4299999999999999E+000 1.1500000000000004E+000 5.0000000000000000E-001 1.0000000000000000E+000
1.4299999999999999E+000 1.1500000000000004E+000 7.4999999999999989E-001 1.0000000000000000E+000
1.4299999999999999E+000 1.2000000000000002E+000 2.5000000000000000E-001 1.0000000000000000E+000
1.4299999999999999E+000 1.2000000000000002E+000 5.0000000000000000E-001 1.0000000000000000E+000
1.4299999999999999E+000 1.2000000000000002E+000 7.4999999999999989E-001 1.0000000000000000E+000
1.5700000000000001E+000 1.1000000000000001E+000 2.5000000000000000E-001 1.0000000000000000E+000
1.5700000000000001E+000 1.1000000000000001E+000 5.0000000000000000E-001 1.0000000000000000E+000
1.5700000000000001E+000 1.1000000000000001E+000 7.5000000000000000E-001 1.0000000000000000E+000
1.5700000000000001E+000 1.1500000000000004E+000 2.5000000000000000E-001 1.0000000000000000E+000
1.5700000000000001E+000 1.1500000000000004E+000 5.0000000000000000E-001 1.0000000000000000E+000
1.5700000000000001E+000 1.1500000000000004E+000 7.5000000000000000E-001 1.0000000000000000E+000
1.5700000000000001E+000 1.2000000000000002E+000 2.5000000000000000E-001 1.0000000000000000E+000
1.5700000000000001E+000 1.2000000000000002E+000 5.0000000000000000E-001 1.0000000000000000E+000
1.5700000000000001E+000 1.2000000000000002E+000 7.5000000000000000E-001 1.0000000000000000E+000
1.7100000000000000E+000 1.1000000000000001E+000 2.5000000000000000E-001 1.0000000000000000E+000
1.7100000000000000E+000 1.1000000000000001E+000 5.0000000000000000E-001 1.0000000000000000E+000
1.7100000000000000E+000 1.1000000000000001E+000 7.5000000000000000E-001 1.0000000000000000E+000
1.7100000000000000E+000 1.1500000000000004E+000 2.5000000000000000E-001 1.0000000000000000E+000
1.7100000000000000E+000 1.1500000000000004E+000 5.0000000000000000E-001 1.0000000000000000E+000
1.7100000000000000E+000 1.1500000000000004E+000 7.5000000000000000E-001 1.0000000000000000E+000
1.7100000000000000E+000 1.2000000000000002E+000 2.5000000000000000E-001 1.0000000000000000E+000
1.7100000000000000E+000 1.2000000000000002E+000 5.0000000000000000E-001 1.0000000000000000E+000
1.7100000000000000E+000 1.2000000000000002E+000 7.5000000000000000E-001 1.0000000000000000E+000
1.8499999999999996E+000 1.1000000000000001E+000 2.5000000000000000E-001 1.0000000000000000E+000
1.8499999999999996E+000 1.1000000000000001E+000 5.0000000000000000E-001 1.0000000000000000E+000
1.8499999999999996E+000 1.1000000000000001E+000 7.5000000000000000E-001 1.0000000000000000E+000
1.8499999999999996E+000 1.1500000000000004E+000 2.5000000000000000E-001 1.0000000000000000E+000
1.8499999999999996E+000 1.1500000000000004E+000 5.0000000000000000E-001 1.0000000000000000E+000
1.8499999999999996E+000 1.1500000000000004E+000 7.5000000000000000E-001 1.0000000000000000E+000
1.8499999999999996E+000 1.2000000000000002E+000 2.5000000000000000E-001 1.0000000000000000E+000
1.8499999999999996E+000 1.2000000000000002E+000 5.0000000000000000E-001 1.0000000000000000E+000
1.8499999999999996E+000 1.2000000000000002E+000 7.5000000000000000E-001 1.0000000000000000E+000
1.9899999999999995E+000 1.1000000000000001E+000 2.5000000000000000E-001 1.0000000000000000E+000
1.9899999999999995E+000 1.1000000000000001E+000 5.0000000000000000E-001 1.0000000000000000E+000
1.9899999999999995E+000 1.1000000000000001E+000 7.5000000000000000E-001 1.0000000000000000E+000
1.9899999999999995E+000 1.1500000000000004E+000 2.5000000000000000E-001 1.0000000000000000E+000
1.9899999999999995E+000 1.1500000000000004E+000 5.0000000000000000E-001 1.0000000000000000E+000
1.9899999999999995E+000 1.1500000000000004E+000 7.5000000000000000E-001 1.0000000000000000E+000
1.9899999999999995E+000 1.2000000000000002E+000 2.5000000000000000E-001 1.0000000000000000E+000
1.9899999999999995E+000 1.2000000000000002E+000 5.0000000000000000E-001 1.0000000000000000E+000
1.9899999999999995E+000 1.2000000000000002E+000 7.5000000000000000E-001 1.0000000000000000E+000
2.1299999999999994E+000 1.1000000000000001E+000 2.5000000000000000E-001 1.0000000000000000E+000
2.1299999999999994E+000 1.1000000000000001E+000 5.0000000000000000E-001 1.0000000000000000E+000
2.1299999999999994E+000 1.1000000000000001E+000 7.5000000000000000E-001 1.0000000000000000E+000
2.1299999999999994E+000 1.1500000000000004E+000 2.5000000000000000E-001 1.0000000000000000E+000
2.1299999999999994E+000 1.1500000000000004E+000 5.0000000000000000E-001 1.0000000000000000E+000
2.1299999999999994E+000 1.1500000000000004E+000 7.5000000000000000E-001 1.0000000000000000E+000
2.1299999999999994E+000 1.2000000000000002E+000 2.5000000000000000E-001 1.0000000000000000E+000
2.1299999999999994E+000 1.2000000000000002E+000 5.0000000000000000E-001 1.0000000000000000E+000
2.1299999999999994E+000 1.2000000000000002E+000 7.5000000000000000E-001 1.0000000000000000E+000
2.2699999999999996E+000 1.1000000000000001E+000 2.5000000000000000E-001 1.0000000000000000E+000
2.2699999999999996E+000 1.1000000000000001E+000 5.0000000000000000E-001 1.0000000000000000E+000
2.2699999999999996E+000 1.1000000000000001E+000 7.5000000000000000E-001 1.0000000000000000E+000
2.2699999999999996E+000 1.1500000000000001E+000 2.5000000000000000E-001 1.0000000000000000E+000
2.2699999999999996E+000 1.1500000000000001E+000 5.0000000000000000E-001 1.0000000000000000E+000
2.2699999999999996E+000 1.1500000000000001E+000 7.5000000000000000E-001 1.0000000000000000E+000
2.2699999999999996E+000 1.2000000000000002E+000 2.5000000000000000E-001 1.0000000000000000E+000
2.2699999999999996E+000 1.2000000000000002E+000 5.0000000000000000E-001 1.0000000000000000E+000
2.2699999999999996E+000 1.2000000000000002E+000 7.5000000000000000E-001 1.0000000000000000E+000
2.4099999999999997E+000 1.1000000000000001E+000 2.5000000000000000E-001 1.0000000000000000E+000
2.4099999999999997E+000 1.1000000000000001E+000 5.0000000000000000E-001 1.0000000000000000E+000
2.4099999999999997E+000 1.1000000000000001E+000 7.5000000000000000E-001 1.0000000000000000E+000
2.4099999999999997E+000 1.1500000000000001E+000 2.5000000000000000E-001 1.0000000000000000E+000
2.4099999999999997E+000 1.1500000000000001E+000 5.0000000000000000E-001 1.0000000000000000E+000
2.4099999999999997E+000 1.1500000000000001E+000 7.5000000000000000E-001 1.0000000000000000E+000
2.4099999999999997E+000 1.2000000000000002E+000 2.5000000000000000E-001 1.0000000000000000E+000
2.4099999999999997E+000 1.2000000000000002E+000 5.0000000000000000E-001 1.0000000000000000E+000
2.4099999999999997E+000 1.2000000000000002E+000 7.5000000000000000E-001 1.0000000000000000E+000
2.5499999999999998E+000 1.1000000000000001E+000 2.5000000000000000E-001 1.0000000000000000E+000
2.5499999999999998E+000 1.1000000000000001E+000 5.0000000000000000E-001 1.0000000000000000E+000
2.5499999999999998E+000 1.1000000000000001E+000 7.5000000000000000E-001 1.0000000000000000E+000
2.5499999999999998E+000 1.1500000000000001E+000 2.5000000000000000E-001 1.0000000000000000E+000
2.5499999999999998E+000 1.1500000000000001E+000 5.0000000000000000E-001 1.0000000000000000E+000
2.5499999999999998E+000 1.1500000000000001E+000 7.5000000000000000E-001 1.0000000000000000E+000
2.5499999999999998E+000 1.2000000000000002E+000 2.5000000000000000E-001 1.0000000000000000E+000
2.5499999999999998E+000 1.2000000000000002E+000 5.0000000000000000E-001 1.0000000000000000E+000
2.5499999999999998E+000 1.2000000000000002E+000 7.5000000000000000E-001 1.0000000000000000E+000
2.6899999999999999E+000 1.1000000000000001E+000 2.5000000000000000E-001 1.0000000000000000E+000
2.6899999999999999E+000 1.1000000000000001E+000 5.0000000000000000E-001 1.0000000000000000E+000
2.6899999999999999E+000 1.1000000000000001E+000 7.5000000000000000E-001 1.0000000000000000E+000
2.6899999999999999E+000 1.1500000000000001E+000 2.5000000000000000E-001 1.0000000000000000E+000
2.6899999999999999E+000 1.1500000000000001E+000 5.0000000000000000E-001 1.0000000000000000E+000
2.6899999999999999E+000 1.1500000000000001E+000 7.5000000000000000E-001 1.0000000000000000E+000
2.6899999999999999E+000 1.2000000000000002E+000 2.5000000000000000E-001 1.0000000000000000E+000
2.6899999999999999E+000 1.2000000000000002E+000 5.0000000000000000E-001 1.0000000000000000E+000
2.6899999999999999E+000 1.2000000000000002E+000 7.5000000000000000E-001 1.0000000000000000E+000
2.8300000000000001E+000 1.1000000000000001E+000 2.5000000000000000E-001 1.0000000000000000E+000
2.8300000000000001E+000 1.1000000000000001E+000 5.0000000000000000E-001 1.0000000000000000E+000
2.8300000000000001E+000 1.1000000000000001E+000 7.5000000000000000E-001 1.0000000000000000E+000
2.8300000000000001E+000 1.1500000000000001E+000 2.5000000000000000E-001 1.0000000000000000E+000
2.8300000000000001E+000 1.1500000000000001E+000 5.0000000000000000E-001 1.0000000000000000E+000
2.8300000000000001E+000 1.1500000000000001E+000 7.5000000000000000E-001 1.0000000000000000E+000
2.8300000000000001E+000 1.2000000000000002E+000 2.5000000000000000E-001 1.0000000000000000E+000
2.8300000000000001E+000 1.2000000000000002E+000 5.0000000000000000E-001 1.0000000000000000E+000
2.8300000000000001E+000 1.2000000000000002E+000 7.5000000000000000E-001 1.0000000000000000E+000
2.8999999999999999E+000 1.1000000000000001E+000 2.5000000000000000E-001 1.0000000000000000E+000
2.8999999999999999E+000 1.1000000000000001E+000 5.0000000000000000E-001 1.0000000000000000E+000
2.8999999999999999E+000 1.1000000000000001E+000 7.5000000000000000E-001 1.0000000000000000E+000
2.8999999999999999E+000 1.1500000000000001E+000 2.5000000000000000E-001 1.0000000000000000E+000
2.8999999999999999E+000 1.1500000000000001E+000 5.0000000000000000E-001 1.0000000000000000E+000
2.8999999999999999E+000 1.1500000000000001E+000 7.5000000000000000E-001 1.0000000000000000E+000
2.8999999999999999E+000 1.2000000000000002E+000 2.5000000000000000E-001 1.0000000000000000E+000
2.8999999999999999E+000 1.2000000000000002E+000 5.0000000000000000E-001 1.0000000000000000E+000
2.8999999999999999E+000 1.2000000000000002E+000 7.5000000000000000E-001 1.0000000000000000E+000
*element
Hex27
Hex27
Hex27
 --------------------------------------------------------
*material
6
1.0, 0.0, 1.0, 0.0, 1.0e25, 0.0
6
1.0, 0.0, 1.0, 0.0, 1.0e25, 0.0
6
1.0, 0.0, 1.0, 0.0, 1.0e25, 0.0
*bcdof   !boundary condition
378
1	,	1
2	,	1
3	,	1
4	,	1
5	,	1
6	,	1
7	,	1
8	,	1
9	,	1
10	,	1
11	,	1
12	,	1
13	,	1
14	,	1
15	,	1
16	,	1
17	,	1
18	,	1
19	,	1
20	,	1
21	,	1
22	,	1
23	,	1
24	,	1
25	,	1
26	,	1
27	,	1
28	,	1
29	,	1
30	,	1
31	,	1
32	,	1
33	,	1
34	,	1
35	,	1
36	,	1
37	,	1
38	,	1
39	,	1
40	,	1
41	,	1
42	,	1
43	,	1
44	,	1
45	,	1
46	,	1
47	,	1
48	,	1
49	,	1
50	,	1
51	,	1
52	,	1
53	,	1
54	,	1
1	,	2
2	,	2
3	,	2
4	,	2
5	,	2
6	,	2
7	,	2
8	,	2
9	,	2
10	,	2
11	,	2
12	,	2
13	,	2
14	,	2
15	,	2
16	,	2
17	,	2
18	,	2
19	,	2
20	,	2
21	,	2
22	,	2
23	,	2
24	,	2
25	,	2
26	,	2
27	,	2
28	,	2
29	,	2
30	,	2
31	,	2
32	,	2
33	,	2
34	,	2
35	,	2
36	,	2
37	,	2
38	,	2
39	,	2
40	,	2
41	,	2
42	,	2
43	,	2
44	,	2
45	,	2
46	,	2
47	,	2
48	,	2
49	,	2
50	,	2
51	,	2
52	,	2
53	,	2
54	,	2
65	,	1
66	,	1
87	,	1
88	,	1
109	,	1
110	,	1
131	,	1
132	,	1
153	,	1
154	,	1
175	,	1
176	,	1
197	,	1
198	,	1
219	,	1
220	,	1
241	,	1
242	,	1
1	,	3
2	,	3
3	,	3
4	,	3
5	,	3
6	,	3
7	,	3
8	,	3
9	,	3
10	,	3
11	,	3
12	,	3
13	,	3
14	,	3
15	,	3
16	,	3
17	,	3
18	,	3
19	,	3
20	,	3
21	,	3
22	,	3
23	,	3
24	,	3
25	,	3
26	,	3
27	,	3
28	,	3
29	,	3
30	,	3
31	,	3
32	,	3
33	,	3
34	,	3
35	,	3
36	,	3
37	,	3
38	,	3
39	,	3
40	,	3
41	,	3
42	,	3
43	,	3
44	,	3
45	,	3
46	,	3
47	,	3
48	,	3
49	,	3
50	,	3
51	,	3
52	,	3
53	,	3
54	,	3
55	,	3
56	,	3
57	,	3
58	,	3
59	,	3
60	,	3
61	,	3
62	,	3
63	,	3
64	,	3
65	,	3
66	,	3
67	,	3
68	,	3
69	,	3
70	,	3
71	,	3
72	,	3
73	,	3
74	,	3
75	,	3
76	,	3
77	,	3
78	,	3
79	,	3
80	,	3
81	,	3
82	,	3
83	,	3
84	,	3
85	,	3
86	,	3
87	,	3
88	,	3
89	,	3
90	,	3
91	,	3
92	,	3
93	,	3
94	,	3
95	,	3
96	,	3
97	,	3
98	,	3
99	,	3
100	,	3
101	,	3
102	,	3
103	,	3
104	,	3
105	,	3
106	,	3
107	,	3
108	,	3
109	,	3
110	,	3
111	,	3
112	,	3
113	,	3
114	,	3
115	,	3
116	,	3
117	,	3
118	,	3
119	,	3
120	,	3
121	,	3
122	,	3
123	,	3
124	,	3
125	,	3
126	,	3
127	,	3
128	,	3
129	,	3
130	,	3
131	,	3
132	,	3
133	,	3
134	,	3
135	,	3
136	,	3
137	,	3
138	,	3
139	,	3
140	,	3
141	,	3
142	,	3
143	,	3
144	,	3
145	,	3
146	,	3
147	,	3
148	,	3
149	,	3
150	,	3
151	,	3
152	,	3
153	,	3
154	,	3
155	,	3
156	,	3
157	,	3
158	,	3
159	,	3
160	,	3
161	,	3
162	,	3
163	,	3
164	,	3
165	,	3
166	,	3
167	,	3
168	,	3
169	,	3
170	,	3
171	,	3
172	,	3
173	,	3
174	,	3
175	,	3
176	,	3
177	,	3
178	,	3
179	,	3
180	,	3
181	,	3
182	,	3
183	,	3
184	,	3
185	,	3
186	,	3
187	,	3
188	,	3
189	,	3
190	,	3
191	,	3
192	,	3
193	,	3
194	,	3
195	,	3
196	,	3
197	,	3
198	,	3
199	,	3
200	,	3
201	,	3
202	,	3
203	,	3
204	,	3
205	,	3
206	,	3
207	,	3
208	,	3
209	,	3
210	,	3
211	,	3
212	,	3
213	,	3
214	,	3
215	,	3
216	,	3
217	,	3
218	,	3
219	,	3
220	,	3
221	,	3
222	,	3
223	,	3
224	,	3
225	,	3
226	,	3
227	,	3
228	,	3
229	,	3
230	,	3
231	,	3
232	,	3
233	,	3
234	,	3
235	,	3
236	,	3
237	,	3
238	,	3
239	,	3
240	,	3
241	,	3
242	,	3
243	,	3
244	,	3
245	,	3
246	,	3
247	,	3
248	,	3
249	,	3
250	,	3
251	,	3
252	,	3
--------------------------------------------------------
*dispdof
18
65	,	2	,	-0.20
66	,	2	,	-0.20
87	,	2	,	-0.20
88	,	2	,	-0.20
109	,	2	,	-0.20
110	,	2	,	-0.20
131	,	2	,	-0.20
132	,	2	,	-0.20
153	,	2	,	-0.20
153	,	2	,	-0.20
175	,	2	,	-0.20
176	,	2	,	-0.20
197	,	2	,	-0.20
198	,	2	,	-0.20
219	,	2	,	-0.20
220	,	2	,	-0.20
241	,	2	,	-0.20
242	,	2	,	-0.20
*MultiBody_Contact_PTS
2    ! nr of contact pairs
2    ! slave of the 1st pair
2    ! slave of the 2nd pair
*RigidMaster
2, 2
3, 3
0.0, 0.0, 0.0, 1.0, 1.0, 1.0
0.0, 0.0, 0.0, 1.0, 1.0, 1.0
9, 8, 7, 18, 17, 16, 27, 26, 25
*Slave
2, 2
22, 3
0.0, 0.0, 0.0, 0.05, 0.1, 0.15, 0.2, 0.25, 0.3, 0.35, 0.4, 0.45, 0.5, 0.55, 0.6, 0.65, 0.7, 0.75, 0.8, 0.85, 0.9, 0.95, 1.0, 1.0, 1.0
0.0, 0.0, 0.0, 1.0, 1.0, 1.0
55,56,57,58,59,60,61,62,63,64,65,66,67,68,69,70,71,72,73,74,75,76,121,122,123,124,125,126,127,128,129,130,131,132,133,134,135,136,137,138,139,140,141,142,187,188,189,190,191,192,193,194,195,196,197,198,199,200,201,202,203,204,205,206,207,208
*RigidMaster
2, 2
3, 3
0.0, 0.0, 0.0, 1.0, 1.0, 1.0
0.0, 0.0, 0.0, 1.0, 1.0, 1.0
52, 53, 54, 43, 44, 45, 34, 35, 36,   
*Slave
2, 2
22, 3
0.0, 0.0, 0.0, 0.05, 0.1, 0.15, 0.2, 0.25, 0.3, 0.35, 0.4, 0.45, 0.5, 0.55, 0.6, 0.65, 0.7, 0.75, 0.8, 0.85, 0.9, 0.95, 1.0, 1.0, 1.0
0.0, 0.0, 0.0, 1.0, 1.0, 1.0
55,56,57,58,59,60,61,62,63,64,65,66,67,68,69,70,71,72,73,74,75,76,121,122,123,124,125,126,127,128,129,130,131,132,133,134,135,136,137,138,139,140,141,142,187,188,189,190,191,192,193,194,195,196,197,198,199,200,201,202,203,204,205,206,207,208
*end


*RigidMaster
2, 2
3, 3
0.0, 0.0, 0.0, 1.0, 1.0, 1.0
0.0, 0.0, 0.0, 1.0, 1.0, 1.0
9, 8, 7, 18, 17, 16, 27, 26, 25

*RigidMaster
2, 2
3, 3
0.0, 0.0, 0.0, 1.0, 1.0, 1.0
0.0, 0.0, 0.0, 1.0, 1.0, 1.0
52, 53, 54, 43, 44, 45, 34, 35, 36,   