*beginMP
2           !number of patches
3           !problem dimension
2, 2, 2     !degree of each dimension
2, 2, 2     !degree of each dimension
16, 16, 3     !control points in each direction
3, 3, 3     !control points in each direction
0, 0, 0     !open(0) or closed(1) knot vector
0, 0, 0     !open(0) or closed(1) knot vector
--------------------------------------------------------
*knots    !knot spans
0.0, 0.0, 0.0, 0.071428571, 0.142857143, 0.214285714, 0.285714286, 0.357142857, 0.428571429, 0.5, 0.571428571, 0.642857143, 0.714285714, 0.785714286, 0.857142857, 0.928571429, 1.0, 1.0, 1.0   
0.0, 0.0, 0.0, 1.0, 1.0, 1.0
0.0, 0.0, 0.0, 0.071428571, 0.142857143, 0.214285714, 0.285714286, 0.357142857, 0.428571429, 0.5, 0.571428571, 0.642857143, 0.714285714, 0.785714286, 0.857142857, 0.928571429, 1.0, 1.0, 1.0
0.0, 0.0, 0.0, 1.0, 1.0, 1.0 
0.0, 0.0, 0.0, 1.0, 1.0, 1.0 
0.0, 0.0, 0.0, 1.0, 1.0, 1.0 
--------------------------------------------------------
*bnet     !nurbs control points
0.0000000000000000E+000 0.0000000000000000E+000 0.0000000000000000E+000 1.0000000000000000E+000
0.0000000000000000E+000 0.0000000000000000E+000 5.0000000000000000E-001 1.0000000000000000E+000
0.0000000000000000E+000 0.0000000000000000E+000 1.0000000000000000E+000 1.0000000000000000E+000
0.0000000000000000E+000 1.4285714200000002E-001 0.0000000000000000E+000 1.0000000000000000E+000
0.0000000000000000E+000 1.4285714200000002E-001 5.0000000000000000E-001 1.0000000000000000E+000
0.0000000000000000E+000 1.4285714200000002E-001 1.0000000000000000E+000 1.0000000000000000E+000
0.0000000000000000E+000 4.2857142800000003E-001 0.0000000000000000E+000 1.0000000000000000E+000
0.0000000000000000E+000 4.2857142800000003E-001 5.0000000000000000E-001 1.0000000000000000E+000
0.0000000000000000E+000 4.2857142800000003E-001 1.0000000000000000E+000 1.0000000000000000E+000
0.0000000000000000E+000 7.1428571400000007E-001 0.0000000000000000E+000 1.0000000000000000E+000
0.0000000000000000E+000 7.1428571400000007E-001 5.0000000000000000E-001 1.0000000000000000E+000
0.0000000000000000E+000 7.1428571400000007E-001 1.0000000000000000E+000 1.0000000000000000E+000
0.0000000000000000E+000 1.0000000000000000E+000 0.0000000000000000E+000 1.0000000000000000E+000
0.0000000000000000E+000 1.0000000000000000E+000 5.0000000000000000E-001 1.0000000000000000E+000
0.0000000000000000E+000 1.0000000000000000E+000 1.0000000000000000E+000 1.0000000000000000E+000
0.0000000000000000E+000 1.2857142859999999E+000 0.0000000000000000E+000 1.0000000000000000E+000
0.0000000000000000E+000 1.2857142859999999E+000 5.0000000000000000E-001 1.0000000000000000E+000
0.0000000000000000E+000 1.2857142859999999E+000 1.0000000000000000E+000 1.0000000000000000E+000
0.0000000000000000E+000 1.5714285719999999E+000 0.0000000000000000E+000 1.0000000000000000E+000
0.0000000000000000E+000 1.5714285719999999E+000 5.0000000000000000E-001 1.0000000000000000E+000
0.0000000000000000E+000 1.5714285719999999E+000 1.0000000000000000E+000 1.0000000000000000E+000
0.0000000000000000E+000 1.8571428579999998E+000 0.0000000000000000E+000 1.0000000000000000E+000
0.0000000000000000E+000 1.8571428579999998E+000 5.0000000000000000E-001 1.0000000000000000E+000
0.0000000000000000E+000 1.8571428579999998E+000 1.0000000000000000E+000 1.0000000000000000E+000
0.0000000000000000E+000 2.1428571420000000E+000 0.0000000000000000E+000 1.0000000000000000E+000
0.0000000000000000E+000 2.1428571420000000E+000 5.0000000000000000E-001 1.0000000000000000E+000
0.0000000000000000E+000 2.1428571420000000E+000 1.0000000000000000E+000 1.0000000000000000E+000
0.0000000000000000E+000 2.4285714279999997E+000 0.0000000000000000E+000 1.0000000000000000E+000
0.0000000000000000E+000 2.4285714279999997E+000 5.0000000000000000E-001 1.0000000000000000E+000
0.0000000000000000E+000 2.4285714279999997E+000 1.0000000000000000E+000 1.0000000000000000E+000
0.0000000000000000E+000 2.7142857139999998E+000 0.0000000000000000E+000 1.0000000000000000E+000
0.0000000000000000E+000 2.7142857139999998E+000 5.0000000000000000E-001 1.0000000000000000E+000
0.0000000000000000E+000 2.7142857139999998E+000 1.0000000000000000E+000 1.0000000000000000E+000
0.0000000000000000E+000 3.0000000000000000E+000 0.0000000000000000E+000 1.0000000000000000E+000
0.0000000000000000E+000 3.0000000000000000E+000 5.0000000000000000E-001 1.0000000000000000E+000
0.0000000000000000E+000 3.0000000000000000E+000 1.0000000000000000E+000 1.0000000000000000E+000
0.0000000000000000E+000 3.2857142860000006E+000 0.0000000000000000E+000 1.0000000000000000E+000
0.0000000000000000E+000 3.2857142860000006E+000 5.0000000000000000E-001 1.0000000000000000E+000
0.0000000000000000E+000 3.2857142860000006E+000 1.0000000000000000E+000 1.0000000000000000E+000
0.0000000000000000E+000 3.5714285720000003E+000 0.0000000000000000E+000 1.0000000000000000E+000
0.0000000000000000E+000 3.5714285720000003E+000 5.0000000000000000E-001 1.0000000000000000E+000
0.0000000000000000E+000 3.5714285720000003E+000 1.0000000000000000E+000 1.0000000000000000E+000
0.0000000000000000E+000 3.8571428580000000E+000 0.0000000000000000E+000 1.0000000000000000E+000
0.0000000000000000E+000 3.8571428580000000E+000 5.0000000000000000E-001 1.0000000000000000E+000
0.0000000000000000E+000 3.8571428580000000E+000 1.0000000000000000E+000 1.0000000000000000E+000
0.0000000000000000E+000 4.0000000000000000E+000 0.0000000000000000E+000 1.0000000000000000E+000
0.0000000000000000E+000 4.0000000000000000E+000 5.0000000000000000E-001 1.0000000000000000E+000
0.0000000000000000E+000 4.0000000000000000E+000 1.0000000000000000E+000 1.0000000000000000E+000
2.8571428400000004E-001 0.0000000000000000E+000 0.0000000000000000E+000 1.0000000000000000E+000
2.8571428400000004E-001 0.0000000000000000E+000 5.0000000000000000E-001 1.0000000000000000E+000
2.8571428400000004E-001 0.0000000000000000E+000 1.0000000000000000E+000 1.0000000000000000E+000
2.8571428400000010E-001 1.4285714200000002E-001 0.0000000000000000E+000 1.0000000000000000E+000
2.8571428400000010E-001 1.4285714200000002E-001 5.0000000000000000E-001 1.0000000000000000E+000
2.8571428400000010E-001 1.4285714200000002E-001 1.0000000000000000E+000 1.0000000000000000E+000
2.8571428400000010E-001 4.2857142800000003E-001 0.0000000000000000E+000 1.0000000000000000E+000
2.8571428400000010E-001 4.2857142800000003E-001 5.0000000000000000E-001 1.0000000000000000E+000
2.8571428400000010E-001 4.2857142800000003E-001 1.0000000000000000E+000 1.0000000000000000E+000
2.8571428400000010E-001 7.1428571400000007E-001 0.0000000000000000E+000 1.0000000000000000E+000
2.8571428400000010E-001 7.1428571400000007E-001 5.0000000000000000E-001 1.0000000000000000E+000
2.8571428400000010E-001 7.1428571400000007E-001 1.0000000000000000E+000 1.0000000000000000E+000
2.8571428400000010E-001 1.0000000000000000E+000 0.0000000000000000E+000 1.0000000000000000E+000
2.8571428400000010E-001 1.0000000000000000E+000 5.0000000000000000E-001 1.0000000000000000E+000
2.8571428400000010E-001 1.0000000000000000E+000 1.0000000000000000E+000 1.0000000000000000E+000
2.8571428400000010E-001 1.2857142859999999E+000 0.0000000000000000E+000 1.0000000000000000E+000
2.8571428400000010E-001 1.2857142859999999E+000 5.0000000000000000E-001 1.0000000000000000E+000
2.8571428400000010E-001 1.2857142859999999E+000 1.0000000000000000E+000 1.0000000000000000E+000
2.8571428400000010E-001 1.5714285719999999E+000 0.0000000000000000E+000 1.0000000000000000E+000
2.8571428400000010E-001 1.5714285719999999E+000 5.0000000000000000E-001 1.0000000000000000E+000
2.8571428400000010E-001 1.5714285719999999E+000 1.0000000000000000E+000 1.0000000000000000E+000
2.8571428400000010E-001 1.8571428579999998E+000 0.0000000000000000E+000 1.0000000000000000E+000
2.8571428400000010E-001 1.8571428579999998E+000 5.0000000000000000E-001 1.0000000000000000E+000
2.8571428400000010E-001 1.8571428579999998E+000 1.0000000000000000E+000 1.0000000000000000E+000
2.8571428400000010E-001 2.1428571420000000E+000 0.0000000000000000E+000 1.0000000000000000E+000
2.8571428400000010E-001 2.1428571420000000E+000 5.0000000000000000E-001 1.0000000000000000E+000
2.8571428400000010E-001 2.1428571420000000E+000 1.0000000000000000E+000 1.0000000000000000E+000
2.8571428400000004E-001 2.4285714279999997E+000 0.0000000000000000E+000 1.0000000000000000E+000
2.8571428400000004E-001 2.4285714279999997E+000 5.0000000000000000E-001 1.0000000000000000E+000
2.8571428400000004E-001 2.4285714279999997E+000 1.0000000000000000E+000 1.0000000000000000E+000
2.8571428400000004E-001 2.7142857139999998E+000 0.0000000000000000E+000 1.0000000000000000E+000
2.8571428400000004E-001 2.7142857139999998E+000 5.0000000000000000E-001 1.0000000000000000E+000
2.8571428400000004E-001 2.7142857139999998E+000 1.0000000000000000E+000 1.0000000000000000E+000
2.8571428400000004E-001 3.0000000000000000E+000 0.0000000000000000E+000 1.0000000000000000E+000
2.8571428400000004E-001 3.0000000000000000E+000 5.0000000000000000E-001 1.0000000000000000E+000
2.8571428400000004E-001 3.0000000000000000E+000 1.0000000000000000E+000 1.0000000000000000E+000
2.8571428400000004E-001 3.2857142860000006E+000 0.0000000000000000E+000 1.0000000000000000E+000
2.8571428400000004E-001 3.2857142860000006E+000 5.0000000000000000E-001 1.0000000000000000E+000
2.8571428400000004E-001 3.2857142860000006E+000 1.0000000000000000E+000 1.0000000000000000E+000
2.8571428400000004E-001 3.5714285720000003E+000 0.0000000000000000E+000 1.0000000000000000E+000
2.8571428400000004E-001 3.5714285720000003E+000 5.0000000000000000E-001 1.0000000000000000E+000
2.8571428400000004E-001 3.5714285720000003E+000 1.0000000000000000E+000 1.0000000000000000E+000
2.8571428400000004E-001 3.8571428580000000E+000 0.0000000000000000E+000 1.0000000000000000E+000
2.8571428400000004E-001 3.8571428580000000E+000 5.0000000000000000E-001 1.0000000000000000E+000
2.8571428400000004E-001 3.8571428580000000E+000 1.0000000000000000E+000 1.0000000000000000E+000
2.8571428400000004E-001 4.0000000000000000E+000 0.0000000000000000E+000 1.0000000000000000E+000
2.8571428400000004E-001 4.0000000000000000E+000 5.0000000000000000E-001 1.0000000000000000E+000
2.8571428400000004E-001 4.0000000000000000E+000 1.0000000000000000E+000 1.0000000000000000E+000
8.5714285600000006E-001 0.0000000000000000E+000 0.0000000000000000E+000 1.0000000000000000E+000
8.5714285600000006E-001 0.0000000000000000E+000 5.0000000000000000E-001 1.0000000000000000E+000
8.5714285600000006E-001 0.0000000000000000E+000 1.0000000000000000E+000 1.0000000000000000E+000
8.5714285600000006E-001 1.4285714200000002E-001 0.0000000000000000E+000 1.0000000000000000E+000
8.5714285600000006E-001 1.4285714200000002E-001 5.0000000000000000E-001 1.0000000000000000E+000
8.5714285600000006E-001 1.4285714200000002E-001 1.0000000000000000E+000 1.0000000000000000E+000
8.5714285600000006E-001 4.2857142800000003E-001 0.0000000000000000E+000 1.0000000000000000E+000
8.5714285600000006E-001 4.2857142800000003E-001 5.0000000000000000E-001 1.0000000000000000E+000
8.5714285600000006E-001 4.2857142800000003E-001 1.0000000000000000E+000 1.0000000000000000E+000
8.5714285600000006E-001 7.1428571400000007E-001 0.0000000000000000E+000 1.0000000000000000E+000
8.5714285600000006E-001 7.1428571400000007E-001 5.0000000000000000E-001 1.0000000000000000E+000
8.5714285600000006E-001 7.1428571400000007E-001 1.0000000000000000E+000 1.0000000000000000E+000
8.5714285600000006E-001 1.0000000000000000E+000 0.0000000000000000E+000 1.0000000000000000E+000
8.5714285600000006E-001 1.0000000000000000E+000 5.0000000000000000E-001 1.0000000000000000E+000
8.5714285600000006E-001 1.0000000000000000E+000 1.0000000000000000E+000 1.0000000000000000E+000
8.5714285600000006E-001 1.2857142859999999E+000 0.0000000000000000E+000 1.0000000000000000E+000
8.5714285600000006E-001 1.2857142859999999E+000 5.0000000000000000E-001 1.0000000000000000E+000
8.5714285600000006E-001 1.2857142859999999E+000 1.0000000000000000E+000 1.0000000000000000E+000
8.5714285600000006E-001 1.5714285719999999E+000 0.0000000000000000E+000 1.0000000000000000E+000
8.5714285600000006E-001 1.5714285719999999E+000 5.0000000000000000E-001 1.0000000000000000E+000
8.5714285600000006E-001 1.5714285719999999E+000 1.0000000000000000E+000 1.0000000000000000E+000
8.5714285600000006E-001 1.8571428579999998E+000 0.0000000000000000E+000 1.0000000000000000E+000
8.5714285600000006E-001 1.8571428579999998E+000 5.0000000000000000E-001 1.0000000000000000E+000
8.5714285600000006E-001 1.8571428579999998E+000 1.0000000000000000E+000 1.0000000000000000E+000
8.5714285600000006E-001 2.1428571420000000E+000 0.0000000000000000E+000 1.0000000000000000E+000
8.5714285600000006E-001 2.1428571420000000E+000 5.0000000000000000E-001 1.0000000000000000E+000
8.5714285600000006E-001 2.1428571420000000E+000 1.0000000000000000E+000 1.0000000000000000E+000
8.5714285600000006E-001 2.4285714279999997E+000 0.0000000000000000E+000 1.0000000000000000E+000
8.5714285600000006E-001 2.4285714279999997E+000 5.0000000000000000E-001 1.0000000000000000E+000
8.5714285600000006E-001 2.4285714279999997E+000 1.0000000000000000E+000 1.0000000000000000E+000
8.5714285600000006E-001 2.7142857139999998E+000 0.0000000000000000E+000 1.0000000000000000E+000
8.5714285600000006E-001 2.7142857139999998E+000 5.0000000000000000E-001 1.0000000000000000E+000
8.5714285600000006E-001 2.7142857139999998E+000 1.0000000000000000E+000 1.0000000000000000E+000
8.5714285600000006E-001 3.0000000000000000E+000 0.0000000000000000E+000 1.0000000000000000E+000
8.5714285600000006E-001 3.0000000000000000E+000 5.0000000000000000E-001 1.0000000000000000E+000
8.5714285600000006E-001 3.0000000000000000E+000 1.0000000000000000E+000 1.0000000000000000E+000
8.5714285600000006E-001 3.2857142860000006E+000 0.0000000000000000E+000 1.0000000000000000E+000
8.5714285600000006E-001 3.2857142860000006E+000 5.0000000000000000E-001 1.0000000000000000E+000
8.5714285600000006E-001 3.2857142860000006E+000 1.0000000000000000E+000 1.0000000000000000E+000
8.5714285600000006E-001 3.5714285720000003E+000 0.0000000000000000E+000 1.0000000000000000E+000
8.5714285600000006E-001 3.5714285720000003E+000 5.0000000000000000E-001 1.0000000000000000E+000
8.5714285600000006E-001 3.5714285720000003E+000 1.0000000000000000E+000 1.0000000000000000E+000
8.5714285600000006E-001 3.8571428580000000E+000 0.0000000000000000E+000 1.0000000000000000E+000
8.5714285600000006E-001 3.8571428580000000E+000 5.0000000000000000E-001 1.0000000000000000E+000
8.5714285600000006E-001 3.8571428580000000E+000 1.0000000000000000E+000 1.0000000000000000E+000
8.5714285600000006E-001 4.0000000000000000E+000 0.0000000000000000E+000 1.0000000000000000E+000
8.5714285600000006E-001 4.0000000000000000E+000 5.0000000000000000E-001 1.0000000000000000E+000
8.5714285600000006E-001 4.0000000000000000E+000 1.0000000000000000E+000 1.0000000000000000E+000
1.4285714280000001E+000 0.0000000000000000E+000 0.0000000000000000E+000 1.0000000000000000E+000
1.4285714280000001E+000 0.0000000000000000E+000 5.0000000000000000E-001 1.0000000000000000E+000
1.4285714280000001E+000 0.0000000000000000E+000 1.0000000000000000E+000 1.0000000000000000E+000
1.4285714280000001E+000 1.4285714200000002E-001 0.0000000000000000E+000 1.0000000000000000E+000
1.4285714280000001E+000 1.4285714200000002E-001 5.0000000000000000E-001 1.0000000000000000E+000
1.4285714280000001E+000 1.4285714200000002E-001 1.0000000000000000E+000 1.0000000000000000E+000
1.4285714280000001E+000 4.2857142800000003E-001 0.0000000000000000E+000 1.0000000000000000E+000
1.4285714280000001E+000 4.2857142800000003E-001 5.0000000000000000E-001 1.0000000000000000E+000
1.4285714280000001E+000 4.2857142800000003E-001 1.0000000000000000E+000 1.0000000000000000E+000
1.4285714280000001E+000 7.1428571400000007E-001 0.0000000000000000E+000 1.0000000000000000E+000
1.4285714280000001E+000 7.1428571400000007E-001 5.0000000000000000E-001 1.0000000000000000E+000
1.4285714280000001E+000 7.1428571400000007E-001 1.0000000000000000E+000 1.0000000000000000E+000
1.4285714280000001E+000 1.0000000000000000E+000 0.0000000000000000E+000 1.0000000000000000E+000
1.4285714280000001E+000 1.0000000000000000E+000 5.0000000000000000E-001 1.0000000000000000E+000
1.4285714280000001E+000 1.0000000000000000E+000 1.0000000000000000E+000 1.0000000000000000E+000
1.4285714280000001E+000 1.2857142859999999E+000 0.0000000000000000E+000 1.0000000000000000E+000
1.4285714280000001E+000 1.2857142859999999E+000 5.0000000000000000E-001 1.0000000000000000E+000
1.4285714280000001E+000 1.2857142859999999E+000 1.0000000000000000E+000 1.0000000000000000E+000
1.4285714280000001E+000 1.5714285719999999E+000 0.0000000000000000E+000 1.0000000000000000E+000
1.4285714280000001E+000 1.5714285719999999E+000 5.0000000000000000E-001 1.0000000000000000E+000
1.4285714280000001E+000 1.5714285719999999E+000 1.0000000000000000E+000 1.0000000000000000E+000
1.4285714280000001E+000 1.8571428579999998E+000 0.0000000000000000E+000 1.0000000000000000E+000
1.4285714280000001E+000 1.8571428579999998E+000 5.0000000000000000E-001 1.0000000000000000E+000
1.4285714280000001E+000 1.8571428579999998E+000 1.0000000000000000E+000 1.0000000000000000E+000
1.4285714280000001E+000 2.1428571420000000E+000 0.0000000000000000E+000 1.0000000000000000E+000
1.4285714280000001E+000 2.1428571420000000E+000 5.0000000000000000E-001 1.0000000000000000E+000
1.4285714280000001E+000 2.1428571420000000E+000 1.0000000000000000E+000 1.0000000000000000E+000
1.4285714280000001E+000 2.4285714279999997E+000 0.0000000000000000E+000 1.0000000000000000E+000
1.4285714280000001E+000 2.4285714279999997E+000 5.0000000000000000E-001 1.0000000000000000E+000
1.4285714280000001E+000 2.4285714279999997E+000 1.0000000000000000E+000 1.0000000000000000E+000
1.4285714280000001E+000 2.7142857139999998E+000 0.0000000000000000E+000 1.0000000000000000E+000
1.4285714280000001E+000 2.7142857139999998E+000 5.0000000000000000E-001 1.0000000000000000E+000
1.4285714280000001E+000 2.7142857139999998E+000 1.0000000000000000E+000 1.0000000000000000E+000
1.4285714280000001E+000 3.0000000000000000E+000 0.0000000000000000E+000 1.0000000000000000E+000
1.4285714280000001E+000 3.0000000000000000E+000 5.0000000000000000E-001 1.0000000000000000E+000
1.4285714280000001E+000 3.0000000000000000E+000 1.0000000000000000E+000 1.0000000000000000E+000
1.4285714280000001E+000 3.2857142860000006E+000 0.0000000000000000E+000 1.0000000000000000E+000
1.4285714280000001E+000 3.2857142860000006E+000 5.0000000000000000E-001 1.0000000000000000E+000
1.4285714280000001E+000 3.2857142860000006E+000 1.0000000000000000E+000 1.0000000000000000E+000
1.4285714280000001E+000 3.5714285720000003E+000 0.0000000000000000E+000 1.0000000000000000E+000
1.4285714280000001E+000 3.5714285720000003E+000 5.0000000000000000E-001 1.0000000000000000E+000
1.4285714280000001E+000 3.5714285720000003E+000 1.0000000000000000E+000 1.0000000000000000E+000
1.4285714280000001E+000 3.8571428580000000E+000 0.0000000000000000E+000 1.0000000000000000E+000
1.4285714280000001E+000 3.8571428580000000E+000 5.0000000000000000E-001 1.0000000000000000E+000
1.4285714280000001E+000 3.8571428580000000E+000 1.0000000000000000E+000 1.0000000000000000E+000
1.4285714280000001E+000 4.0000000000000000E+000 0.0000000000000000E+000 1.0000000000000000E+000
1.4285714280000001E+000 4.0000000000000000E+000 5.0000000000000000E-001 1.0000000000000000E+000
1.4285714280000001E+000 4.0000000000000000E+000 1.0000000000000000E+000 1.0000000000000000E+000
2.0000000000000000E+000 0.0000000000000000E+000 0.0000000000000000E+000 1.0000000000000000E+000
2.0000000000000000E+000 0.0000000000000000E+000 5.0000000000000000E-001 1.0000000000000000E+000
2.0000000000000000E+000 0.0000000000000000E+000 1.0000000000000000E+000 1.0000000000000000E+000
2.0000000000000000E+000 1.4285714200000002E-001 0.0000000000000000E+000 1.0000000000000000E+000
2.0000000000000000E+000 1.4285714200000002E-001 5.0000000000000000E-001 1.0000000000000000E+000
2.0000000000000000E+000 1.4285714200000002E-001 1.0000000000000000E+000 1.0000000000000000E+000
2.0000000000000000E+000 4.2857142800000003E-001 0.0000000000000000E+000 1.0000000000000000E+000
2.0000000000000000E+000 4.2857142800000003E-001 5.0000000000000000E-001 1.0000000000000000E+000
2.0000000000000000E+000 4.2857142800000003E-001 1.0000000000000000E+000 1.0000000000000000E+000
2.0000000000000000E+000 7.1428571400000007E-001 0.0000000000000000E+000 1.0000000000000000E+000
2.0000000000000000E+000 7.1428571400000007E-001 5.0000000000000000E-001 1.0000000000000000E+000
2.0000000000000000E+000 7.1428571400000007E-001 1.0000000000000000E+000 1.0000000000000000E+000
2.0000000000000000E+000 1.0000000000000000E+000 0.0000000000000000E+000 1.0000000000000000E+000
2.0000000000000000E+000 1.0000000000000000E+000 5.0000000000000000E-001 1.0000000000000000E+000
2.0000000000000000E+000 1.0000000000000000E+000 1.0000000000000000E+000 1.0000000000000000E+000
2.0000000000000000E+000 1.2857142859999999E+000 0.0000000000000000E+000 1.0000000000000000E+000
2.0000000000000000E+000 1.2857142859999999E+000 5.0000000000000000E-001 1.0000000000000000E+000
2.0000000000000000E+000 1.2857142859999999E+000 1.0000000000000000E+000 1.0000000000000000E+000
2.0000000000000000E+000 1.5714285719999999E+000 0.0000000000000000E+000 1.0000000000000000E+000
2.0000000000000000E+000 1.5714285719999999E+000 5.0000000000000000E-001 1.0000000000000000E+000
2.0000000000000000E+000 1.5714285719999999E+000 1.0000000000000000E+000 1.0000000000000000E+000
2.0000000000000000E+000 1.8571428579999998E+000 0.0000000000000000E+000 1.0000000000000000E+000
2.0000000000000000E+000 1.8571428579999998E+000 5.0000000000000000E-001 1.0000000000000000E+000
2.0000000000000000E+000 1.8571428579999998E+000 1.0000000000000000E+000 1.0000000000000000E+000
2.0000000000000000E+000 2.1428571420000000E+000 0.0000000000000000E+000 1.0000000000000000E+000
2.0000000000000000E+000 2.1428571420000000E+000 5.0000000000000000E-001 1.0000000000000000E+000
2.0000000000000000E+000 2.1428571420000000E+000 1.0000000000000000E+000 1.0000000000000000E+000
2.0000000000000000E+000 2.4285714279999997E+000 0.0000000000000000E+000 1.0000000000000000E+000
2.0000000000000000E+000 2.4285714279999997E+000 5.0000000000000000E-001 1.0000000000000000E+000
2.0000000000000000E+000 2.4285714279999997E+000 1.0000000000000000E+000 1.0000000000000000E+000
2.0000000000000000E+000 2.7142857139999998E+000 0.0000000000000000E+000 1.0000000000000000E+000
2.0000000000000000E+000 2.7142857139999998E+000 5.0000000000000000E-001 1.0000000000000000E+000
2.0000000000000000E+000 2.7142857139999998E+000 1.0000000000000000E+000 1.0000000000000000E+000
2.0000000000000000E+000 3.0000000000000000E+000 0.0000000000000000E+000 1.0000000000000000E+000
2.0000000000000000E+000 3.0000000000000000E+000 5.0000000000000000E-001 1.0000000000000000E+000
2.0000000000000000E+000 3.0000000000000000E+000 1.0000000000000000E+000 1.0000000000000000E+000
2.0000000000000000E+000 3.2857142860000006E+000 0.0000000000000000E+000 1.0000000000000000E+000
2.0000000000000000E+000 3.2857142860000006E+000 5.0000000000000000E-001 1.0000000000000000E+000
2.0000000000000000E+000 3.2857142860000006E+000 1.0000000000000000E+000 1.0000000000000000E+000
2.0000000000000000E+000 3.5714285720000003E+000 0.0000000000000000E+000 1.0000000000000000E+000
2.0000000000000000E+000 3.5714285720000003E+000 5.0000000000000000E-001 1.0000000000000000E+000
2.0000000000000000E+000 3.5714285720000003E+000 1.0000000000000000E+000 1.0000000000000000E+000
2.0000000000000000E+000 3.8571428580000000E+000 0.0000000000000000E+000 1.0000000000000000E+000
2.0000000000000000E+000 3.8571428580000000E+000 5.0000000000000000E-001 1.0000000000000000E+000
2.0000000000000000E+000 3.8571428580000000E+000 1.0000000000000000E+000 1.0000000000000000E+000
2.0000000000000000E+000 4.0000000000000000E+000 0.0000000000000000E+000 1.0000000000000000E+000
2.0000000000000000E+000 4.0000000000000000E+000 5.0000000000000000E-001 1.0000000000000000E+000
2.0000000000000000E+000 4.0000000000000000E+000 1.0000000000000000E+000 1.0000000000000000E+000
2.5714285719999999E+000 0.0000000000000000E+000 0.0000000000000000E+000 1.0000000000000000E+000
2.5714285719999999E+000 0.0000000000000000E+000 5.0000000000000000E-001 1.0000000000000000E+000
2.5714285719999999E+000 0.0000000000000000E+000 1.0000000000000000E+000 1.0000000000000000E+000
2.5714285719999999E+000 1.4285714200000002E-001 0.0000000000000000E+000 1.0000000000000000E+000
2.5714285719999999E+000 1.4285714200000002E-001 5.0000000000000000E-001 1.0000000000000000E+000
2.5714285719999999E+000 1.4285714200000002E-001 1.0000000000000000E+000 1.0000000000000000E+000
2.5714285719999994E+000 4.2857142800000003E-001 0.0000000000000000E+000 1.0000000000000000E+000
2.5714285719999994E+000 4.2857142800000003E-001 5.0000000000000000E-001 1.0000000000000000E+000
2.5714285719999994E+000 4.2857142800000003E-001 1.0000000000000000E+000 1.0000000000000000E+000
2.5714285719999994E+000 7.1428571400000007E-001 0.0000000000000000E+000 1.0000000000000000E+000
2.5714285719999994E+000 7.1428571400000007E-001 5.0000000000000000E-001 1.0000000000000000E+000
2.5714285719999994E+000 7.1428571400000007E-001 1.0000000000000000E+000 1.0000000000000000E+000
2.5714285719999994E+000 1.0000000000000000E+000 0.0000000000000000E+000 1.0000000000000000E+000
2.5714285719999994E+000 1.0000000000000000E+000 5.0000000000000000E-001 1.0000000000000000E+000
2.5714285719999994E+000 1.0000000000000000E+000 1.0000000000000000E+000 1.0000000000000000E+000
2.5714285719999994E+000 1.2857142859999999E+000 0.0000000000000000E+000 1.0000000000000000E+000
2.5714285719999994E+000 1.2857142859999999E+000 5.0000000000000000E-001 1.0000000000000000E+000
2.5714285719999994E+000 1.2857142859999999E+000 1.0000000000000000E+000 1.0000000000000000E+000
2.5714285719999994E+000 1.5714285719999999E+000 0.0000000000000000E+000 1.0000000000000000E+000
2.5714285719999994E+000 1.5714285719999999E+000 5.0000000000000000E-001 1.0000000000000000E+000
2.5714285719999994E+000 1.5714285719999999E+000 1.0000000000000000E+000 1.0000000000000000E+000
2.5714285719999994E+000 1.8571428579999998E+000 0.0000000000000000E+000 1.0000000000000000E+000
2.5714285719999994E+000 1.8571428579999998E+000 5.0000000000000000E-001 1.0000000000000000E+000
2.5714285719999994E+000 1.8571428579999998E+000 1.0000000000000000E+000 1.0000000000000000E+000
2.5714285719999994E+000 2.1428571420000000E+000 0.0000000000000000E+000 1.0000000000000000E+000
2.5714285719999994E+000 2.1428571420000000E+000 5.0000000000000000E-001 1.0000000000000000E+000
2.5714285719999994E+000 2.1428571420000000E+000 1.0000000000000000E+000 1.0000000000000000E+000
2.5714285719999994E+000 2.4285714279999997E+000 0.0000000000000000E+000 1.0000000000000000E+000
2.5714285719999994E+000 2.4285714279999997E+000 5.0000000000000000E-001 1.0000000000000000E+000
2.5714285719999994E+000 2.4285714279999997E+000 1.0000000000000000E+000 1.0000000000000000E+000
2.5714285719999994E+000 2.7142857139999998E+000 0.0000000000000000E+000 1.0000000000000000E+000
2.5714285719999994E+000 2.7142857139999998E+000 5.0000000000000000E-001 1.0000000000000000E+000
2.5714285719999994E+000 2.7142857139999998E+000 1.0000000000000000E+000 1.0000000000000000E+000
2.5714285719999999E+000 3.0000000000000000E+000 0.0000000000000000E+000 1.0000000000000000E+000
2.5714285719999999E+000 3.0000000000000000E+000 5.0000000000000000E-001 1.0000000000000000E+000
2.5714285719999999E+000 3.0000000000000000E+000 1.0000000000000000E+000 1.0000000000000000E+000
2.5714285719999999E+000 3.2857142860000006E+000 0.0000000000000000E+000 1.0000000000000000E+000
2.5714285719999999E+000 3.2857142860000006E+000 5.0000000000000000E-001 1.0000000000000000E+000
2.5714285719999999E+000 3.2857142860000006E+000 1.0000000000000000E+000 1.0000000000000000E+000
2.5714285719999999E+000 3.5714285720000003E+000 0.0000000000000000E+000 1.0000000000000000E+000
2.5714285719999999E+000 3.5714285720000003E+000 5.0000000000000000E-001 1.0000000000000000E+000
2.5714285719999999E+000 3.5714285720000003E+000 1.0000000000000000E+000 1.0000000000000000E+000
2.5714285719999999E+000 3.8571428580000000E+000 0.0000000000000000E+000 1.0000000000000000E+000
2.5714285719999999E+000 3.8571428580000000E+000 5.0000000000000000E-001 1.0000000000000000E+000
2.5714285719999999E+000 3.8571428580000000E+000 1.0000000000000000E+000 1.0000000000000000E+000
2.5714285719999999E+000 4.0000000000000000E+000 0.0000000000000000E+000 1.0000000000000000E+000
2.5714285719999999E+000 4.0000000000000000E+000 5.0000000000000000E-001 1.0000000000000000E+000
2.5714285719999999E+000 4.0000000000000000E+000 1.0000000000000000E+000 1.0000000000000000E+000
3.1428571439999997E+000 0.0000000000000000E+000 0.0000000000000000E+000 1.0000000000000000E+000
3.1428571439999997E+000 0.0000000000000000E+000 5.0000000000000000E-001 1.0000000000000000E+000
3.1428571439999997E+000 0.0000000000000000E+000 1.0000000000000000E+000 1.0000000000000000E+000
3.1428571439999997E+000 1.4285714200000002E-001 0.0000000000000000E+000 1.0000000000000000E+000
3.1428571439999997E+000 1.4285714200000002E-001 5.0000000000000000E-001 1.0000000000000000E+000
3.1428571439999997E+000 1.4285714200000002E-001 1.0000000000000000E+000 1.0000000000000000E+000
3.1428571439999997E+000 4.2857142800000003E-001 0.0000000000000000E+000 1.0000000000000000E+000
3.1428571439999997E+000 4.2857142800000003E-001 5.0000000000000000E-001 1.0000000000000000E+000
3.1428571439999997E+000 4.2857142800000003E-001 1.0000000000000000E+000 1.0000000000000000E+000
3.1428571439999997E+000 7.1428571400000007E-001 0.0000000000000000E+000 1.0000000000000000E+000
3.1428571439999997E+000 7.1428571400000007E-001 5.0000000000000000E-001 1.0000000000000000E+000
3.1428571439999997E+000 7.1428571400000007E-001 1.0000000000000000E+000 1.0000000000000000E+000
3.1428571439999997E+000 1.0000000000000000E+000 0.0000000000000000E+000 1.0000000000000000E+000
3.1428571439999997E+000 1.0000000000000000E+000 5.0000000000000000E-001 1.0000000000000000E+000
3.1428571439999997E+000 1.0000000000000000E+000 1.0000000000000000E+000 1.0000000000000000E+000
3.1428571439999997E+000 1.2857142859999999E+000 0.0000000000000000E+000 1.0000000000000000E+000
3.1428571439999997E+000 1.2857142859999999E+000 5.0000000000000000E-001 1.0000000000000000E+000
3.1428571439999997E+000 1.2857142859999999E+000 1.0000000000000000E+000 1.0000000000000000E+000
3.1428571439999997E+000 1.5714285719999999E+000 0.0000000000000000E+000 1.0000000000000000E+000
3.1428571439999997E+000 1.5714285719999999E+000 5.0000000000000000E-001 1.0000000000000000E+000
3.1428571439999997E+000 1.5714285719999999E+000 1.0000000000000000E+000 1.0000000000000000E+000
3.1428571439999997E+000 1.8571428579999998E+000 0.0000000000000000E+000 1.0000000000000000E+000
3.1428571439999997E+000 1.8571428579999998E+000 5.0000000000000000E-001 1.0000000000000000E+000
3.1428571439999997E+000 1.8571428579999998E+000 1.0000000000000000E+000 1.0000000000000000E+000
3.1428571439999997E+000 2.1428571420000000E+000 0.0000000000000000E+000 1.0000000000000000E+000
3.1428571439999997E+000 2.1428571420000000E+000 5.0000000000000000E-001 1.0000000000000000E+000
3.1428571439999997E+000 2.1428571420000000E+000 1.0000000000000000E+000 1.0000000000000000E+000
3.1428571439999993E+000 2.4285714279999997E+000 0.0000000000000000E+000 1.0000000000000000E+000
3.1428571439999993E+000 2.4285714279999997E+000 5.0000000000000000E-001 1.0000000000000000E+000
3.1428571439999993E+000 2.4285714279999997E+000 1.0000000000000000E+000 1.0000000000000000E+000
3.1428571439999997E+000 2.7142857139999998E+000 0.0000000000000000E+000 1.0000000000000000E+000
3.1428571439999997E+000 2.7142857139999998E+000 5.0000000000000000E-001 1.0000000000000000E+000
3.1428571439999997E+000 2.7142857139999998E+000 1.0000000000000000E+000 1.0000000000000000E+000
3.1428571439999997E+000 3.0000000000000000E+000 0.0000000000000000E+000 1.0000000000000000E+000
3.1428571439999997E+000 3.0000000000000000E+000 5.0000000000000000E-001 1.0000000000000000E+000
3.1428571439999997E+000 3.0000000000000000E+000 1.0000000000000000E+000 1.0000000000000000E+000
3.1428571439999997E+000 3.2857142860000006E+000 0.0000000000000000E+000 1.0000000000000000E+000
3.1428571439999997E+000 3.2857142860000006E+000 5.0000000000000000E-001 1.0000000000000000E+000
3.1428571439999997E+000 3.2857142860000006E+000 1.0000000000000000E+000 1.0000000000000000E+000
3.1428571439999997E+000 3.5714285720000003E+000 0.0000000000000000E+000 1.0000000000000000E+000
3.1428571439999997E+000 3.5714285720000003E+000 5.0000000000000000E-001 1.0000000000000000E+000
3.1428571439999997E+000 3.5714285720000003E+000 1.0000000000000000E+000 1.0000000000000000E+000
3.1428571439999997E+000 3.8571428580000000E+000 0.0000000000000000E+000 1.0000000000000000E+000
3.1428571439999997E+000 3.8571428580000000E+000 5.0000000000000000E-001 1.0000000000000000E+000
3.1428571439999997E+000 3.8571428580000000E+000 1.0000000000000000E+000 1.0000000000000000E+000
3.1428571439999997E+000 4.0000000000000000E+000 0.0000000000000000E+000 1.0000000000000000E+000
3.1428571439999997E+000 4.0000000000000000E+000 5.0000000000000000E-001 1.0000000000000000E+000
3.1428571439999997E+000 4.0000000000000000E+000 1.0000000000000000E+000 1.0000000000000000E+000
3.7142857159999996E+000 0.0000000000000000E+000 0.0000000000000000E+000 1.0000000000000000E+000
3.7142857159999996E+000 0.0000000000000000E+000 5.0000000000000000E-001 1.0000000000000000E+000
3.7142857159999996E+000 0.0000000000000000E+000 1.0000000000000000E+000 1.0000000000000000E+000
3.7142857160000000E+000 1.4285714200000002E-001 0.0000000000000000E+000 1.0000000000000000E+000
3.7142857160000000E+000 1.4285714200000002E-001 5.0000000000000000E-001 1.0000000000000000E+000
3.7142857160000000E+000 1.4285714200000002E-001 1.0000000000000000E+000 1.0000000000000000E+000
3.7142857160000000E+000 4.2857142800000003E-001 0.0000000000000000E+000 1.0000000000000000E+000
3.7142857160000000E+000 4.2857142800000003E-001 5.0000000000000000E-001 1.0000000000000000E+000
3.7142857160000000E+000 4.2857142800000003E-001 1.0000000000000000E+000 1.0000000000000000E+000
3.7142857160000000E+000 7.1428571400000007E-001 0.0000000000000000E+000 1.0000000000000000E+000
3.7142857160000000E+000 7.1428571400000007E-001 5.0000000000000000E-001 1.0000000000000000E+000
3.7142857160000000E+000 7.1428571400000007E-001 1.0000000000000000E+000 1.0000000000000000E+000
3.7142857160000000E+000 1.0000000000000000E+000 0.0000000000000000E+000 1.0000000000000000E+000
3.7142857160000000E+000 1.0000000000000000E+000 5.0000000000000000E-001 1.0000000000000000E+000
3.7142857160000000E+000 1.0000000000000000E+000 1.0000000000000000E+000 1.0000000000000000E+000
3.7142857159999996E+000 1.2857142859999999E+000 0.0000000000000000E+000 1.0000000000000000E+000
3.7142857159999996E+000 1.2857142859999999E+000 5.0000000000000000E-001 1.0000000000000000E+000
3.7142857159999996E+000 1.2857142859999999E+000 1.0000000000000000E+000 1.0000000000000000E+000
3.7142857159999991E+000 1.5714285719999999E+000 0.0000000000000000E+000 1.0000000000000000E+000
3.7142857159999991E+000 1.5714285719999999E+000 5.0000000000000000E-001 1.0000000000000000E+000
3.7142857159999991E+000 1.5714285719999999E+000 1.0000000000000000E+000 1.0000000000000000E+000
3.7142857159999991E+000 1.8571428579999998E+000 0.0000000000000000E+000 1.0000000000000000E+000
3.7142857159999991E+000 1.8571428579999998E+000 5.0000000000000000E-001 1.0000000000000000E+000
3.7142857159999991E+000 1.8571428579999998E+000 1.0000000000000000E+000 1.0000000000000000E+000
3.7142857159999991E+000 2.1428571420000000E+000 0.0000000000000000E+000 1.0000000000000000E+000
3.7142857159999991E+000 2.1428571420000000E+000 5.0000000000000000E-001 1.0000000000000000E+000
3.7142857159999991E+000 2.1428571420000000E+000 1.0000000000000000E+000 1.0000000000000000E+000
3.7142857159999991E+000 2.4285714279999997E+000 0.0000000000000000E+000 1.0000000000000000E+000
3.7142857159999991E+000 2.4285714279999997E+000 5.0000000000000000E-001 1.0000000000000000E+000
3.7142857159999991E+000 2.4285714279999997E+000 1.0000000000000000E+000 1.0000000000000000E+000
3.7142857159999991E+000 2.7142857139999998E+000 0.0000000000000000E+000 1.0000000000000000E+000
3.7142857159999991E+000 2.7142857139999998E+000 5.0000000000000000E-001 1.0000000000000000E+000
3.7142857159999991E+000 2.7142857139999998E+000 1.0000000000000000E+000 1.0000000000000000E+000
3.7142857159999996E+000 3.0000000000000000E+000 0.0000000000000000E+000 1.0000000000000000E+000
3.7142857159999996E+000 3.0000000000000000E+000 5.0000000000000000E-001 1.0000000000000000E+000
3.7142857159999996E+000 3.0000000000000000E+000 1.0000000000000000E+000 1.0000000000000000E+000
3.7142857159999996E+000 3.2857142860000006E+000 0.0000000000000000E+000 1.0000000000000000E+000
3.7142857159999996E+000 3.2857142860000006E+000 5.0000000000000000E-001 1.0000000000000000E+000
3.7142857159999996E+000 3.2857142860000006E+000 1.0000000000000000E+000 1.0000000000000000E+000
3.7142857159999996E+000 3.5714285720000003E+000 0.0000000000000000E+000 1.0000000000000000E+000
3.7142857159999996E+000 3.5714285720000003E+000 5.0000000000000000E-001 1.0000000000000000E+000
3.7142857159999996E+000 3.5714285720000003E+000 1.0000000000000000E+000 1.0000000000000000E+000
3.7142857159999996E+000 3.8571428580000000E+000 0.0000000000000000E+000 1.0000000000000000E+000
3.7142857159999996E+000 3.8571428580000000E+000 5.0000000000000000E-001 1.0000000000000000E+000
3.7142857159999996E+000 3.8571428580000000E+000 1.0000000000000000E+000 1.0000000000000000E+000
3.7142857159999996E+000 4.0000000000000000E+000 0.0000000000000000E+000 1.0000000000000000E+000
3.7142857159999996E+000 4.0000000000000000E+000 5.0000000000000000E-001 1.0000000000000000E+000
3.7142857159999996E+000 4.0000000000000000E+000 1.0000000000000000E+000 1.0000000000000000E+000
4.2857142840000000E+000 0.0000000000000000E+000 0.0000000000000000E+000 1.0000000000000000E+000
4.2857142840000000E+000 0.0000000000000000E+000 5.0000000000000000E-001 1.0000000000000000E+000
4.2857142840000000E+000 0.0000000000000000E+000 1.0000000000000000E+000 1.0000000000000000E+000
4.2857142840000009E+000 1.4285714200000002E-001 0.0000000000000000E+000 1.0000000000000000E+000
4.2857142840000009E+000 1.4285714200000002E-001 5.0000000000000000E-001 1.0000000000000000E+000
4.2857142840000009E+000 1.4285714200000002E-001 1.0000000000000000E+000 1.0000000000000000E+000
4.2857142840000009E+000 4.2857142800000003E-001 0.0000000000000000E+000 1.0000000000000000E+000
4.2857142840000009E+000 4.2857142800000003E-001 5.0000000000000000E-001 1.0000000000000000E+000
4.2857142840000009E+000 4.2857142800000003E-001 1.0000000000000000E+000 1.0000000000000000E+000
4.2857142840000009E+000 7.1428571400000007E-001 0.0000000000000000E+000 1.0000000000000000E+000
4.2857142840000009E+000 7.1428571400000007E-001 5.0000000000000000E-001 1.0000000000000000E+000
4.2857142840000009E+000 7.1428571400000007E-001 1.0000000000000000E+000 1.0000000000000000E+000
4.2857142840000000E+000 1.0000000000000000E+000 0.0000000000000000E+000 1.0000000000000000E+000
4.2857142840000000E+000 1.0000000000000000E+000 5.0000000000000000E-001 1.0000000000000000E+000
4.2857142840000000E+000 1.0000000000000000E+000 1.0000000000000000E+000 1.0000000000000000E+000
4.2857142840000000E+000 1.2857142859999999E+000 0.0000000000000000E+000 1.0000000000000000E+000
4.2857142840000000E+000 1.2857142859999999E+000 5.0000000000000000E-001 1.0000000000000000E+000
4.2857142840000000E+000 1.2857142859999999E+000 1.0000000000000000E+000 1.0000000000000000E+000
4.2857142840000000E+000 1.5714285719999999E+000 0.0000000000000000E+000 1.0000000000000000E+000
4.2857142840000000E+000 1.5714285719999999E+000 5.0000000000000000E-001 1.0000000000000000E+000
4.2857142840000000E+000 1.5714285719999999E+000 1.0000000000000000E+000 1.0000000000000000E+000
4.2857142840000000E+000 1.8571428579999998E+000 0.0000000000000000E+000 1.0000000000000000E+000
4.2857142840000000E+000 1.8571428579999998E+000 5.0000000000000000E-001 1.0000000000000000E+000
4.2857142840000000E+000 1.8571428579999998E+000 1.0000000000000000E+000 1.0000000000000000E+000
4.2857142840000000E+000 2.1428571420000000E+000 0.0000000000000000E+000 1.0000000000000000E+000
4.2857142840000000E+000 2.1428571420000000E+000 5.0000000000000000E-001 1.0000000000000000E+000
4.2857142840000000E+000 2.1428571420000000E+000 1.0000000000000000E+000 1.0000000000000000E+000
4.2857142840000000E+000 2.4285714279999997E+000 0.0000000000000000E+000 1.0000000000000000E+000
4.2857142840000000E+000 2.4285714279999997E+000 5.0000000000000000E-001 1.0000000000000000E+000
4.2857142840000000E+000 2.4285714279999997E+000 1.0000000000000000E+000 1.0000000000000000E+000
4.2857142840000000E+000 2.7142857139999998E+000 0.0000000000000000E+000 1.0000000000000000E+000
4.2857142840000000E+000 2.7142857139999998E+000 5.0000000000000000E-001 1.0000000000000000E+000
4.2857142840000000E+000 2.7142857139999998E+000 1.0000000000000000E+000 1.0000000000000000E+000
4.2857142840000000E+000 3.0000000000000000E+000 0.0000000000000000E+000 1.0000000000000000E+000
4.2857142840000000E+000 3.0000000000000000E+000 5.0000000000000000E-001 1.0000000000000000E+000
4.2857142840000000E+000 3.0000000000000000E+000 1.0000000000000000E+000 1.0000000000000000E+000
4.2857142840000000E+000 3.2857142860000006E+000 0.0000000000000000E+000 1.0000000000000000E+000
4.2857142840000000E+000 3.2857142860000006E+000 5.0000000000000000E-001 1.0000000000000000E+000
4.2857142840000000E+000 3.2857142860000006E+000 1.0000000000000000E+000 1.0000000000000000E+000
4.2857142840000000E+000 3.5714285720000003E+000 0.0000000000000000E+000 1.0000000000000000E+000
4.2857142840000000E+000 3.5714285720000003E+000 5.0000000000000000E-001 1.0000000000000000E+000
4.2857142840000000E+000 3.5714285720000003E+000 1.0000000000000000E+000 1.0000000000000000E+000
4.2857142840000000E+000 3.8571428580000000E+000 0.0000000000000000E+000 1.0000000000000000E+000
4.2857142840000000E+000 3.8571428580000000E+000 5.0000000000000000E-001 1.0000000000000000E+000
4.2857142840000000E+000 3.8571428580000000E+000 1.0000000000000000E+000 1.0000000000000000E+000
4.2857142840000000E+000 4.0000000000000000E+000 0.0000000000000000E+000 1.0000000000000000E+000
4.2857142840000000E+000 4.0000000000000000E+000 5.0000000000000000E-001 1.0000000000000000E+000
4.2857142840000000E+000 4.0000000000000000E+000 1.0000000000000000E+000 1.0000000000000000E+000
4.8571428559999994E+000 0.0000000000000000E+000 0.0000000000000000E+000 1.0000000000000000E+000
4.8571428559999994E+000 0.0000000000000000E+000 5.0000000000000000E-001 1.0000000000000000E+000
4.8571428559999994E+000 0.0000000000000000E+000 1.0000000000000000E+000 1.0000000000000000E+000
4.8571428559999994E+000 1.4285714200000002E-001 0.0000000000000000E+000 1.0000000000000000E+000
4.8571428559999994E+000 1.4285714200000002E-001 5.0000000000000000E-001 1.0000000000000000E+000
4.8571428559999994E+000 1.4285714200000002E-001 1.0000000000000000E+000 1.0000000000000000E+000
4.8571428559999994E+000 4.2857142800000003E-001 0.0000000000000000E+000 1.0000000000000000E+000
4.8571428559999994E+000 4.2857142800000003E-001 5.0000000000000000E-001 1.0000000000000000E+000
4.8571428559999994E+000 4.2857142800000003E-001 1.0000000000000000E+000 1.0000000000000000E+000
4.8571428559999994E+000 7.1428571400000007E-001 0.0000000000000000E+000 1.0000000000000000E+000
4.8571428559999994E+000 7.1428571400000007E-001 5.0000000000000000E-001 1.0000000000000000E+000
4.8571428559999994E+000 7.1428571400000007E-001 1.0000000000000000E+000 1.0000000000000000E+000
4.8571428559999994E+000 1.0000000000000000E+000 0.0000000000000000E+000 1.0000000000000000E+000
4.8571428559999994E+000 1.0000000000000000E+000 5.0000000000000000E-001 1.0000000000000000E+000
4.8571428559999994E+000 1.0000000000000000E+000 1.0000000000000000E+000 1.0000000000000000E+000
4.8571428559999994E+000 1.2857142859999999E+000 0.0000000000000000E+000 1.0000000000000000E+000
4.8571428559999994E+000 1.2857142859999999E+000 5.0000000000000000E-001 1.0000000000000000E+000
4.8571428559999994E+000 1.2857142859999999E+000 1.0000000000000000E+000 1.0000000000000000E+000
4.8571428559999994E+000 1.5714285719999999E+000 0.0000000000000000E+000 1.0000000000000000E+000
4.8571428559999994E+000 1.5714285719999999E+000 5.0000000000000000E-001 1.0000000000000000E+000
4.8571428559999994E+000 1.5714285719999999E+000 1.0000000000000000E+000 1.0000000000000000E+000
4.8571428559999994E+000 1.8571428579999998E+000 0.0000000000000000E+000 1.0000000000000000E+000
4.8571428559999994E+000 1.8571428579999998E+000 5.0000000000000000E-001 1.0000000000000000E+000
4.8571428559999994E+000 1.8571428579999998E+000 1.0000000000000000E+000 1.0000000000000000E+000
4.8571428559999994E+000 2.1428571420000000E+000 0.0000000000000000E+000 1.0000000000000000E+000
4.8571428559999994E+000 2.1428571420000000E+000 5.0000000000000000E-001 1.0000000000000000E+000
4.8571428559999994E+000 2.1428571420000000E+000 1.0000000000000000E+000 1.0000000000000000E+000
4.8571428559999994E+000 2.4285714279999997E+000 0.0000000000000000E+000 1.0000000000000000E+000
4.8571428559999994E+000 2.4285714279999997E+000 5.0000000000000000E-001 1.0000000000000000E+000
4.8571428559999994E+000 2.4285714279999997E+000 1.0000000000000000E+000 1.0000000000000000E+000
4.8571428559999994E+000 2.7142857139999998E+000 0.0000000000000000E+000 1.0000000000000000E+000
4.8571428559999994E+000 2.7142857139999998E+000 5.0000000000000000E-001 1.0000000000000000E+000
4.8571428559999994E+000 2.7142857139999998E+000 1.0000000000000000E+000 1.0000000000000000E+000
4.8571428559999994E+000 3.0000000000000000E+000 0.0000000000000000E+000 1.0000000000000000E+000
4.8571428559999994E+000 3.0000000000000000E+000 5.0000000000000000E-001 1.0000000000000000E+000
4.8571428559999994E+000 3.0000000000000000E+000 1.0000000000000000E+000 1.0000000000000000E+000
4.8571428559999994E+000 3.2857142860000006E+000 0.0000000000000000E+000 1.0000000000000000E+000
4.8571428559999994E+000 3.2857142860000006E+000 5.0000000000000000E-001 1.0000000000000000E+000
4.8571428559999994E+000 3.2857142860000006E+000 1.0000000000000000E+000 1.0000000000000000E+000
4.8571428559999994E+000 3.5714285720000003E+000 0.0000000000000000E+000 1.0000000000000000E+000
4.8571428559999994E+000 3.5714285720000003E+000 5.0000000000000000E-001 1.0000000000000000E+000
4.8571428559999994E+000 3.5714285720000003E+000 1.0000000000000000E+000 1.0000000000000000E+000
4.8571428559999994E+000 3.8571428580000000E+000 0.0000000000000000E+000 1.0000000000000000E+000
4.8571428559999994E+000 3.8571428580000000E+000 5.0000000000000000E-001 1.0000000000000000E+000
4.8571428559999994E+000 3.8571428580000000E+000 1.0000000000000000E+000 1.0000000000000000E+000
4.8571428559999994E+000 4.0000000000000000E+000 0.0000000000000000E+000 1.0000000000000000E+000
4.8571428559999994E+000 4.0000000000000000E+000 5.0000000000000000E-001 1.0000000000000000E+000
4.8571428559999994E+000 4.0000000000000000E+000 1.0000000000000000E+000 1.0000000000000000E+000
5.4285714279999997E+000 0.0000000000000000E+000 0.0000000000000000E+000 1.0000000000000000E+000
5.4285714279999997E+000 0.0000000000000000E+000 5.0000000000000000E-001 1.0000000000000000E+000
5.4285714279999997E+000 0.0000000000000000E+000 1.0000000000000000E+000 1.0000000000000000E+000
5.4285714279999997E+000 1.4285714200000002E-001 0.0000000000000000E+000 1.0000000000000000E+000
5.4285714279999997E+000 1.4285714200000002E-001 5.0000000000000000E-001 1.0000000000000000E+000
5.4285714279999997E+000 1.4285714200000002E-001 1.0000000000000000E+000 1.0000000000000000E+000
5.4285714279999997E+000 4.2857142800000003E-001 0.0000000000000000E+000 1.0000000000000000E+000
5.4285714279999997E+000 4.2857142800000003E-001 5.0000000000000000E-001 1.0000000000000000E+000
5.4285714279999997E+000 4.2857142800000003E-001 1.0000000000000000E+000 1.0000000000000000E+000
5.4285714279999997E+000 7.1428571400000007E-001 0.0000000000000000E+000 1.0000000000000000E+000
5.4285714279999997E+000 7.1428571400000007E-001 5.0000000000000000E-001 1.0000000000000000E+000
5.4285714279999997E+000 7.1428571400000007E-001 1.0000000000000000E+000 1.0000000000000000E+000
5.4285714279999997E+000 1.0000000000000000E+000 0.0000000000000000E+000 1.0000000000000000E+000
5.4285714279999997E+000 1.0000000000000000E+000 5.0000000000000000E-001 1.0000000000000000E+000
5.4285714279999997E+000 1.0000000000000000E+000 1.0000000000000000E+000 1.0000000000000000E+000
5.4285714279999997E+000 1.2857142859999999E+000 0.0000000000000000E+000 1.0000000000000000E+000
5.4285714279999997E+000 1.2857142859999999E+000 5.0000000000000000E-001 1.0000000000000000E+000
5.4285714279999997E+000 1.2857142859999999E+000 1.0000000000000000E+000 1.0000000000000000E+000
5.4285714279999997E+000 1.5714285719999999E+000 0.0000000000000000E+000 1.0000000000000000E+000
5.4285714279999997E+000 1.5714285719999999E+000 5.0000000000000000E-001 1.0000000000000000E+000
5.4285714279999997E+000 1.5714285719999999E+000 1.0000000000000000E+000 1.0000000000000000E+000
5.4285714279999997E+000 1.8571428579999998E+000 0.0000000000000000E+000 1.0000000000000000E+000
5.4285714279999997E+000 1.8571428579999998E+000 5.0000000000000000E-001 1.0000000000000000E+000
5.4285714279999997E+000 1.8571428579999998E+000 1.0000000000000000E+000 1.0000000000000000E+000
5.4285714279999997E+000 2.1428571420000000E+000 0.0000000000000000E+000 1.0000000000000000E+000
5.4285714279999997E+000 2.1428571420000000E+000 5.0000000000000000E-001 1.0000000000000000E+000
5.4285714279999997E+000 2.1428571420000000E+000 1.0000000000000000E+000 1.0000000000000000E+000
5.4285714279999988E+000 2.4285714279999997E+000 0.0000000000000000E+000 1.0000000000000000E+000
5.4285714279999988E+000 2.4285714279999997E+000 5.0000000000000000E-001 1.0000000000000000E+000
5.4285714279999988E+000 2.4285714279999997E+000 1.0000000000000000E+000 1.0000000000000000E+000
5.4285714279999997E+000 2.7142857139999998E+000 0.0000000000000000E+000 1.0000000000000000E+000
5.4285714279999997E+000 2.7142857139999998E+000 5.0000000000000000E-001 1.0000000000000000E+000
5.4285714279999997E+000 2.7142857139999998E+000 1.0000000000000000E+000 1.0000000000000000E+000
5.4285714279999997E+000 3.0000000000000000E+000 0.0000000000000000E+000 1.0000000000000000E+000
5.4285714279999997E+000 3.0000000000000000E+000 5.0000000000000000E-001 1.0000000000000000E+000
5.4285714279999997E+000 3.0000000000000000E+000 1.0000000000000000E+000 1.0000000000000000E+000
5.4285714279999997E+000 3.2857142860000006E+000 0.0000000000000000E+000 1.0000000000000000E+000
5.4285714279999997E+000 3.2857142860000006E+000 5.0000000000000000E-001 1.0000000000000000E+000
5.4285714279999997E+000 3.2857142860000006E+000 1.0000000000000000E+000 1.0000000000000000E+000
5.4285714279999997E+000 3.5714285720000003E+000 0.0000000000000000E+000 1.0000000000000000E+000
5.4285714279999997E+000 3.5714285720000003E+000 5.0000000000000000E-001 1.0000000000000000E+000
5.4285714279999997E+000 3.5714285720000003E+000 1.0000000000000000E+000 1.0000000000000000E+000
5.4285714279999997E+000 3.8571428580000000E+000 0.0000000000000000E+000 1.0000000000000000E+000
5.4285714279999997E+000 3.8571428580000000E+000 5.0000000000000000E-001 1.0000000000000000E+000
5.4285714279999997E+000 3.8571428580000000E+000 1.0000000000000000E+000 1.0000000000000000E+000
5.4285714279999997E+000 4.0000000000000000E+000 0.0000000000000000E+000 1.0000000000000000E+000
5.4285714279999997E+000 4.0000000000000000E+000 5.0000000000000000E-001 1.0000000000000000E+000
5.4285714279999997E+000 4.0000000000000000E+000 1.0000000000000000E+000 1.0000000000000000E+000
6.0000000000000000E+000 0.0000000000000000E+000 0.0000000000000000E+000 1.0000000000000000E+000
6.0000000000000000E+000 0.0000000000000000E+000 5.0000000000000000E-001 1.0000000000000000E+000
6.0000000000000000E+000 0.0000000000000000E+000 1.0000000000000000E+000 1.0000000000000000E+000
6.0000000000000000E+000 1.4285714200000002E-001 0.0000000000000000E+000 1.0000000000000000E+000
6.0000000000000000E+000 1.4285714200000002E-001 5.0000000000000000E-001 1.0000000000000000E+000
6.0000000000000000E+000 1.4285714200000002E-001 1.0000000000000000E+000 1.0000000000000000E+000
6.0000000000000009E+000 4.2857142800000003E-001 0.0000000000000000E+000 1.0000000000000000E+000
6.0000000000000009E+000 4.2857142800000003E-001 5.0000000000000000E-001 1.0000000000000000E+000
6.0000000000000009E+000 4.2857142800000003E-001 1.0000000000000000E+000 1.0000000000000000E+000
6.0000000000000000E+000 7.1428571400000007E-001 0.0000000000000000E+000 1.0000000000000000E+000
6.0000000000000000E+000 7.1428571400000007E-001 5.0000000000000000E-001 1.0000000000000000E+000
6.0000000000000000E+000 7.1428571400000007E-001 1.0000000000000000E+000 1.0000000000000000E+000
6.0000000000000000E+000 1.0000000000000000E+000 0.0000000000000000E+000 1.0000000000000000E+000
6.0000000000000000E+000 1.0000000000000000E+000 5.0000000000000000E-001 1.0000000000000000E+000
6.0000000000000000E+000 1.0000000000000000E+000 1.0000000000000000E+000 1.0000000000000000E+000
6.0000000000000000E+000 1.2857142859999999E+000 0.0000000000000000E+000 1.0000000000000000E+000
6.0000000000000000E+000 1.2857142859999999E+000 5.0000000000000000E-001 1.0000000000000000E+000
6.0000000000000000E+000 1.2857142859999999E+000 1.0000000000000000E+000 1.0000000000000000E+000
6.0000000000000000E+000 1.5714285719999999E+000 0.0000000000000000E+000 1.0000000000000000E+000
6.0000000000000000E+000 1.5714285719999999E+000 5.0000000000000000E-001 1.0000000000000000E+000
6.0000000000000000E+000 1.5714285719999999E+000 1.0000000000000000E+000 1.0000000000000000E+000
6.0000000000000009E+000 1.8571428579999998E+000 0.0000000000000000E+000 1.0000000000000000E+000
6.0000000000000009E+000 1.8571428579999998E+000 5.0000000000000000E-001 1.0000000000000000E+000
6.0000000000000009E+000 1.8571428579999998E+000 1.0000000000000000E+000 1.0000000000000000E+000
6.0000000000000009E+000 2.1428571420000000E+000 0.0000000000000000E+000 1.0000000000000000E+000
6.0000000000000009E+000 2.1428571420000000E+000 5.0000000000000000E-001 1.0000000000000000E+000
6.0000000000000009E+000 2.1428571420000000E+000 1.0000000000000000E+000 1.0000000000000000E+000
6.0000000000000000E+000 2.4285714279999997E+000 0.0000000000000000E+000 1.0000000000000000E+000
6.0000000000000000E+000 2.4285714279999997E+000 5.0000000000000000E-001 1.0000000000000000E+000
6.0000000000000000E+000 2.4285714279999997E+000 1.0000000000000000E+000 1.0000000000000000E+000
6.0000000000000000E+000 2.7142857139999998E+000 0.0000000000000000E+000 1.0000000000000000E+000
6.0000000000000000E+000 2.7142857139999998E+000 5.0000000000000000E-001 1.0000000000000000E+000
6.0000000000000000E+000 2.7142857139999998E+000 1.0000000000000000E+000 1.0000000000000000E+000
6.0000000000000000E+000 3.0000000000000000E+000 0.0000000000000000E+000 1.0000000000000000E+000
6.0000000000000000E+000 3.0000000000000000E+000 5.0000000000000000E-001 1.0000000000000000E+000
6.0000000000000000E+000 3.0000000000000000E+000 1.0000000000000000E+000 1.0000000000000000E+000
6.0000000000000000E+000 3.2857142860000006E+000 0.0000000000000000E+000 1.0000000000000000E+000
6.0000000000000000E+000 3.2857142860000006E+000 5.0000000000000000E-001 1.0000000000000000E+000
6.0000000000000000E+000 3.2857142860000006E+000 1.0000000000000000E+000 1.0000000000000000E+000
6.0000000000000000E+000 3.5714285720000003E+000 0.0000000000000000E+000 1.0000000000000000E+000
6.0000000000000000E+000 3.5714285720000003E+000 5.0000000000000000E-001 1.0000000000000000E+000
6.0000000000000000E+000 3.5714285720000003E+000 1.0000000000000000E+000 1.0000000000000000E+000
6.0000000000000000E+000 3.8571428580000000E+000 0.0000000000000000E+000 1.0000000000000000E+000
6.0000000000000000E+000 3.8571428580000000E+000 5.0000000000000000E-001 1.0000000000000000E+000
6.0000000000000000E+000 3.8571428580000000E+000 1.0000000000000000E+000 1.0000000000000000E+000
6.0000000000000000E+000 4.0000000000000000E+000 0.0000000000000000E+000 1.0000000000000000E+000
6.0000000000000000E+000 4.0000000000000000E+000 5.0000000000000000E-001 1.0000000000000000E+000
6.0000000000000000E+000 4.0000000000000000E+000 1.0000000000000000E+000 1.0000000000000000E+000
6.5714285720000012E+000 0.0000000000000000E+000 0.0000000000000000E+000 1.0000000000000000E+000
6.5714285720000012E+000 0.0000000000000000E+000 5.0000000000000000E-001 1.0000000000000000E+000
6.5714285720000012E+000 0.0000000000000000E+000 1.0000000000000000E+000 1.0000000000000000E+000
6.5714285720000021E+000 1.4285714200000002E-001 0.0000000000000000E+000 1.0000000000000000E+000
6.5714285720000021E+000 1.4285714200000002E-001 5.0000000000000000E-001 1.0000000000000000E+000
6.5714285720000021E+000 1.4285714200000002E-001 1.0000000000000000E+000 1.0000000000000000E+000
6.5714285720000021E+000 4.2857142800000003E-001 0.0000000000000000E+000 1.0000000000000000E+000
6.5714285720000021E+000 4.2857142800000003E-001 5.0000000000000000E-001 1.0000000000000000E+000
6.5714285720000021E+000 4.2857142800000003E-001 1.0000000000000000E+000 1.0000000000000000E+000
6.5714285720000021E+000 7.1428571400000007E-001 0.0000000000000000E+000 1.0000000000000000E+000
6.5714285720000021E+000 7.1428571400000007E-001 5.0000000000000000E-001 1.0000000000000000E+000
6.5714285720000021E+000 7.1428571400000007E-001 1.0000000000000000E+000 1.0000000000000000E+000
6.5714285720000021E+000 1.0000000000000000E+000 0.0000000000000000E+000 1.0000000000000000E+000
6.5714285720000021E+000 1.0000000000000000E+000 5.0000000000000000E-001 1.0000000000000000E+000
6.5714285720000021E+000 1.0000000000000000E+000 1.0000000000000000E+000 1.0000000000000000E+000
6.5714285720000003E+000 1.2857142859999999E+000 0.0000000000000000E+000 1.0000000000000000E+000
6.5714285720000003E+000 1.2857142859999999E+000 5.0000000000000000E-001 1.0000000000000000E+000
6.5714285720000003E+000 1.2857142859999999E+000 1.0000000000000000E+000 1.0000000000000000E+000
6.5714285720000012E+000 1.5714285719999999E+000 0.0000000000000000E+000 1.0000000000000000E+000
6.5714285720000012E+000 1.5714285719999999E+000 5.0000000000000000E-001 1.0000000000000000E+000
6.5714285720000012E+000 1.5714285719999999E+000 1.0000000000000000E+000 1.0000000000000000E+000
6.5714285720000012E+000 1.8571428579999998E+000 0.0000000000000000E+000 1.0000000000000000E+000
6.5714285720000012E+000 1.8571428579999998E+000 5.0000000000000000E-001 1.0000000000000000E+000
6.5714285720000012E+000 1.8571428579999998E+000 1.0000000000000000E+000 1.0000000000000000E+000
6.5714285720000012E+000 2.1428571420000000E+000 0.0000000000000000E+000 1.0000000000000000E+000
6.5714285720000012E+000 2.1428571420000000E+000 5.0000000000000000E-001 1.0000000000000000E+000
6.5714285720000012E+000 2.1428571420000000E+000 1.0000000000000000E+000 1.0000000000000000E+000
6.5714285720000003E+000 2.4285714279999997E+000 0.0000000000000000E+000 1.0000000000000000E+000
6.5714285720000003E+000 2.4285714279999997E+000 5.0000000000000000E-001 1.0000000000000000E+000
6.5714285720000003E+000 2.4285714279999997E+000 1.0000000000000000E+000 1.0000000000000000E+000
6.5714285720000003E+000 2.7142857139999998E+000 0.0000000000000000E+000 1.0000000000000000E+000
6.5714285720000003E+000 2.7142857139999998E+000 5.0000000000000000E-001 1.0000000000000000E+000
6.5714285720000003E+000 2.7142857139999998E+000 1.0000000000000000E+000 1.0000000000000000E+000
6.5714285720000003E+000 3.0000000000000000E+000 0.0000000000000000E+000 1.0000000000000000E+000
6.5714285720000003E+000 3.0000000000000000E+000 5.0000000000000000E-001 1.0000000000000000E+000
6.5714285720000003E+000 3.0000000000000000E+000 1.0000000000000000E+000 1.0000000000000000E+000
6.5714285720000012E+000 3.2857142860000006E+000 0.0000000000000000E+000 1.0000000000000000E+000
6.5714285720000012E+000 3.2857142860000006E+000 5.0000000000000000E-001 1.0000000000000000E+000
6.5714285720000012E+000 3.2857142860000006E+000 1.0000000000000000E+000 1.0000000000000000E+000
6.5714285720000012E+000 3.5714285720000003E+000 0.0000000000000000E+000 1.0000000000000000E+000
6.5714285720000012E+000 3.5714285720000003E+000 5.0000000000000000E-001 1.0000000000000000E+000
6.5714285720000012E+000 3.5714285720000003E+000 1.0000000000000000E+000 1.0000000000000000E+000
6.5714285720000012E+000 3.8571428580000000E+000 0.0000000000000000E+000 1.0000000000000000E+000
6.5714285720000012E+000 3.8571428580000000E+000 5.0000000000000000E-001 1.0000000000000000E+000
6.5714285720000012E+000 3.8571428580000000E+000 1.0000000000000000E+000 1.0000000000000000E+000
6.5714285720000012E+000 4.0000000000000000E+000 0.0000000000000000E+000 1.0000000000000000E+000
6.5714285720000012E+000 4.0000000000000000E+000 5.0000000000000000E-001 1.0000000000000000E+000
6.5714285720000012E+000 4.0000000000000000E+000 1.0000000000000000E+000 1.0000000000000000E+000
7.1428571440000006E+000 0.0000000000000000E+000 0.0000000000000000E+000 1.0000000000000000E+000
7.1428571440000006E+000 0.0000000000000000E+000 5.0000000000000000E-001 1.0000000000000000E+000
7.1428571440000006E+000 0.0000000000000000E+000 1.0000000000000000E+000 1.0000000000000000E+000
7.1428571440000006E+000 1.4285714200000002E-001 0.0000000000000000E+000 1.0000000000000000E+000
7.1428571440000006E+000 1.4285714200000002E-001 5.0000000000000000E-001 1.0000000000000000E+000
7.1428571440000006E+000 1.4285714200000002E-001 1.0000000000000000E+000 1.0000000000000000E+000
7.1428571440000015E+000 4.2857142800000003E-001 0.0000000000000000E+000 1.0000000000000000E+000
7.1428571440000015E+000 4.2857142800000003E-001 5.0000000000000000E-001 1.0000000000000000E+000
7.1428571440000015E+000 4.2857142800000003E-001 1.0000000000000000E+000 1.0000000000000000E+000
7.1428571440000024E+000 7.1428571400000007E-001 0.0000000000000000E+000 1.0000000000000000E+000
7.1428571440000024E+000 7.1428571400000007E-001 5.0000000000000000E-001 1.0000000000000000E+000
7.1428571440000024E+000 7.1428571400000007E-001 1.0000000000000000E+000 1.0000000000000000E+000
7.1428571440000024E+000 1.0000000000000000E+000 0.0000000000000000E+000 1.0000000000000000E+000
7.1428571440000024E+000 1.0000000000000000E+000 5.0000000000000000E-001 1.0000000000000000E+000
7.1428571440000024E+000 1.0000000000000000E+000 1.0000000000000000E+000 1.0000000000000000E+000
7.1428571440000024E+000 1.2857142859999999E+000 0.0000000000000000E+000 1.0000000000000000E+000
7.1428571440000024E+000 1.2857142859999999E+000 5.0000000000000000E-001 1.0000000000000000E+000
7.1428571440000024E+000 1.2857142859999999E+000 1.0000000000000000E+000 1.0000000000000000E+000
7.1428571440000024E+000 1.5714285719999999E+000 0.0000000000000000E+000 1.0000000000000000E+000
7.1428571440000024E+000 1.5714285719999999E+000 5.0000000000000000E-001 1.0000000000000000E+000
7.1428571440000024E+000 1.5714285719999999E+000 1.0000000000000000E+000 1.0000000000000000E+000
7.1428571440000015E+000 1.8571428579999998E+000 0.0000000000000000E+000 1.0000000000000000E+000
7.1428571440000015E+000 1.8571428579999998E+000 5.0000000000000000E-001 1.0000000000000000E+000
7.1428571440000015E+000 1.8571428579999998E+000 1.0000000000000000E+000 1.0000000000000000E+000
7.1428571440000015E+000 2.1428571420000000E+000 0.0000000000000000E+000 1.0000000000000000E+000
7.1428571440000015E+000 2.1428571420000000E+000 5.0000000000000000E-001 1.0000000000000000E+000
7.1428571440000015E+000 2.1428571420000000E+000 1.0000000000000000E+000 1.0000000000000000E+000
7.1428571440000006E+000 2.4285714279999997E+000 0.0000000000000000E+000 1.0000000000000000E+000
7.1428571440000006E+000 2.4285714279999997E+000 5.0000000000000000E-001 1.0000000000000000E+000
7.1428571440000006E+000 2.4285714279999997E+000 1.0000000000000000E+000 1.0000000000000000E+000
7.1428571440000006E+000 2.7142857139999998E+000 0.0000000000000000E+000 1.0000000000000000E+000
7.1428571440000006E+000 2.7142857139999998E+000 5.0000000000000000E-001 1.0000000000000000E+000
7.1428571440000006E+000 2.7142857139999998E+000 1.0000000000000000E+000 1.0000000000000000E+000
7.1428571440000006E+000 3.0000000000000000E+000 0.0000000000000000E+000 1.0000000000000000E+000
7.1428571440000006E+000 3.0000000000000000E+000 5.0000000000000000E-001 1.0000000000000000E+000
7.1428571440000006E+000 3.0000000000000000E+000 1.0000000000000000E+000 1.0000000000000000E+000
7.1428571440000006E+000 3.2857142860000006E+000 0.0000000000000000E+000 1.0000000000000000E+000
7.1428571440000006E+000 3.2857142860000006E+000 5.0000000000000000E-001 1.0000000000000000E+000
7.1428571440000006E+000 3.2857142860000006E+000 1.0000000000000000E+000 1.0000000000000000E+000
7.1428571440000006E+000 3.5714285720000003E+000 0.0000000000000000E+000 1.0000000000000000E+000
7.1428571440000006E+000 3.5714285720000003E+000 5.0000000000000000E-001 1.0000000000000000E+000
7.1428571440000006E+000 3.5714285720000003E+000 1.0000000000000000E+000 1.0000000000000000E+000
7.1428571440000006E+000 3.8571428580000000E+000 0.0000000000000000E+000 1.0000000000000000E+000
7.1428571440000006E+000 3.8571428580000000E+000 5.0000000000000000E-001 1.0000000000000000E+000
7.1428571440000006E+000 3.8571428580000000E+000 1.0000000000000000E+000 1.0000000000000000E+000
7.1428571440000006E+000 4.0000000000000000E+000 0.0000000000000000E+000 1.0000000000000000E+000
7.1428571440000006E+000 4.0000000000000000E+000 5.0000000000000000E-001 1.0000000000000000E+000
7.1428571440000006E+000 4.0000000000000000E+000 1.0000000000000000E+000 1.0000000000000000E+000
7.7142857160000000E+000 0.0000000000000000E+000 0.0000000000000000E+000 1.0000000000000000E+000
7.7142857160000000E+000 0.0000000000000000E+000 5.0000000000000000E-001 1.0000000000000000E+000
7.7142857160000000E+000 0.0000000000000000E+000 1.0000000000000000E+000 1.0000000000000000E+000
7.7142857160000009E+000 1.4285714200000002E-001 0.0000000000000000E+000 1.0000000000000000E+000
7.7142857160000009E+000 1.4285714200000002E-001 5.0000000000000000E-001 1.0000000000000000E+000
7.7142857160000009E+000 1.4285714200000002E-001 1.0000000000000000E+000 1.0000000000000000E+000
7.7142857160000009E+000 4.2857142800000003E-001 0.0000000000000000E+000 1.0000000000000000E+000
7.7142857160000009E+000 4.2857142800000003E-001 5.0000000000000000E-001 1.0000000000000000E+000
7.7142857160000009E+000 4.2857142800000003E-001 1.0000000000000000E+000 1.0000000000000000E+000
7.7142857160000000E+000 7.1428571400000007E-001 0.0000000000000000E+000 1.0000000000000000E+000
7.7142857160000000E+000 7.1428571400000007E-001 5.0000000000000000E-001 1.0000000000000000E+000
7.7142857160000000E+000 7.1428571400000007E-001 1.0000000000000000E+000 1.0000000000000000E+000
7.7142857159999991E+000 1.0000000000000000E+000 0.0000000000000000E+000 1.0000000000000000E+000
7.7142857159999991E+000 1.0000000000000000E+000 5.0000000000000000E-001 1.0000000000000000E+000
7.7142857159999991E+000 1.0000000000000000E+000 1.0000000000000000E+000 1.0000000000000000E+000
7.7142857159999991E+000 1.2857142859999999E+000 0.0000000000000000E+000 1.0000000000000000E+000
7.7142857159999991E+000 1.2857142859999999E+000 5.0000000000000000E-001 1.0000000000000000E+000
7.7142857159999991E+000 1.2857142859999999E+000 1.0000000000000000E+000 1.0000000000000000E+000
7.7142857159999991E+000 1.5714285719999999E+000 0.0000000000000000E+000 1.0000000000000000E+000
7.7142857159999991E+000 1.5714285719999999E+000 5.0000000000000000E-001 1.0000000000000000E+000
7.7142857159999991E+000 1.5714285719999999E+000 1.0000000000000000E+000 1.0000000000000000E+000
7.7142857159999991E+000 1.8571428579999998E+000 0.0000000000000000E+000 1.0000000000000000E+000
7.7142857159999991E+000 1.8571428579999998E+000 5.0000000000000000E-001 1.0000000000000000E+000
7.7142857159999991E+000 1.8571428579999998E+000 1.0000000000000000E+000 1.0000000000000000E+000
7.7142857159999991E+000 2.1428571420000000E+000 0.0000000000000000E+000 1.0000000000000000E+000
7.7142857159999991E+000 2.1428571420000000E+000 5.0000000000000000E-001 1.0000000000000000E+000
7.7142857159999991E+000 2.1428571420000000E+000 1.0000000000000000E+000 1.0000000000000000E+000
7.7142857159999991E+000 2.4285714279999997E+000 0.0000000000000000E+000 1.0000000000000000E+000
7.7142857159999991E+000 2.4285714279999997E+000 5.0000000000000000E-001 1.0000000000000000E+000
7.7142857159999991E+000 2.4285714279999997E+000 1.0000000000000000E+000 1.0000000000000000E+000
7.7142857160000000E+000 2.7142857139999998E+000 0.0000000000000000E+000 1.0000000000000000E+000
7.7142857160000000E+000 2.7142857139999998E+000 5.0000000000000000E-001 1.0000000000000000E+000
7.7142857160000000E+000 2.7142857139999998E+000 1.0000000000000000E+000 1.0000000000000000E+000
7.7142857160000000E+000 3.0000000000000000E+000 0.0000000000000000E+000 1.0000000000000000E+000
7.7142857160000000E+000 3.0000000000000000E+000 5.0000000000000000E-001 1.0000000000000000E+000
7.7142857160000000E+000 3.0000000000000000E+000 1.0000000000000000E+000 1.0000000000000000E+000
7.7142857160000000E+000 3.2857142860000006E+000 0.0000000000000000E+000 1.0000000000000000E+000
7.7142857160000000E+000 3.2857142860000006E+000 5.0000000000000000E-001 1.0000000000000000E+000
7.7142857160000000E+000 3.2857142860000006E+000 1.0000000000000000E+000 1.0000000000000000E+000
7.7142857160000000E+000 3.5714285720000003E+000 0.0000000000000000E+000 1.0000000000000000E+000
7.7142857160000000E+000 3.5714285720000003E+000 5.0000000000000000E-001 1.0000000000000000E+000
7.7142857160000000E+000 3.5714285720000003E+000 1.0000000000000000E+000 1.0000000000000000E+000
7.7142857160000000E+000 3.8571428580000000E+000 0.0000000000000000E+000 1.0000000000000000E+000
7.7142857160000000E+000 3.8571428580000000E+000 5.0000000000000000E-001 1.0000000000000000E+000
7.7142857160000000E+000 3.8571428580000000E+000 1.0000000000000000E+000 1.0000000000000000E+000
7.7142857160000000E+000 4.0000000000000000E+000 0.0000000000000000E+000 1.0000000000000000E+000
7.7142857160000000E+000 4.0000000000000000E+000 5.0000000000000000E-001 1.0000000000000000E+000
7.7142857160000000E+000 4.0000000000000000E+000 1.0000000000000000E+000 1.0000000000000000E+000
8.0000000000000000E+000 0.0000000000000000E+000 0.0000000000000000E+000 1.0000000000000000E+000
8.0000000000000000E+000 0.0000000000000000E+000 5.0000000000000000E-001 1.0000000000000000E+000
8.0000000000000000E+000 0.0000000000000000E+000 1.0000000000000000E+000 1.0000000000000000E+000
8.0000000000000000E+000 1.4285714200000002E-001 0.0000000000000000E+000 1.0000000000000000E+000
8.0000000000000000E+000 1.4285714200000002E-001 5.0000000000000000E-001 1.0000000000000000E+000
8.0000000000000000E+000 1.4285714200000002E-001 1.0000000000000000E+000 1.0000000000000000E+000
8.0000000000000000E+000 4.2857142800000003E-001 0.0000000000000000E+000 1.0000000000000000E+000
8.0000000000000000E+000 4.2857142800000003E-001 5.0000000000000000E-001 1.0000000000000000E+000
8.0000000000000000E+000 4.2857142800000003E-001 1.0000000000000000E+000 1.0000000000000000E+000
8.0000000000000000E+000 7.1428571400000007E-001 0.0000000000000000E+000 1.0000000000000000E+000
8.0000000000000000E+000 7.1428571400000007E-001 5.0000000000000000E-001 1.0000000000000000E+000
8.0000000000000000E+000 7.1428571400000007E-001 1.0000000000000000E+000 1.0000000000000000E+000
8.0000000000000000E+000 1.0000000000000000E+000 0.0000000000000000E+000 1.0000000000000000E+000
8.0000000000000000E+000 1.0000000000000000E+000 5.0000000000000000E-001 1.0000000000000000E+000
8.0000000000000000E+000 1.0000000000000000E+000 1.0000000000000000E+000 1.0000000000000000E+000
8.0000000000000000E+000 1.2857142859999999E+000 0.0000000000000000E+000 1.0000000000000000E+000
8.0000000000000000E+000 1.2857142859999999E+000 5.0000000000000000E-001 1.0000000000000000E+000
8.0000000000000000E+000 1.2857142859999999E+000 1.0000000000000000E+000 1.0000000000000000E+000
8.0000000000000000E+000 1.5714285719999999E+000 0.0000000000000000E+000 1.0000000000000000E+000
8.0000000000000000E+000 1.5714285719999999E+000 5.0000000000000000E-001 1.0000000000000000E+000
8.0000000000000000E+000 1.5714285719999999E+000 1.0000000000000000E+000 1.0000000000000000E+000
8.0000000000000000E+000 1.8571428579999998E+000 0.0000000000000000E+000 1.0000000000000000E+000
8.0000000000000000E+000 1.8571428579999998E+000 5.0000000000000000E-001 1.0000000000000000E+000
8.0000000000000000E+000 1.8571428579999998E+000 1.0000000000000000E+000 1.0000000000000000E+000
8.0000000000000000E+000 2.1428571420000000E+000 0.0000000000000000E+000 1.0000000000000000E+000
8.0000000000000000E+000 2.1428571420000000E+000 5.0000000000000000E-001 1.0000000000000000E+000
8.0000000000000000E+000 2.1428571420000000E+000 1.0000000000000000E+000 1.0000000000000000E+000
8.0000000000000000E+000 2.4285714279999997E+000 0.0000000000000000E+000 1.0000000000000000E+000
8.0000000000000000E+000 2.4285714279999997E+000 5.0000000000000000E-001 1.0000000000000000E+000
8.0000000000000000E+000 2.4285714279999997E+000 1.0000000000000000E+000 1.0000000000000000E+000
8.0000000000000000E+000 2.7142857139999998E+000 0.0000000000000000E+000 1.0000000000000000E+000
8.0000000000000000E+000 2.7142857139999998E+000 5.0000000000000000E-001 1.0000000000000000E+000
8.0000000000000000E+000 2.7142857139999998E+000 1.0000000000000000E+000 1.0000000000000000E+000
8.0000000000000000E+000 3.0000000000000000E+000 0.0000000000000000E+000 1.0000000000000000E+000
8.0000000000000000E+000 3.0000000000000000E+000 5.0000000000000000E-001 1.0000000000000000E+000
8.0000000000000000E+000 3.0000000000000000E+000 1.0000000000000000E+000 1.0000000000000000E+000
8.0000000000000000E+000 3.2857142860000006E+000 0.0000000000000000E+000 1.0000000000000000E+000
8.0000000000000000E+000 3.2857142860000006E+000 5.0000000000000000E-001 1.0000000000000000E+000
8.0000000000000000E+000 3.2857142860000006E+000 1.0000000000000000E+000 1.0000000000000000E+000
8.0000000000000000E+000 3.5714285720000003E+000 0.0000000000000000E+000 1.0000000000000000E+000
8.0000000000000000E+000 3.5714285720000003E+000 5.0000000000000000E-001 1.0000000000000000E+000
8.0000000000000000E+000 3.5714285720000003E+000 1.0000000000000000E+000 1.0000000000000000E+000
8.0000000000000000E+000 3.8571428580000000E+000 0.0000000000000000E+000 1.0000000000000000E+000
8.0000000000000000E+000 3.8571428580000000E+000 5.0000000000000000E-001 1.0000000000000000E+000
8.0000000000000000E+000 3.8571428580000000E+000 1.0000000000000000E+000 1.0000000000000000E+000
8.0000000000000000E+000 4.0000000000000000E+000 0.0000000000000000E+000 1.0000000000000000E+000
8.0000000000000000E+000 4.0000000000000000E+000 5.0000000000000000E-001 1.0000000000000000E+000
8.0000000000000000E+000 4.0000000000000000E+000 1.0000000000000000E+000 1.0000000000000000E+000 !End patch 1
0.0000000E+00	5.1000000E+00	-5.0000000E-01	1.0000000E+00
0.0000000E+00	5.1000000E+00	5.0000000E-01	1.0000000E+00
0.0000000E+00	5.1000000E+00	1.5000000E+00	1.0000000E+00
0.0000000E+00	4.6000000E+00	-5.0000000E-01	1.0000000E+00
0.0000000E+00	4.6000000E+00	5.0000000E-01	1.0000000E+00
0.0000000E+00	4.6000000E+00	1.5000000E+00	1.0000000E+00
0.0000000E+00	4.1000000E+00	-5.0000000E-01	1.0000000E+00
0.0000000E+00	4.1000000E+00	5.0000000E-01	1.0000000E+00
0.0000000E+00	4.1000000E+00	1.5000000E+00	1.0000000E+00
7.0000000E+00	5.1000000E+00	-5.0000000E-01	7.0710678E-01
7.0000000E+00	5.1000000E+00	5.0000000E-01	7.0710678E-01
7.0000000E+00	5.1000000E+00	1.5000000E+00	7.0710678E-01
7.5000000E+00	4.6000000E+00	-5.0000000E-01	7.0710678E-01
7.5000000E+00	4.6000000E+00	5.0000000E-01	7.0710678E-01
7.5000000E+00	4.6000000E+00	1.5000000E+00	7.0710678E-01
8.0000000E+00	4.1000000E+00	-5.0000000E-01	7.0710678E-01
8.0000000E+00	4.1000000E+00	5.0000000E-01	7.0710678E-01
8.0000000E+00	4.1000000E+00	1.5000000E+00	7.0710678E-01
7.0000000E+00	1.2100000E+01	-5.0000000E-01	1.0000000E+00
7.0000000E+00	1.2100000E+01	5.0000000E-01	1.0000000E+00
7.0000000E+00	1.2100000E+01	1.5000000E+00	1.0000000E+00
7.5000000E+00	1.2100000E+01	-5.0000000E-01	1.0000000E+00
7.5000000E+00	1.2100000E+01	5.0000000E-01	1.0000000E+00
7.5000000E+00	1.2100000E+01	1.5000000E+00	1.0000000E+00
8.0000000E+00	1.2100000E+01	-5.0000000E-01	1.0000000E+00
8.0000000E+00	1.2100000E+01	5.0000000E-01	1.0000000E+00
8.0000000E+00	1.2100000E+01	1.5000000E+00	1.0000000E+00
*element
Hex27
Hex27
 --------------------------------------------------------
*material
5
1000.0, 0.3, 1.0, 0.0, 1.0e25
5
1000.0, 0.3, 1.0, 0.0, 1.0e25
****bcdof   !boundary condition

--------------------------------------------------------
****dispdof
27
433	,	2	,	-0.7
434	,	2	,	-0.7
435	,	2	,	-0.7
436	,	2	,	-0.7
437	,	2	,	-0.7
438	,	2	,	-0.7
439	,	2	,	-0.7
440	,	2	,	-0.7
441	,	2	,	-0.7
442	,	2	,	-0.7
443	,	2	,	-0.7
444	,	2	,	-0.7
445	,	2	,	-0.7
446	,	2	,	-0.7
447	,	2	,	-0.7
448	,	2	,	-0.7
449	,	2	,	-0.7
450	,	2	,	-0.7
451	,	2	,	-0.7
452	,	2	,	-0.7
453	,	2	,	-0.7
454	,	2	,	-0.7
455	,	2	,	-0.7
456	,	2	,	-0.7
457	,	2	,	-0.7
458	,	2	,	-0.7
459	,	2	,	-0.7
****Contact_PTS
1
*RigidMaster
2, 2                !order
3, 3                !control points
0.0, 0.0, 0.0, 1.0, 1.0, 1.0
0.0, 0.0, 0.0, 1.0, 1.0, 1.0

*Slave
2, 2
16, 3
0.0, 0.0, 0.0, 0.071428571, 0.142857143, 0.214285714, 0.285714286, 0.357142857, 0.428571429, 0.5, 0.571428571, 0.642857143, 0.714285714, 0.785714286, 0.857142857, 0.928571429, 1.0, 1.0, 1.0
0.0, 0.0, 0.0, 1.0, 1.0, 1.0

*end

439, 440, 441, 448, 449, 450, 457, 458, 459