------------------------------------------------------------------------------------------------------
*beginMP
2           !number of patches
3           !problem dimension
2, 2, 2     !degree of each dimension
2, 2, 2     !degree of each dimension
3, 3, 3     !control points in each direction
27, 3, 3     !control points in each direction
0, 0, 0     !open(0) or closed(1) knot vector
0, 0, 0     !open(0) or closed(1) knot vector
------------------------------------------------------------------------------------------------------
*knots    !knot spans
0.0, 0.0, 0.0, 1.0, 1.0, 1.0 
0.0, 0.0, 0.0, 0.025, 0.05, 0.075, 0.1, 0.125, 0.15, 0.175, 0.2, 0.225, 0.25, 0.3, 0.35, 0.45, 0.55, 0.65, 0.75, 0.8, 0.825, 0.85, 0.875, 0.9, 0.925, 0.95, 0.975, 1.0, 1.0, 1.0
0.0, 0.0, 0.0, 1.0, 1.0, 1.0 
0.0, 0.0, 0.0, 1.0, 1.0, 1.0
0.0, 0.0, 0.0, 1.0, 1.0, 1.0 
0.0, 0.0, 0.0, 1.0, 1.0, 1.0 
------------------------------------------------------------------------------------------------------
*bnet     !nurbs control points
-1.0000000000000000E-002 -1.0000000000000000E-002 2.5000000000000000E-001 1.0000000000000000E+000
-1.0000000000000000E-002 -1.0000000000000000E-002 2.5500000000000000E-001 1.0000000000000000E+000
-1.0000000000000000E-002 -1.0000000000000000E-002 2.6000000000000001E-001 1.0000000000000000E+000
-1.0000000000000000E-002 1.2500000000000000E-001 2.5000000000000000E-001 1.0000000000000000E+000
-1.0000000000000000E-002 1.2500000000000000E-001 2.5500000000000000E-001 1.0000000000000000E+000
-1.0000000000000000E-002 1.2500000000000000E-001 2.6000000000000001E-001 1.0000000000000000E+000
-1.0000000000000000E-002 2.6000000000000001E-001 2.5000000000000000E-001 1.0000000000000000E+000
-1.0000000000000000E-002 2.6000000000000001E-001 2.5500000000000000E-001 1.0000000000000000E+000
-1.0000000000000000E-002 2.6000000000000001E-001 2.6000000000000001E-001 1.0000000000000000E+000
1.6999999999999998E-001 -1.0000000000000000E-002 2.5000000000000000E-001 1.0000000000000000E+000
1.6999999999999998E-001 -1.0000000000000000E-002 2.5500000000000000E-001 1.0000000000000000E+000
1.6999999999999998E-001 -1.0000000000000000E-002 2.6000000000000001E-001 1.0000000000000000E+000
1.6999999999999998E-001 1.2500000000000000E-001 2.5000000000000000E-001 1.0000000000000000E+000
1.6999999999999998E-001 1.2500000000000000E-001 2.5500000000000000E-001 1.0000000000000000E+000
1.6999999999999998E-001 1.2500000000000000E-001 2.6000000000000001E-001 1.0000000000000000E+000
1.6999999999999998E-001 2.6000000000000001E-001 2.5000000000000000E-001 1.0000000000000000E+000
1.6999999999999998E-001 2.6000000000000001E-001 2.5500000000000000E-001 1.0000000000000000E+000
1.6999999999999998E-001 2.6000000000000001E-001 2.6000000000000001E-001 1.0000000000000000E+000
3.4999999999999998E-001 -1.0000000000000000E-002 2.5000000000000000E-001 1.0000000000000000E+000
3.4999999999999998E-001 -1.0000000000000000E-002 2.5500000000000000E-001 1.0000000000000000E+000
3.4999999999999998E-001 -1.0000000000000000E-002 2.6000000000000001E-001 1.0000000000000000E+000
3.4999999999999998E-001 1.2500000000000000E-001 2.5000000000000000E-001 1.0000000000000000E+000
3.4999999999999998E-001 1.2500000000000000E-001 2.5500000000000000E-001 1.0000000000000000E+000
3.4999999999999998E-001 1.2500000000000000E-001 2.6000000000000001E-001 1.0000000000000000E+000
3.4999999999999998E-001 2.6000000000000001E-001 2.5000000000000000E-001 1.0000000000000000E+000
3.4999999999999998E-001 2.6000000000000001E-001 2.5500000000000000E-001 1.0000000000000000E+000
3.4999999999999998E-001 2.6000000000000001E-001 2.6000000000000001E-001 1.0000000000000000E+000  !End patch 1
0.0000000000000000E+000 0.0000000000000000E+000 2.3999999999999999E-001 1.0000000000000000E+000
0.0000000000000000E+000 0.0000000000000000E+000 2.4500000000000000E-001 1.0000000000000000E+000
0.0000000000000000E+000 0.0000000000000000E+000 2.5000000000000000E-001 1.0000000000000000E+000
0.0000000000000000E+000 1.2500000000000000E-001 2.3999999999999999E-001 1.0000000000000000E+000
0.0000000000000000E+000 1.2500000000000000E-001 2.4500000000000000E-001 1.0000000000000000E+000
0.0000000000000000E+000 1.2500000000000000E-001 2.5000000000000000E-001 1.0000000000000000E+000
0.0000000000000000E+000 2.5000000000000000E-001 2.3999999999999999E-001 1.0000000000000000E+000
0.0000000000000000E+000 2.5000000000000000E-001 2.4500000000000000E-001 1.0000000000000000E+000
0.0000000000000000E+000 2.5000000000000000E-001 2.5000000000000000E-001 1.0000000000000000E+000
4.2739358578797000E-003 0.0000000000000000E+000 2.3999999999999999E-001 9.9267766952966374E-001
4.3629761882521953E-003 0.0000000000000000E+000 2.4500000000000000E-001 9.9267766952966374E-001
4.4520165186246905E-003 0.0000000000000000E+000 2.5000000000000000E-001 9.9267766952966374E-001
4.2739358578797000E-003 1.2500000000000000E-001 2.3999999999999999E-001 9.9267766952966374E-001
4.3629761882521953E-003 1.2500000000000000E-001 2.4500000000000000E-001 9.9267766952966374E-001
4.4520165186246905E-003 1.2500000000000000E-001 2.5000000000000000E-001 9.9267766952966374E-001
4.2739358578797000E-003 2.5000000000000000E-001 2.3999999999999999E-001 9.9267766952966374E-001
4.3629761882521953E-003 2.5000000000000000E-001 2.4500000000000000E-001 9.9267766952966374E-001
4.4520165186246905E-003 2.5000000000000000E-001 2.5000000000000000E-001 9.9267766952966374E-001
1.2877100101734987E-002 0.0000000000000000E+000 2.3969349136316023E-001 9.7876524163602474E-001
1.3145373020521139E-002 0.0000000000000000E+000 2.4468710576655944E-001 9.7876524163602474E-001
1.3413645939307288E-002 0.0000000000000000E+000 2.4968072016995857E-001 9.7876524163602474E-001
1.2877100101734987E-002 1.2500000000000000E-001 2.3969349136316023E-001 9.7876524163602474E-001
1.3145373020521139E-002 1.2500000000000000E-001 2.4468710576655944E-001 9.7876524163602474E-001
1.3413645939307288E-002 1.2500000000000000E-001 2.4968072016995857E-001 9.7876524163602474E-001
1.2877100101734987E-002 2.5000000000000000E-001 2.3969349136316023E-001 9.7876524163602474E-001
1.3145373020521139E-002 2.5000000000000000E-001 2.4468710576655944E-001 9.7876524163602474E-001
1.3413645939307288E-002 2.5000000000000000E-001 2.4968072016995857E-001 9.7876524163602474E-001
2.1583195906725385E-002 0.0000000000000000E+000 2.3906792259988643E-001 9.6558504678941937E-001
2.2032845821448835E-002 0.0000000000000000E+000 2.4404850432071745E-001 9.6558504678941937E-001
2.2482495736172291E-002 0.0000000000000000E+000 2.4902908604154836E-001 9.6558504678941937E-001
2.1583195906725385E-002 1.2500000000000000E-001 2.3906792259988643E-001 9.6558504678941937E-001
2.2032845821448835E-002 1.2500000000000000E-001 2.4404850432071745E-001 9.6558504678941937E-001
2.2482495736172291E-002 1.2500000000000000E-001 2.4902908604154836E-001 9.6558504678941937E-001
2.1583195906725385E-002 2.5000000000000000E-001 2.3906792259988643E-001 9.6558504678941937E-001
2.2032845821448835E-002 2.5000000000000000E-001 2.4404850432071745E-001 9.6558504678941937E-001
2.2482495736172291E-002 2.5000000000000000E-001 2.4902908604154836E-001 9.6558504678941937E-001
3.0376428379000502E-002 0.0000000000000000E+000 2.3811149935476578E-001 9.5313708498984762E-001
3.1009270636896354E-002 0.0000000000000000E+000 2.4307215559132342E-001 9.5313708498984762E-001
3.1642112894792213E-002 0.0000000000000000E+000 2.4803281182788101E-001 9.5313708498984762E-001
3.0376428379000502E-002 1.2500000000000000E-001 2.3811149935476578E-001 9.5313708498984762E-001
3.1009270636896354E-002 1.2500000000000000E-001 2.4307215559132342E-001 9.5313708498984762E-001
3.1642112894792213E-002 1.2500000000000000E-001 2.4803281182788101E-001 9.5313708498984762E-001
3.0376428379000502E-002 2.5000000000000000E-001 2.3811149935476578E-001 9.5313708498984762E-001
3.1009270636896354E-002 2.5000000000000000E-001 2.4307215559132342E-001 9.5313708498984762E-001
3.1642112894792213E-002 2.5000000000000000E-001 2.4803281182788101E-001 9.5313708498984762E-001
3.9239736014276598E-002 0.0000000000000000E+000 2.3681332914308378E-001 9.4142135623730949E-001
4.0057230514574035E-002 0.0000000000000000E+000 2.4174694016689807E-001 9.4142135623730949E-001
4.0874725014871494E-002 0.0000000000000000E+000 2.4668055119071225E-001 9.4142135623730949E-001
3.9239736014276598E-002 1.2500000000000000E-001 2.3681332914308378E-001 9.4142135623730949E-001
4.0057230514574035E-002 1.2500000000000000E-001 2.4174694016689807E-001 9.4142135623730949E-001
4.0874725014871494E-002 1.2500000000000000E-001 2.4668055119071225E-001 9.4142135623730949E-001
3.9239736014276598E-002 2.5000000000000000E-001 2.3681332914308378E-001 9.4142135623730949E-001
4.0057230514574035E-002 2.5000000000000000E-001 2.4174694016689807E-001 9.4142135623730949E-001
4.0874725014871494E-002 2.5000000000000000E-001 2.4668055119071225E-001 9.4142135623730949E-001
4.8154840240512357E-002 0.0000000000000000E+000 2.3516356740102132E-001 9.3043786053180511E-001
4.9158066078856373E-002 0.0000000000000000E+000 2.4006280838854263E-001 9.3043786053180511E-001
5.0161291917200417E-002 0.0000000000000000E+000 2.4496204937606389E-001 9.3043786053180511E-001
4.8154840240512357E-002 1.2500000000000000E-001 2.3516356740102132E-001 9.3043786053180511E-001
4.9158066078856373E-002 1.2500000000000000E-001 2.4006280838854263E-001 9.3043786053180511E-001
5.0161291917200417E-002 1.2500000000000000E-001 2.4496204937606389E-001 9.3043786053180511E-001
4.8154840240512357E-002 2.5000000000000000E-001 2.3516356740102132E-001 9.3043786053180511E-001
4.9158066078856373E-002 2.5000000000000000E-001 2.4006280838854263E-001 9.3043786053180511E-001
5.0161291917200417E-002 2.5000000000000000E-001 2.4496204937606389E-001 9.3043786053180511E-001
5.7102313390607652E-002 0.0000000000000000E+000 2.3315356253333824E-001 9.2018659787333423E-001
5.8291944919578655E-002 0.0000000000000000E+000 2.3801092841944949E-001 9.2018659787333423E-001
5.9481576448549678E-002 0.0000000000000000E+000 2.4286829430556067E-001 9.2018659787333423E-001
5.7102313390607652E-002 1.2500000000000000E-001 2.3315356253333824E-001 9.2018659787333423E-001
5.8291944919578655E-002 1.2500000000000000E-001 2.3801092841944949E-001 9.2018659787333423E-001
5.9481576448549678E-002 1.2500000000000000E-001 2.4286829430556067E-001 9.2018659787333423E-001
5.7102313390607652E-002 2.5000000000000000E-001 2.3315356253333824E-001 9.2018659787333423E-001
5.8291944919578655E-002 2.5000000000000000E-001 2.3801092841944949E-001 9.2018659787333423E-001
5.9481576448549678E-002 2.5000000000000000E-001 2.4286829430556067E-001 9.2018659787333423E-001
6.6061665617100251E-002 0.0000000000000000E+000 2.3077599741908866E-001 9.1066756826189699E-001
6.7437950317456516E-002 0.0000000000000000E+000 2.3558383069865302E-001 9.1066756826189699E-001
6.8814235017812808E-002 0.0000000000000000E+000 2.4039166397821735E-001 9.1066756826189699E-001
6.6061665617100251E-002 1.2500000000000000E-001 2.3077599741908866E-001 9.1066756826189699E-001
6.7437950317456516E-002 1.2500000000000000E-001 2.3558383069865302E-001 9.1066756826189699E-001
6.8814235017812808E-002 1.2500000000000000E-001 2.4039166397821735E-001 9.1066756826189699E-001
6.6061665617100251E-002 2.5000000000000000E-001 2.3077599741908866E-001 9.1066756826189699E-001
6.7437950317456516E-002 2.5000000000000000E-001 2.3558383069865302E-001 9.1066756826189699E-001
6.8814235017812808E-002 2.5000000000000000E-001 2.4039166397821735E-001 9.1066756826189699E-001
7.5011450881768943E-002 0.0000000000000000E+000 2.2802502466077354E-001 9.0188077169749348E-001
7.6574189441805801E-002 0.0000000000000000E+000 2.3277554600787298E-001 9.0188077169749348E-001
7.8136928001842701E-002 0.0000000000000000E+000 2.3752606735497245E-001 9.0188077169749348E-001
7.5011450881768943E-002 1.2500000000000000E-001 2.2802502466077354E-001 9.0188077169749348E-001
7.6574189441805801E-002 1.2500000000000000E-001 2.3277554600787298E-001 9.0188077169749348E-001
7.8136928001842701E-002 1.2500000000000000E-001 2.3752606735497245E-001 9.0188077169749348E-001
7.5011450881768943E-002 2.5000000000000000E-001 2.2802502466077354E-001 9.0188077169749348E-001
7.6574189441805801E-002 2.5000000000000000E-001 2.3277554600787298E-001 9.0188077169749348E-001
7.8136928001842701E-002 2.5000000000000000E-001 2.3752606735497245E-001 9.0188077169749348E-001
8.3929391728142247E-002 0.0000000000000000E+000 2.2489639274788470E-001 8.9382620818012359E-001
8.5677920722478554E-002 0.0000000000000000E+000 2.2958173426346562E-001 8.9382620818012359E-001
8.7426449716814902E-002 0.0000000000000000E+000 2.3426707577904657E-001 8.9382620818012359E-001
8.3929391728142247E-002 1.2500000000000000E-001 2.2489639274788470E-001 8.9382620818012359E-001
8.5677920722478554E-002 1.2500000000000000E-001 2.2958173426346562E-001 8.9382620818012359E-001
8.7426449716814902E-002 1.2500000000000000E-001 2.3426707577904657E-001 8.9382620818012359E-001
8.3929391728142247E-002 2.5000000000000000E-001 2.2489639274788470E-001 8.9382620818012359E-001
8.5677920722478554E-002 2.5000000000000000E-001 2.2958173426346562E-001 8.9382620818012359E-001
8.7426449716814902E-002 2.5000000000000000E-001 2.3426707577904657E-001 8.9382620818012359E-001
9.7279220613578521E-002 0.0000000000000000E+000 2.1961131723051122E-001 8.8284271247461921E-001
9.9305871043028071E-002 0.0000000000000000E+000 2.2418655300614682E-001 8.8284271247461921E-001
1.0133252147247768E-001 0.0000000000000000E+000 2.2876178878178247E-001 8.8284271247461921E-001
9.7279220613578521E-002 1.2500000000000000E-001 2.1961131723051122E-001 8.8284271247461921E-001
9.9305871043028071E-002 1.2500000000000000E-001 2.2418655300614682E-001 8.8284271247461921E-001
1.0133252147247768E-001 1.2500000000000000E-001 2.2876178878178247E-001 8.8284271247461921E-001
9.7279220613578521E-002 2.5000000000000000E-001 2.1961131723051122E-001 8.8284271247461921E-001
9.9305871043028071E-002 2.5000000000000000E-001 2.2418655300614682E-001 8.8284271247461921E-001
1.0133252147247768E-001 2.5000000000000000E-001 2.2876178878178247E-001 8.8284271247461921E-001
1.1464514124746876E-001 0.0000000000000000E+000 2.1107195567249279E-001 8.7112698372208097E-001
1.1703358169012439E-001 0.0000000000000000E+000 2.1546928808233637E-001 8.7112698372208097E-001
1.1942202213278001E-001 0.0000000000000000E+000 2.1986662049218000E-001 8.7112698372208097E-001
1.1464514124746876E-001 1.2500000000000000E-001 2.1107195567249279E-001 8.7112698372208097E-001
1.1703358169012439E-001 1.2500000000000000E-001 2.1546928808233637E-001 8.7112698372208097E-001
1.1942202213278001E-001 1.2500000000000000E-001 2.1986662049218000E-001 8.7112698372208097E-001
1.1464514124746876E-001 2.5000000000000000E-001 2.1107195567249279E-001 8.7112698372208097E-001
1.1703358169012439E-001 2.5000000000000000E-001 2.1546928808233637E-001 8.7112698372208097E-001
1.1942202213278001E-001 2.5000000000000000E-001 2.1986662049218000E-001 8.7112698372208097E-001
1.3999379785259244E-001 0.0000000000000000E+000 1.9594132352946383E-001 8.5794678887547549E-001
1.4291033530785480E-001 0.0000000000000000E+000 2.0002343443632764E-001 8.5794678887547549E-001
1.4582687276311718E-001 0.0000000000000000E+000 2.0410554534319147E-001 8.5794678887547549E-001
1.3999379785259244E-001 1.2500000000000000E-001 1.9594132352946383E-001 8.5794678887547549E-001
1.4291033530785480E-001 1.2500000000000000E-001 2.0002343443632764E-001 8.5794678887547549E-001
1.4582687276311718E-001 1.2500000000000000E-001 2.0410554534319147E-001 8.5794678887547549E-001
1.3999379785259244E-001 2.5000000000000000E-001 1.9594132352946383E-001 8.5794678887547549E-001
1.4291033530785480E-001 2.5000000000000000E-001 2.0002343443632764E-001 8.5794678887547549E-001
1.4582687276311718E-001 2.5000000000000000E-001 2.0410554534319147E-001 8.5794678887547549E-001
1.7028896598449411E-001 0.0000000000000000E+000 1.7028896598449417E-001 8.5208892449920648E-001
1.7383665277583782E-001 0.0000000000000000E+000 1.7383665277583774E-001 8.5208892449920648E-001
1.7738433956718144E-001 0.0000000000000000E+000 1.7738433956718139E-001 8.5208892449920648E-001
1.7028896598449411E-001 1.2500000000000000E-001 1.7028896598449417E-001 8.5208892449920648E-001
1.7383665277583782E-001 1.2500000000000000E-001 1.7383665277583774E-001 8.5208892449920648E-001
1.7738433956718144E-001 1.2500000000000000E-001 1.7738433956718139E-001 8.5208892449920648E-001
1.7028896598449411E-001 2.5000000000000000E-001 1.7028896598449417E-001 8.5208892449920648E-001
1.7383665277583782E-001 2.5000000000000000E-001 1.7383665277583774E-001 8.5208892449920648E-001
1.7738433956718144E-001 2.5000000000000000E-001 1.7738433956718139E-001 8.5208892449920648E-001
1.9594132352946378E-001 0.0000000000000000E+000 1.3999379785259247E-001 8.5794678887547560E-001
2.0002343443632767E-001 0.0000000000000000E+000 1.4291033530785474E-001 8.5794678887547560E-001
2.0410554534319150E-001 0.0000000000000000E+000 1.4582687276311712E-001 8.5794678887547560E-001
1.9594132352946378E-001 1.2500000000000000E-001 1.3999379785259247E-001 8.5794678887547560E-001
2.0002343443632767E-001 1.2500000000000000E-001 1.4291033530785474E-001 8.5794678887547560E-001
2.0410554534319150E-001 1.2500000000000000E-001 1.4582687276311712E-001 8.5794678887547560E-001
1.9594132352946378E-001 2.5000000000000000E-001 1.3999379785259247E-001 8.5794678887547560E-001
2.0002343443632767E-001 2.5000000000000000E-001 1.4291033530785474E-001 8.5794678887547560E-001
2.0410554534319150E-001 2.5000000000000000E-001 1.4582687276311712E-001 8.5794678887547560E-001
2.1601426485134950E-001 0.0000000000000000E+000 1.0636518988609030E-001 8.7552038200428284E-001
2.2051456203575268E-001 0.0000000000000000E+000 1.0858113134205048E-001 8.7552038200428284E-001
2.2501485922015577E-001 0.0000000000000000E+000 1.1079707279801072E-001 8.7552038200428284E-001
2.1601426485134950E-001 1.2500000000000000E-001 1.0636518988609030E-001 8.7552038200428284E-001
2.2051456203575268E-001 1.2500000000000000E-001 1.0858113134205048E-001 8.7552038200428284E-001
2.2501485922015577E-001 1.2500000000000000E-001 1.1079707279801072E-001 8.7552038200428284E-001
2.1601426485134950E-001 2.5000000000000000E-001 1.0636518988609030E-001 8.7552038200428284E-001
2.2051456203575268E-001 2.5000000000000000E-001 1.0858113134205048E-001 8.7552038200428284E-001
2.2501485922015577E-001 2.5000000000000000E-001 1.1079707279801072E-001 8.7552038200428284E-001
2.2662933835566365E-001 0.0000000000000000E+000 7.9552060267963992E-002 8.9748737341529172E-001
2.3135078290474007E-001 0.0000000000000000E+000 8.1209394856879891E-002 8.9748737341529172E-001
2.3607222745381634E-001 0.0000000000000000E+000 8.2866729445795831E-002 8.9748737341529172E-001
2.2662933835566365E-001 1.2500000000000000E-001 7.9552060267963992E-002 8.9748737341529172E-001
2.3135078290474007E-001 1.2500000000000000E-001 8.1209394856879891E-002 8.9748737341529172E-001
2.3607222745381634E-001 1.2500000000000000E-001 8.2866729445795831E-002 8.9748737341529172E-001
2.2662933835566365E-001 2.5000000000000000E-001 7.9552060267963992E-002 8.9748737341529172E-001
2.3135078290474007E-001 2.5000000000000000E-001 8.1209394856879891E-002 8.9748737341529172E-001
2.3607222745381634E-001 2.5000000000000000E-001 8.2866729445795831E-002 8.9748737341529172E-001
2.3077599741908864E-001 0.0000000000000000E+000 6.6061665617100279E-002 9.1066756826189710E-001
2.3558383069865302E-001 0.0000000000000000E+000 6.7437950317456516E-002 9.1066756826189710E-001
2.4039166397821737E-001 0.0000000000000000E+000 6.8814235017812780E-002 9.1066756826189710E-001
2.3077599741908864E-001 1.2500000000000000E-001 6.6061665617100279E-002 9.1066756826189710E-001
2.3558383069865302E-001 1.2500000000000000E-001 6.7437950317456516E-002 9.1066756826189710E-001
2.4039166397821737E-001 1.2500000000000000E-001 6.8814235017812780E-002 9.1066756826189710E-001
2.3077599741908864E-001 2.5000000000000000E-001 6.6061665617100279E-002 9.1066756826189710E-001
2.3558383069865302E-001 2.5000000000000000E-001 6.7437950317456516E-002 9.1066756826189710E-001
2.4039166397821737E-001 2.5000000000000000E-001 6.8814235017812780E-002 9.1066756826189710E-001
2.3315356253333824E-001 0.0000000000000000E+000 5.7102313390607680E-002 9.2018659787333423E-001
2.3801092841944949E-001 0.0000000000000000E+000 5.8291944919578662E-002 9.2018659787333423E-001
2.4286829430556070E-001 0.0000000000000000E+000 5.9481576448549678E-002 9.2018659787333423E-001
2.3315356253333824E-001 1.2500000000000000E-001 5.7102313390607680E-002 9.2018659787333423E-001
2.3801092841944949E-001 1.2500000000000000E-001 5.8291944919578662E-002 9.2018659787333423E-001
2.4286829430556070E-001 1.2500000000000000E-001 5.9481576448549678E-002 9.2018659787333423E-001
2.3315356253333824E-001 2.5000000000000000E-001 5.7102313390607680E-002 9.2018659787333423E-001
2.3801092841944949E-001 2.5000000000000000E-001 5.8291944919578662E-002 9.2018659787333423E-001
2.4286829430556070E-001 2.5000000000000000E-001 5.9481576448549678E-002 9.2018659787333423E-001
2.3516356740102135E-001 0.0000000000000000E+000 4.8154840240512378E-002 9.3043786053180499E-001
2.4006280838854263E-001 0.0000000000000000E+000 4.9158066078856380E-002 9.3043786053180499E-001
2.4496204937606392E-001 0.0000000000000000E+000 5.0161291917200403E-002 9.3043786053180499E-001
2.3516356740102135E-001 1.2500000000000000E-001 4.8154840240512378E-002 9.3043786053180499E-001
2.4006280838854263E-001 1.2500000000000000E-001 4.9158066078856380E-002 9.3043786053180499E-001
2.4496204937606392E-001 1.2500000000000000E-001 5.0161291917200403E-002 9.3043786053180499E-001
2.3516356740102135E-001 2.5000000000000000E-001 4.8154840240512378E-002 9.3043786053180499E-001
2.4006280838854263E-001 2.5000000000000000E-001 4.9158066078856380E-002 9.3043786053180499E-001
2.4496204937606392E-001 2.5000000000000000E-001 5.0161291917200403E-002 9.3043786053180499E-001
2.3681332914308378E-001 0.0000000000000000E+000 3.9239736014276598E-002 9.4142135623730949E-001
2.4174694016689804E-001 0.0000000000000000E+000 4.0057230514574022E-002 9.4142135623730949E-001
2.4668055119071228E-001 0.0000000000000000E+000 4.0874725014871459E-002 9.4142135623730949E-001
2.3681332914308378E-001 1.2500000000000000E-001 3.9239736014276598E-002 9.4142135623730949E-001
2.4174694016689804E-001 1.2500000000000000E-001 4.0057230514574022E-002 9.4142135623730949E-001
2.4668055119071228E-001 1.2500000000000000E-001 4.0874725014871459E-002 9.4142135623730949E-001
2.3681332914308378E-001 2.5000000000000000E-001 3.9239736014276598E-002 9.4142135623730949E-001
2.4174694016689804E-001 2.5000000000000000E-001 4.0057230514574022E-002 9.4142135623730949E-001
2.4668055119071228E-001 2.5000000000000000E-001 4.0874725014871459E-002 9.4142135623730949E-001
2.3811149935476578E-001 0.0000000000000000E+000 3.0376428379000491E-002 9.5313708498984762E-001
2.4307215559132339E-001 0.0000000000000000E+000 3.1009270636896329E-002 9.5313708498984762E-001
2.4803281182788103E-001 0.0000000000000000E+000 3.1642112894792185E-002 9.5313708498984762E-001
2.3811149935476578E-001 1.2500000000000000E-001 3.0376428379000491E-002 9.5313708498984762E-001
2.4307215559132339E-001 1.2500000000000000E-001 3.1009270636896329E-002 9.5313708498984762E-001
2.4803281182788103E-001 1.2500000000000000E-001 3.1642112894792185E-002 9.5313708498984762E-001
2.3811149935476578E-001 2.5000000000000000E-001 3.0376428379000491E-002 9.5313708498984762E-001
2.4307215559132339E-001 2.5000000000000000E-001 3.1009270636896329E-002 9.5313708498984762E-001
2.4803281182788103E-001 2.5000000000000000E-001 3.1642112894792185E-002 9.5313708498984762E-001
2.3906792259988643E-001 0.0000000000000000E+000 2.1583195906725385E-002 9.6558504678941937E-001
2.4404850432071742E-001 0.0000000000000000E+000 2.2032845821448828E-002 9.6558504678941937E-001
2.4902908604154839E-001 0.0000000000000000E+000 2.2482495736172281E-002 9.6558504678941937E-001
2.3906792259988643E-001 1.2500000000000000E-001 2.1583195906725385E-002 9.6558504678941937E-001
2.4404850432071742E-001 1.2500000000000000E-001 2.2032845821448828E-002 9.6558504678941937E-001
2.4902908604154839E-001 1.2500000000000000E-001 2.2482495736172281E-002 9.6558504678941937E-001
2.3906792259988643E-001 2.5000000000000000E-001 2.1583195906725385E-002 9.6558504678941937E-001
2.4404850432071742E-001 2.5000000000000000E-001 2.2032845821448828E-002 9.6558504678941937E-001
2.4902908604154839E-001 2.5000000000000000E-001 2.2482495736172281E-002 9.6558504678941937E-001
2.3969349136316023E-001 0.0000000000000000E+000 1.2877100101735000E-002 9.7876524163602463E-001
2.4468710576655944E-001 0.0000000000000000E+000 1.3145373020521146E-002 9.7876524163602463E-001
2.4968072016995860E-001 0.0000000000000000E+000 1.3413645939307293E-002 9.7876524163602463E-001
2.3969349136316023E-001 1.2500000000000000E-001 1.2877100101735000E-002 9.7876524163602463E-001
2.4468710576655944E-001 1.2500000000000000E-001 1.3145373020521146E-002 9.7876524163602463E-001
2.4968072016995860E-001 1.2500000000000000E-001 1.3413645939307293E-002 9.7876524163602463E-001
2.3969349136316023E-001 2.5000000000000000E-001 1.2877100101735000E-002 9.7876524163602463E-001
2.4468710576655944E-001 2.5000000000000000E-001 1.3145373020521146E-002 9.7876524163602463E-001
2.4968072016995860E-001 2.5000000000000000E-001 1.3413645939307293E-002 9.7876524163602463E-001
2.4000000000000002E-001 0.0000000000000000E+000 4.2739358578797043E-003 9.9267766952966363E-001
2.4500000000000002E-001 0.0000000000000000E+000 4.3629761882521979E-003 9.9267766952966363E-001
2.5000000000000000E-001 0.0000000000000000E+000 4.4520165186246923E-003 9.9267766952966363E-001
2.4000000000000002E-001 1.2500000000000000E-001 4.2739358578797043E-003 9.9267766952966363E-001
2.4500000000000002E-001 1.2500000000000000E-001 4.3629761882521979E-003 9.9267766952966363E-001
2.5000000000000000E-001 1.2500000000000000E-001 4.4520165186246923E-003 9.9267766952966363E-001
2.4000000000000002E-001 2.5000000000000000E-001 4.2739358578797043E-003 9.9267766952966363E-001
2.4500000000000002E-001 2.5000000000000000E-001 4.3629761882521979E-003 9.9267766952966363E-001
2.5000000000000000E-001 2.5000000000000000E-001 4.4520165186246923E-003 9.9267766952966363E-001
2.3999999999999999E-001 0.0000000000000000E+000 0.0000000000000000E+000 1.0000000000000000E+000
2.4500000000000000E-001 0.0000000000000000E+000 0.0000000000000000E+000 1.0000000000000000E+000
2.5000000000000000E-001 0.0000000000000000E+000 0.0000000000000000E+000 1.0000000000000000E+000
2.3999999999999999E-001 1.2500000000000000E-001 0.0000000000000000E+000 1.0000000000000000E+000
2.4500000000000000E-001 1.2500000000000000E-001 0.0000000000000000E+000 1.0000000000000000E+000
2.5000000000000000E-001 1.2500000000000000E-001 0.0000000000000000E+000 1.0000000000000000E+000
2.3999999999999999E-001 2.5000000000000000E-001 0.0000000000000000E+000 1.0000000000000000E+000
2.4500000000000000E-001 2.5000000000000000E-001 0.0000000000000000E+000 1.0000000000000000E+000
2.5000000000000000E-001 2.5000000000000000E-001 0.0000000000000000E+000 1.0000000000000000E+000
------------------------------------------------------------------------------------------------------
*element
Hex27
Hex27
------------------------------------------------------------------------------------------------------
*material
6
200.0e9, 0.3, 1.0, 0.0, 1.0e25, 0.0
6
200.0e9, 0.3, 1.0, 0.0, 80.0e26, 0.6e9
------------------------------------------------------------------------------------------------------
*bcdof   !boundary condition
153
28	,	1
109	,	1
190	,	1
55	,	1
136	,	1
217	,	1
82	,	1
163	,	1
244	,	1
82	,	2
83	,	2
84	,	2
85	,	2
86	,	2
87	,	2
88	,	2
89	,	2
90	,	2
91	,	2
92	,	2
93	,	2
94	,	2
95	,	2
96	,	2
97	,	2
98	,	2
99	,	2
100	,	2
101	,	2
102	,	2
103	,	2
104	,	2
105	,	2
106	,	2
107	,	2
108	,	2
163	,	2
164	,	2
165	,	2
166	,	2
167	,	2
168	,	2
169	,	2
170	,	2
171	,	2
172	,	2
173	,	2
174	,	2
175	,	2
176	,	2
177	,	2
178	,	2
179	,	2
180	,	2
181	,	2
182	,	2
183	,	2
184	,	2
185	,	2
186	,	2
187	,	2
188	,	2
189	,	2
244	,	2
245	,	2
246	,	2
247	,	2
248	,	2
249	,	2
250	,	2
251	,	2
252	,	2
253	,	2
254	,	2
255	,	2
256	,	2
257	,	2
258	,	2
259	,	2
260	,	2
261	,	2
262	,	2
263	,	2
264	,	2
265	,	2
266	,	2
267	,	2
268	,	2
269	,	2
270	,	2
54	,	3
135	,	3
216	,	3
81	,	3
162	,	3
243	,	3
108	,	3
189	,	3
270	,	3
1	,	1
2	,	1
3	,	1
4	,	1
5	,	1
6	,	1
7	,	1
8	,	1
9	,	1
10	,	1
11	,	1
12	,	1
13	,	1
14	,	1
15	,	1
16	,	1
17	,	1
18	,	1
19	,	1
20	,	1
21	,	1
22	,	1
23	,	1
24	,	1
25	,	1
26	,	1
27	,	1
1	,	2
2	,	2
3	,	2
4	,	2
5	,	2
6	,	2
7	,	2
8	,	2
9	,	2
10	,	2
11	,	2
12	,	2
13	,	2
14	,	2
15	,	2
16	,	2
17	,	2
18	,	2
19	,	2
20	,	2
21	,	2
22	,	2
23	,	2
24	,	2
25	,	2
26	,	2
27	,	2
------------------------------------------------------------------------------------------------------
*dispdof
27
1	,	3	,	-0.22
2	,	3	,	-0.22
3	,	3	,	-0.22
4	,	3	,	-0.22
5	,	3	,	-0.22
6	,	3	,	-0.22
7	,	3	,	-0.22
8	,	3	,	-0.22
9	,	3	,	-0.22
10	,	3	,	-0.22
11	,	3	,	-0.22
12	,	3	,	-0.22
13	,	3	,	-0.22
14	,	3	,	-0.22
15	,	3	,	-0.22
16	,	3	,	-0.22
17	,	3	,	-0.22
18	,	3	,	-0.22
19	,	3	,	-0.22
20	,	3	,	-0.22
21	,	3	,	-0.22
22	,	3	,	-0.22
23	,	3	,	-0.22
24	,	3	,	-0.22
25	,	3	,	-0.22
26	,	3	,	-0.22
27	,	3	,	-0.22
------------------------------------------------------------------------------------------------------
*NLGeom
*Increments
22
*Iterations
100
------------------------------------------------------------------------------------------------------
*Contact_PTS
2
*RigidMaster
2, 2                !order
3, 3                !control points
0.0, 0.0, 0.0, 1.0, 1.0, 1.0
0.0, 0.0, 0.0, 1.0, 1.0, 1.0
3, 2, 1, 6, 5, 4, 9, 8, 7
*Slave
2, 2
27, 3
0.0, 0.0, 0.0, 0.025, 0.05, 0.075, 0.1, 0.125, 0.15, 0.175, 0.2, 0.225, 0.25, 0.3, 0.35, 0.45, 0.55, 0.65, 0.75, 0.8, 0.825, 0.85, 0.875, 0.9, 0.925, 0.95, 0.975, 1.0, 1.0, 1.0
0.0, 0.0, 0.0, 1.0, 1.0, 1.0
244	245	246	247	248	249	250	251	252	253	254	255	256	257	258	259	260	261	262	263	264	265	266	267	268	269	270	217	218	219	220	221	222	223	224	225	226	227	228	229	230	231	232	233	234	235	236	237	238	239	240	241	242	243	190	191	192	193	194	195	196	197	198	199	200	201	202	203	204	205	206	207	208	209	210	211	212	213	214	215	216
*end

