*beginMP
2           !number of patches
3           !problem dimension
2, 2, 2     !degree of each dimension
2, 2, 2     !degree of each dimension
12, 12, 3     !control points in each direction
3, 3, 3     !control points in each direction
0, 0, 0     !open(0) or closed(1) knot vector
0, 0, 0     !open(0) or closed(1) knot vector
--------------------------------------------------------
*knots    !knot spans
0.0, 0.0, 0.0, 0.1, 0.2, 0.3, 0.4, 0.5, 0.6, 0.7, 0.8, 0.9, 1.0, 1.0, 1.0 
0.0, 0.0, 0.0, 1.0, 1.0, 1.0
0.0, 0.0, 0.0, 0.1, 0.2, 0.3, 0.4, 0.5, 0.6, 0.7, 0.8, 0.9, 1.0, 1.0, 1.0 
0.0, 0.0, 0.0, 1.0, 1.0, 1.0 
0.0, 0.0, 0.0, 1.0, 1.0, 1.0 
0.0, 0.0, 0.0, 1.0, 1.0, 1.0 
--------------------------------------------------------
*bnet     !nurbs control points
0.0000000000000000E+000 0.0000000000000000E+000 0.0000000000000000E+000 1.0000000000000000E+000
0.0000000000000000E+000 0.0000000000000000E+000 5.0000000000000000E-001 1.0000000000000000E+000
0.0000000000000000E+000 0.0000000000000000E+000 1.0000000000000000E+000 1.0000000000000000E+000
0.0000000000000000E+000 2.0000000000000004E-001 0.0000000000000000E+000 1.0000000000000000E+000
0.0000000000000000E+000 2.0000000000000004E-001 5.0000000000000000E-001 1.0000000000000000E+000
0.0000000000000000E+000 2.0000000000000004E-001 1.0000000000000000E+000 1.0000000000000000E+000
0.0000000000000000E+000 6.0000000000000009E-001 0.0000000000000000E+000 1.0000000000000000E+000
0.0000000000000000E+000 6.0000000000000009E-001 5.0000000000000000E-001 1.0000000000000000E+000
0.0000000000000000E+000 6.0000000000000009E-001 1.0000000000000000E+000 1.0000000000000000E+000
0.0000000000000000E+000 1.0000000000000000E+000 0.0000000000000000E+000 1.0000000000000000E+000
0.0000000000000000E+000 1.0000000000000000E+000 5.0000000000000000E-001 1.0000000000000000E+000
0.0000000000000000E+000 1.0000000000000000E+000 1.0000000000000000E+000 1.0000000000000000E+000
0.0000000000000000E+000 1.4000000000000001E+000 0.0000000000000000E+000 1.0000000000000000E+000
0.0000000000000000E+000 1.4000000000000001E+000 5.0000000000000000E-001 1.0000000000000000E+000
0.0000000000000000E+000 1.4000000000000001E+000 1.0000000000000000E+000 1.0000000000000000E+000
0.0000000000000000E+000 1.8000000000000003E+000 0.0000000000000000E+000 1.0000000000000000E+000
0.0000000000000000E+000 1.8000000000000003E+000 5.0000000000000000E-001 1.0000000000000000E+000
0.0000000000000000E+000 1.8000000000000003E+000 1.0000000000000000E+000 1.0000000000000000E+000
0.0000000000000000E+000 2.2000000000000002E+000 0.0000000000000000E+000 1.0000000000000000E+000
0.0000000000000000E+000 2.2000000000000002E+000 5.0000000000000000E-001 1.0000000000000000E+000
0.0000000000000000E+000 2.2000000000000002E+000 1.0000000000000000E+000 1.0000000000000000E+000
0.0000000000000000E+000 2.5999999999999996E+000 0.0000000000000000E+000 1.0000000000000000E+000
0.0000000000000000E+000 2.5999999999999996E+000 5.0000000000000000E-001 1.0000000000000000E+000
0.0000000000000000E+000 2.5999999999999996E+000 1.0000000000000000E+000 1.0000000000000000E+000
0.0000000000000000E+000 2.9999999999999996E+000 0.0000000000000000E+000 1.0000000000000000E+000
0.0000000000000000E+000 2.9999999999999996E+000 5.0000000000000000E-001 1.0000000000000000E+000
0.0000000000000000E+000 2.9999999999999996E+000 1.0000000000000000E+000 1.0000000000000000E+000
0.0000000000000000E+000 3.3999999999999999E+000 0.0000000000000000E+000 1.0000000000000000E+000
0.0000000000000000E+000 3.3999999999999999E+000 5.0000000000000000E-001 1.0000000000000000E+000
0.0000000000000000E+000 3.3999999999999999E+000 1.0000000000000000E+000 1.0000000000000000E+000
0.0000000000000000E+000 3.7999999999999998E+000 0.0000000000000000E+000 1.0000000000000000E+000
0.0000000000000000E+000 3.7999999999999998E+000 5.0000000000000000E-001 1.0000000000000000E+000
0.0000000000000000E+000 3.7999999999999998E+000 1.0000000000000000E+000 1.0000000000000000E+000
0.0000000000000000E+000 4.0000000000000000E+000 0.0000000000000000E+000 1.0000000000000000E+000
0.0000000000000000E+000 4.0000000000000000E+000 5.0000000000000000E-001 1.0000000000000000E+000
0.0000000000000000E+000 4.0000000000000000E+000 1.0000000000000000E+000 1.0000000000000000E+000
4.0000000000000008E-001 0.0000000000000000E+000 0.0000000000000000E+000 1.0000000000000000E+000
4.0000000000000008E-001 0.0000000000000000E+000 5.0000000000000000E-001 1.0000000000000000E+000
4.0000000000000008E-001 0.0000000000000000E+000 1.0000000000000000E+000 1.0000000000000000E+000
4.0000000000000008E-001 2.0000000000000007E-001 0.0000000000000000E+000 1.0000000000000000E+000
4.0000000000000008E-001 2.0000000000000007E-001 5.0000000000000000E-001 1.0000000000000000E+000
4.0000000000000008E-001 2.0000000000000007E-001 1.0000000000000000E+000 1.0000000000000000E+000
4.0000000000000008E-001 6.0000000000000009E-001 0.0000000000000000E+000 1.0000000000000000E+000
4.0000000000000008E-001 6.0000000000000009E-001 5.0000000000000000E-001 1.0000000000000000E+000
4.0000000000000008E-001 6.0000000000000009E-001 1.0000000000000000E+000 1.0000000000000000E+000
4.0000000000000008E-001 1.0000000000000000E+000 0.0000000000000000E+000 1.0000000000000000E+000
4.0000000000000008E-001 1.0000000000000000E+000 5.0000000000000000E-001 1.0000000000000000E+000
4.0000000000000008E-001 1.0000000000000000E+000 1.0000000000000000E+000 1.0000000000000000E+000
4.0000000000000008E-001 1.4000000000000001E+000 0.0000000000000000E+000 1.0000000000000000E+000
4.0000000000000008E-001 1.4000000000000001E+000 5.0000000000000000E-001 1.0000000000000000E+000
4.0000000000000008E-001 1.4000000000000001E+000 1.0000000000000000E+000 1.0000000000000000E+000
4.0000000000000008E-001 1.8000000000000003E+000 0.0000000000000000E+000 1.0000000000000000E+000
4.0000000000000008E-001 1.8000000000000003E+000 5.0000000000000000E-001 1.0000000000000000E+000
4.0000000000000008E-001 1.8000000000000003E+000 1.0000000000000000E+000 1.0000000000000000E+000
4.0000000000000008E-001 2.2000000000000002E+000 0.0000000000000000E+000 1.0000000000000000E+000
4.0000000000000008E-001 2.2000000000000002E+000 5.0000000000000000E-001 1.0000000000000000E+000
4.0000000000000008E-001 2.2000000000000002E+000 1.0000000000000000E+000 1.0000000000000000E+000
4.0000000000000008E-001 2.5999999999999996E+000 0.0000000000000000E+000 1.0000000000000000E+000
4.0000000000000008E-001 2.5999999999999996E+000 5.0000000000000000E-001 1.0000000000000000E+000
4.0000000000000008E-001 2.5999999999999996E+000 1.0000000000000000E+000 1.0000000000000000E+000
4.0000000000000008E-001 2.9999999999999996E+000 0.0000000000000000E+000 1.0000000000000000E+000
4.0000000000000008E-001 2.9999999999999996E+000 5.0000000000000000E-001 1.0000000000000000E+000
4.0000000000000008E-001 2.9999999999999996E+000 1.0000000000000000E+000 1.0000000000000000E+000
4.0000000000000008E-001 3.4000000000000004E+000 0.0000000000000000E+000 1.0000000000000000E+000
4.0000000000000008E-001 3.4000000000000004E+000 5.0000000000000000E-001 1.0000000000000000E+000
4.0000000000000008E-001 3.4000000000000004E+000 1.0000000000000000E+000 1.0000000000000000E+000
4.0000000000000008E-001 3.7999999999999998E+000 0.0000000000000000E+000 1.0000000000000000E+000
4.0000000000000008E-001 3.7999999999999998E+000 5.0000000000000000E-001 1.0000000000000000E+000
4.0000000000000008E-001 3.7999999999999998E+000 1.0000000000000000E+000 1.0000000000000000E+000
4.0000000000000008E-001 4.0000000000000000E+000 0.0000000000000000E+000 1.0000000000000000E+000
4.0000000000000008E-001 4.0000000000000000E+000 5.0000000000000000E-001 1.0000000000000000E+000
4.0000000000000008E-001 4.0000000000000000E+000 1.0000000000000000E+000 1.0000000000000000E+000
1.2000000000000002E+000 0.0000000000000000E+000 0.0000000000000000E+000 1.0000000000000000E+000
1.2000000000000002E+000 0.0000000000000000E+000 5.0000000000000000E-001 1.0000000000000000E+000
1.2000000000000002E+000 0.0000000000000000E+000 1.0000000000000000E+000 1.0000000000000000E+000
1.2000000000000002E+000 2.0000000000000007E-001 0.0000000000000000E+000 1.0000000000000000E+000
1.2000000000000002E+000 2.0000000000000007E-001 5.0000000000000000E-001 1.0000000000000000E+000
1.2000000000000002E+000 2.0000000000000007E-001 1.0000000000000000E+000 1.0000000000000000E+000
1.2000000000000002E+000 6.0000000000000009E-001 0.0000000000000000E+000 1.0000000000000000E+000
1.2000000000000002E+000 6.0000000000000009E-001 5.0000000000000000E-001 1.0000000000000000E+000
1.2000000000000002E+000 6.0000000000000009E-001 1.0000000000000000E+000 1.0000000000000000E+000
1.2000000000000002E+000 1.0000000000000000E+000 0.0000000000000000E+000 1.0000000000000000E+000
1.2000000000000002E+000 1.0000000000000000E+000 5.0000000000000000E-001 1.0000000000000000E+000
1.2000000000000002E+000 1.0000000000000000E+000 1.0000000000000000E+000 1.0000000000000000E+000
1.2000000000000002E+000 1.4000000000000001E+000 0.0000000000000000E+000 1.0000000000000000E+000
1.2000000000000002E+000 1.4000000000000001E+000 5.0000000000000000E-001 1.0000000000000000E+000
1.2000000000000002E+000 1.4000000000000001E+000 1.0000000000000000E+000 1.0000000000000000E+000
1.2000000000000002E+000 1.8000000000000003E+000 0.0000000000000000E+000 1.0000000000000000E+000
1.2000000000000002E+000 1.8000000000000003E+000 5.0000000000000000E-001 1.0000000000000000E+000
1.2000000000000002E+000 1.8000000000000003E+000 1.0000000000000000E+000 1.0000000000000000E+000
1.2000000000000002E+000 2.2000000000000002E+000 0.0000000000000000E+000 1.0000000000000000E+000
1.2000000000000002E+000 2.2000000000000002E+000 5.0000000000000000E-001 1.0000000000000000E+000
1.2000000000000002E+000 2.2000000000000002E+000 1.0000000000000000E+000 1.0000000000000000E+000
1.2000000000000002E+000 2.5999999999999996E+000 0.0000000000000000E+000 1.0000000000000000E+000
1.2000000000000002E+000 2.5999999999999996E+000 5.0000000000000000E-001 1.0000000000000000E+000
1.2000000000000002E+000 2.5999999999999996E+000 1.0000000000000000E+000 1.0000000000000000E+000
1.2000000000000002E+000 2.9999999999999996E+000 0.0000000000000000E+000 1.0000000000000000E+000
1.2000000000000002E+000 2.9999999999999996E+000 5.0000000000000000E-001 1.0000000000000000E+000
1.2000000000000002E+000 2.9999999999999996E+000 1.0000000000000000E+000 1.0000000000000000E+000
1.2000000000000002E+000 3.4000000000000004E+000 0.0000000000000000E+000 1.0000000000000000E+000
1.2000000000000002E+000 3.4000000000000004E+000 5.0000000000000000E-001 1.0000000000000000E+000
1.2000000000000002E+000 3.4000000000000004E+000 1.0000000000000000E+000 1.0000000000000000E+000
1.2000000000000002E+000 3.7999999999999998E+000 0.0000000000000000E+000 1.0000000000000000E+000
1.2000000000000002E+000 3.7999999999999998E+000 5.0000000000000000E-001 1.0000000000000000E+000
1.2000000000000002E+000 3.7999999999999998E+000 1.0000000000000000E+000 1.0000000000000000E+000
1.2000000000000002E+000 4.0000000000000000E+000 0.0000000000000000E+000 1.0000000000000000E+000
1.2000000000000002E+000 4.0000000000000000E+000 5.0000000000000000E-001 1.0000000000000000E+000
1.2000000000000002E+000 4.0000000000000000E+000 1.0000000000000000E+000 1.0000000000000000E+000
2.0000000000000000E+000 0.0000000000000000E+000 0.0000000000000000E+000 1.0000000000000000E+000
2.0000000000000000E+000 0.0000000000000000E+000 5.0000000000000000E-001 1.0000000000000000E+000
2.0000000000000000E+000 0.0000000000000000E+000 1.0000000000000000E+000 1.0000000000000000E+000
2.0000000000000000E+000 2.0000000000000007E-001 0.0000000000000000E+000 1.0000000000000000E+000
2.0000000000000000E+000 2.0000000000000007E-001 5.0000000000000000E-001 1.0000000000000000E+000
2.0000000000000000E+000 2.0000000000000007E-001 1.0000000000000000E+000 1.0000000000000000E+000
2.0000000000000000E+000 6.0000000000000009E-001 0.0000000000000000E+000 1.0000000000000000E+000
2.0000000000000000E+000 6.0000000000000009E-001 5.0000000000000000E-001 1.0000000000000000E+000
2.0000000000000000E+000 6.0000000000000009E-001 1.0000000000000000E+000 1.0000000000000000E+000
2.0000000000000000E+000 1.0000000000000000E+000 0.0000000000000000E+000 1.0000000000000000E+000
2.0000000000000000E+000 1.0000000000000000E+000 5.0000000000000000E-001 1.0000000000000000E+000
2.0000000000000000E+000 1.0000000000000000E+000 1.0000000000000000E+000 1.0000000000000000E+000
2.0000000000000000E+000 1.4000000000000001E+000 0.0000000000000000E+000 1.0000000000000000E+000
2.0000000000000000E+000 1.4000000000000001E+000 5.0000000000000000E-001 1.0000000000000000E+000
2.0000000000000000E+000 1.4000000000000001E+000 1.0000000000000000E+000 1.0000000000000000E+000
2.0000000000000000E+000 1.8000000000000003E+000 0.0000000000000000E+000 1.0000000000000000E+000
2.0000000000000000E+000 1.8000000000000003E+000 5.0000000000000000E-001 1.0000000000000000E+000
2.0000000000000000E+000 1.8000000000000003E+000 1.0000000000000000E+000 1.0000000000000000E+000
2.0000000000000000E+000 2.2000000000000002E+000 0.0000000000000000E+000 1.0000000000000000E+000
2.0000000000000000E+000 2.2000000000000002E+000 5.0000000000000000E-001 1.0000000000000000E+000
2.0000000000000000E+000 2.2000000000000002E+000 1.0000000000000000E+000 1.0000000000000000E+000
2.0000000000000000E+000 2.5999999999999996E+000 0.0000000000000000E+000 1.0000000000000000E+000
2.0000000000000000E+000 2.5999999999999996E+000 5.0000000000000000E-001 1.0000000000000000E+000
2.0000000000000000E+000 2.5999999999999996E+000 1.0000000000000000E+000 1.0000000000000000E+000
2.0000000000000000E+000 2.9999999999999996E+000 0.0000000000000000E+000 1.0000000000000000E+000
2.0000000000000000E+000 2.9999999999999996E+000 5.0000000000000000E-001 1.0000000000000000E+000
2.0000000000000000E+000 2.9999999999999996E+000 1.0000000000000000E+000 1.0000000000000000E+000
2.0000000000000000E+000 3.4000000000000004E+000 0.0000000000000000E+000 1.0000000000000000E+000
2.0000000000000000E+000 3.4000000000000004E+000 5.0000000000000000E-001 1.0000000000000000E+000
2.0000000000000000E+000 3.4000000000000004E+000 1.0000000000000000E+000 1.0000000000000000E+000
2.0000000000000000E+000 3.7999999999999998E+000 0.0000000000000000E+000 1.0000000000000000E+000
2.0000000000000000E+000 3.7999999999999998E+000 5.0000000000000000E-001 1.0000000000000000E+000
2.0000000000000000E+000 3.7999999999999998E+000 1.0000000000000000E+000 1.0000000000000000E+000
2.0000000000000000E+000 4.0000000000000000E+000 0.0000000000000000E+000 1.0000000000000000E+000
2.0000000000000000E+000 4.0000000000000000E+000 5.0000000000000000E-001 1.0000000000000000E+000
2.0000000000000000E+000 4.0000000000000000E+000 1.0000000000000000E+000 1.0000000000000000E+000
2.8000000000000003E+000 0.0000000000000000E+000 0.0000000000000000E+000 1.0000000000000000E+000
2.8000000000000003E+000 0.0000000000000000E+000 5.0000000000000000E-001 1.0000000000000000E+000
2.8000000000000003E+000 0.0000000000000000E+000 1.0000000000000000E+000 1.0000000000000000E+000
2.8000000000000003E+000 2.0000000000000007E-001 0.0000000000000000E+000 1.0000000000000000E+000
2.8000000000000003E+000 2.0000000000000007E-001 5.0000000000000000E-001 1.0000000000000000E+000
2.8000000000000003E+000 2.0000000000000007E-001 1.0000000000000000E+000 1.0000000000000000E+000
2.8000000000000003E+000 6.0000000000000009E-001 0.0000000000000000E+000 1.0000000000000000E+000
2.8000000000000003E+000 6.0000000000000009E-001 5.0000000000000000E-001 1.0000000000000000E+000
2.8000000000000003E+000 6.0000000000000009E-001 1.0000000000000000E+000 1.0000000000000000E+000
2.8000000000000003E+000 1.0000000000000000E+000 0.0000000000000000E+000 1.0000000000000000E+000
2.8000000000000003E+000 1.0000000000000000E+000 5.0000000000000000E-001 1.0000000000000000E+000
2.8000000000000003E+000 1.0000000000000000E+000 1.0000000000000000E+000 1.0000000000000000E+000
2.8000000000000003E+000 1.4000000000000001E+000 0.0000000000000000E+000 1.0000000000000000E+000
2.8000000000000003E+000 1.4000000000000001E+000 5.0000000000000000E-001 1.0000000000000000E+000
2.8000000000000003E+000 1.4000000000000001E+000 1.0000000000000000E+000 1.0000000000000000E+000
2.8000000000000003E+000 1.8000000000000003E+000 0.0000000000000000E+000 1.0000000000000000E+000
2.8000000000000003E+000 1.8000000000000003E+000 5.0000000000000000E-001 1.0000000000000000E+000
2.8000000000000003E+000 1.8000000000000003E+000 1.0000000000000000E+000 1.0000000000000000E+000
2.8000000000000003E+000 2.2000000000000002E+000 0.0000000000000000E+000 1.0000000000000000E+000
2.8000000000000003E+000 2.2000000000000002E+000 5.0000000000000000E-001 1.0000000000000000E+000
2.8000000000000003E+000 2.2000000000000002E+000 1.0000000000000000E+000 1.0000000000000000E+000
2.8000000000000003E+000 2.5999999999999996E+000 0.0000000000000000E+000 1.0000000000000000E+000
2.8000000000000003E+000 2.5999999999999996E+000 5.0000000000000000E-001 1.0000000000000000E+000
2.8000000000000003E+000 2.5999999999999996E+000 1.0000000000000000E+000 1.0000000000000000E+000
2.8000000000000003E+000 2.9999999999999996E+000 0.0000000000000000E+000 1.0000000000000000E+000
2.8000000000000003E+000 2.9999999999999996E+000 5.0000000000000000E-001 1.0000000000000000E+000
2.8000000000000003E+000 2.9999999999999996E+000 1.0000000000000000E+000 1.0000000000000000E+000
2.8000000000000003E+000 3.4000000000000004E+000 0.0000000000000000E+000 1.0000000000000000E+000
2.8000000000000003E+000 3.4000000000000004E+000 5.0000000000000000E-001 1.0000000000000000E+000
2.8000000000000003E+000 3.4000000000000004E+000 1.0000000000000000E+000 1.0000000000000000E+000
2.8000000000000003E+000 3.7999999999999998E+000 0.0000000000000000E+000 1.0000000000000000E+000
2.8000000000000003E+000 3.7999999999999998E+000 5.0000000000000000E-001 1.0000000000000000E+000
2.8000000000000003E+000 3.7999999999999998E+000 1.0000000000000000E+000 1.0000000000000000E+000
2.8000000000000003E+000 4.0000000000000000E+000 0.0000000000000000E+000 1.0000000000000000E+000
2.8000000000000003E+000 4.0000000000000000E+000 5.0000000000000000E-001 1.0000000000000000E+000
2.8000000000000003E+000 4.0000000000000000E+000 1.0000000000000000E+000 1.0000000000000000E+000
3.6000000000000005E+000 0.0000000000000000E+000 0.0000000000000000E+000 1.0000000000000000E+000
3.6000000000000005E+000 0.0000000000000000E+000 5.0000000000000000E-001 1.0000000000000000E+000
3.6000000000000005E+000 0.0000000000000000E+000 1.0000000000000000E+000 1.0000000000000000E+000
3.6000000000000005E+000 2.0000000000000007E-001 0.0000000000000000E+000 1.0000000000000000E+000
3.6000000000000005E+000 2.0000000000000007E-001 5.0000000000000000E-001 1.0000000000000000E+000
3.6000000000000005E+000 2.0000000000000007E-001 1.0000000000000000E+000 1.0000000000000000E+000
3.6000000000000005E+000 6.0000000000000009E-001 0.0000000000000000E+000 1.0000000000000000E+000
3.6000000000000005E+000 6.0000000000000009E-001 5.0000000000000000E-001 1.0000000000000000E+000
3.6000000000000005E+000 6.0000000000000009E-001 1.0000000000000000E+000 1.0000000000000000E+000
3.6000000000000005E+000 1.0000000000000000E+000 0.0000000000000000E+000 1.0000000000000000E+000
3.6000000000000005E+000 1.0000000000000000E+000 5.0000000000000000E-001 1.0000000000000000E+000
3.6000000000000005E+000 1.0000000000000000E+000 1.0000000000000000E+000 1.0000000000000000E+000
3.6000000000000005E+000 1.4000000000000001E+000 0.0000000000000000E+000 1.0000000000000000E+000
3.6000000000000005E+000 1.4000000000000001E+000 5.0000000000000000E-001 1.0000000000000000E+000
3.6000000000000005E+000 1.4000000000000001E+000 1.0000000000000000E+000 1.0000000000000000E+000
3.6000000000000005E+000 1.8000000000000003E+000 0.0000000000000000E+000 1.0000000000000000E+000
3.6000000000000005E+000 1.8000000000000003E+000 5.0000000000000000E-001 1.0000000000000000E+000
3.6000000000000005E+000 1.8000000000000003E+000 1.0000000000000000E+000 1.0000000000000000E+000
3.6000000000000005E+000 2.2000000000000002E+000 0.0000000000000000E+000 1.0000000000000000E+000
3.6000000000000005E+000 2.2000000000000002E+000 5.0000000000000000E-001 1.0000000000000000E+000
3.6000000000000005E+000 2.2000000000000002E+000 1.0000000000000000E+000 1.0000000000000000E+000
3.6000000000000005E+000 2.5999999999999996E+000 0.0000000000000000E+000 1.0000000000000000E+000
3.6000000000000005E+000 2.5999999999999996E+000 5.0000000000000000E-001 1.0000000000000000E+000
3.6000000000000005E+000 2.5999999999999996E+000 1.0000000000000000E+000 1.0000000000000000E+000
3.6000000000000005E+000 2.9999999999999996E+000 0.0000000000000000E+000 1.0000000000000000E+000
3.6000000000000005E+000 2.9999999999999996E+000 5.0000000000000000E-001 1.0000000000000000E+000
3.6000000000000005E+000 2.9999999999999996E+000 1.0000000000000000E+000 1.0000000000000000E+000
3.6000000000000005E+000 3.4000000000000004E+000 0.0000000000000000E+000 1.0000000000000000E+000
3.6000000000000005E+000 3.4000000000000004E+000 5.0000000000000000E-001 1.0000000000000000E+000
3.6000000000000005E+000 3.4000000000000004E+000 1.0000000000000000E+000 1.0000000000000000E+000
3.6000000000000005E+000 3.7999999999999998E+000 0.0000000000000000E+000 1.0000000000000000E+000
3.6000000000000005E+000 3.7999999999999998E+000 5.0000000000000000E-001 1.0000000000000000E+000
3.6000000000000005E+000 3.7999999999999998E+000 1.0000000000000000E+000 1.0000000000000000E+000
3.6000000000000005E+000 4.0000000000000000E+000 0.0000000000000000E+000 1.0000000000000000E+000
3.6000000000000005E+000 4.0000000000000000E+000 5.0000000000000000E-001 1.0000000000000000E+000
3.6000000000000005E+000 4.0000000000000000E+000 1.0000000000000000E+000 1.0000000000000000E+000
4.4000000000000004E+000 0.0000000000000000E+000 0.0000000000000000E+000 1.0000000000000000E+000
4.4000000000000004E+000 0.0000000000000000E+000 5.0000000000000000E-001 1.0000000000000000E+000
4.4000000000000004E+000 0.0000000000000000E+000 1.0000000000000000E+000 1.0000000000000000E+000
4.4000000000000004E+000 2.0000000000000007E-001 0.0000000000000000E+000 1.0000000000000000E+000
4.4000000000000004E+000 2.0000000000000007E-001 5.0000000000000000E-001 1.0000000000000000E+000
4.4000000000000004E+000 2.0000000000000007E-001 1.0000000000000000E+000 1.0000000000000000E+000
4.4000000000000004E+000 6.0000000000000009E-001 0.0000000000000000E+000 1.0000000000000000E+000
4.4000000000000004E+000 6.0000000000000009E-001 5.0000000000000000E-001 1.0000000000000000E+000
4.4000000000000004E+000 6.0000000000000009E-001 1.0000000000000000E+000 1.0000000000000000E+000
4.4000000000000004E+000 1.0000000000000000E+000 0.0000000000000000E+000 1.0000000000000000E+000
4.4000000000000004E+000 1.0000000000000000E+000 5.0000000000000000E-001 1.0000000000000000E+000
4.4000000000000004E+000 1.0000000000000000E+000 1.0000000000000000E+000 1.0000000000000000E+000
4.4000000000000004E+000 1.4000000000000001E+000 0.0000000000000000E+000 1.0000000000000000E+000
4.4000000000000004E+000 1.4000000000000001E+000 5.0000000000000000E-001 1.0000000000000000E+000
4.4000000000000004E+000 1.4000000000000001E+000 1.0000000000000000E+000 1.0000000000000000E+000
4.4000000000000004E+000 1.8000000000000003E+000 0.0000000000000000E+000 1.0000000000000000E+000
4.4000000000000004E+000 1.8000000000000003E+000 5.0000000000000000E-001 1.0000000000000000E+000
4.4000000000000004E+000 1.8000000000000003E+000 1.0000000000000000E+000 1.0000000000000000E+000
4.4000000000000004E+000 2.2000000000000002E+000 0.0000000000000000E+000 1.0000000000000000E+000
4.4000000000000004E+000 2.2000000000000002E+000 5.0000000000000000E-001 1.0000000000000000E+000
4.4000000000000004E+000 2.2000000000000002E+000 1.0000000000000000E+000 1.0000000000000000E+000
4.4000000000000004E+000 2.5999999999999996E+000 0.0000000000000000E+000 1.0000000000000000E+000
4.4000000000000004E+000 2.5999999999999996E+000 5.0000000000000000E-001 1.0000000000000000E+000
4.4000000000000004E+000 2.5999999999999996E+000 1.0000000000000000E+000 1.0000000000000000E+000
4.4000000000000004E+000 2.9999999999999996E+000 0.0000000000000000E+000 1.0000000000000000E+000
4.4000000000000004E+000 2.9999999999999996E+000 5.0000000000000000E-001 1.0000000000000000E+000
4.4000000000000004E+000 2.9999999999999996E+000 1.0000000000000000E+000 1.0000000000000000E+000
4.4000000000000004E+000 3.4000000000000004E+000 0.0000000000000000E+000 1.0000000000000000E+000
4.4000000000000004E+000 3.4000000000000004E+000 5.0000000000000000E-001 1.0000000000000000E+000
4.4000000000000004E+000 3.4000000000000004E+000 1.0000000000000000E+000 1.0000000000000000E+000
4.4000000000000004E+000 3.8000000000000003E+000 0.0000000000000000E+000 1.0000000000000000E+000
4.4000000000000004E+000 3.8000000000000003E+000 5.0000000000000000E-001 1.0000000000000000E+000
4.4000000000000004E+000 3.8000000000000003E+000 1.0000000000000000E+000 1.0000000000000000E+000
4.4000000000000004E+000 4.0000000000000000E+000 0.0000000000000000E+000 1.0000000000000000E+000
4.4000000000000004E+000 4.0000000000000000E+000 5.0000000000000000E-001 1.0000000000000000E+000
4.4000000000000004E+000 4.0000000000000000E+000 1.0000000000000000E+000 1.0000000000000000E+000
5.1999999999999993E+000 0.0000000000000000E+000 0.0000000000000000E+000 1.0000000000000000E+000
5.1999999999999993E+000 0.0000000000000000E+000 5.0000000000000000E-001 1.0000000000000000E+000
5.1999999999999993E+000 0.0000000000000000E+000 1.0000000000000000E+000 1.0000000000000000E+000
5.1999999999999993E+000 2.0000000000000004E-001 0.0000000000000000E+000 1.0000000000000000E+000
5.1999999999999993E+000 2.0000000000000004E-001 5.0000000000000000E-001 1.0000000000000000E+000
5.1999999999999993E+000 2.0000000000000004E-001 1.0000000000000000E+000 1.0000000000000000E+000
5.1999999999999993E+000 6.0000000000000009E-001 0.0000000000000000E+000 1.0000000000000000E+000
5.1999999999999993E+000 6.0000000000000009E-001 5.0000000000000000E-001 1.0000000000000000E+000
5.1999999999999993E+000 6.0000000000000009E-001 1.0000000000000000E+000 1.0000000000000000E+000
5.1999999999999993E+000 1.0000000000000000E+000 0.0000000000000000E+000 1.0000000000000000E+000
5.1999999999999993E+000 1.0000000000000000E+000 5.0000000000000000E-001 1.0000000000000000E+000
5.1999999999999993E+000 1.0000000000000000E+000 1.0000000000000000E+000 1.0000000000000000E+000
5.1999999999999993E+000 1.3999999999999999E+000 0.0000000000000000E+000 1.0000000000000000E+000
5.1999999999999993E+000 1.3999999999999999E+000 5.0000000000000000E-001 1.0000000000000000E+000
5.1999999999999993E+000 1.3999999999999999E+000 1.0000000000000000E+000 1.0000000000000000E+000
5.1999999999999993E+000 1.8000000000000003E+000 0.0000000000000000E+000 1.0000000000000000E+000
5.1999999999999993E+000 1.8000000000000003E+000 5.0000000000000000E-001 1.0000000000000000E+000
5.1999999999999993E+000 1.8000000000000003E+000 1.0000000000000000E+000 1.0000000000000000E+000
5.1999999999999993E+000 2.2000000000000002E+000 0.0000000000000000E+000 1.0000000000000000E+000
5.1999999999999993E+000 2.2000000000000002E+000 5.0000000000000000E-001 1.0000000000000000E+000
5.1999999999999993E+000 2.2000000000000002E+000 1.0000000000000000E+000 1.0000000000000000E+000
5.1999999999999993E+000 2.5999999999999996E+000 0.0000000000000000E+000 1.0000000000000000E+000
5.1999999999999993E+000 2.5999999999999996E+000 5.0000000000000000E-001 1.0000000000000000E+000
5.1999999999999993E+000 2.5999999999999996E+000 1.0000000000000000E+000 1.0000000000000000E+000
5.1999999999999993E+000 2.9999999999999991E+000 0.0000000000000000E+000 1.0000000000000000E+000
5.1999999999999993E+000 2.9999999999999991E+000 5.0000000000000000E-001 1.0000000000000000E+000
5.1999999999999993E+000 2.9999999999999991E+000 1.0000000000000000E+000 1.0000000000000000E+000
5.1999999999999993E+000 3.3999999999999999E+000 0.0000000000000000E+000 1.0000000000000000E+000
5.1999999999999993E+000 3.3999999999999999E+000 5.0000000000000000E-001 1.0000000000000000E+000
5.1999999999999993E+000 3.3999999999999999E+000 1.0000000000000000E+000 1.0000000000000000E+000
5.1999999999999993E+000 3.7999999999999998E+000 0.0000000000000000E+000 1.0000000000000000E+000
5.1999999999999993E+000 3.7999999999999998E+000 5.0000000000000000E-001 1.0000000000000000E+000
5.1999999999999993E+000 3.7999999999999998E+000 1.0000000000000000E+000 1.0000000000000000E+000
5.1999999999999993E+000 4.0000000000000000E+000 0.0000000000000000E+000 1.0000000000000000E+000
5.1999999999999993E+000 4.0000000000000000E+000 5.0000000000000000E-001 1.0000000000000000E+000
5.1999999999999993E+000 4.0000000000000000E+000 1.0000000000000000E+000 1.0000000000000000E+000
5.9999999999999991E+000 0.0000000000000000E+000 0.0000000000000000E+000 1.0000000000000000E+000
5.9999999999999991E+000 0.0000000000000000E+000 5.0000000000000000E-001 1.0000000000000000E+000
5.9999999999999991E+000 0.0000000000000000E+000 1.0000000000000000E+000 1.0000000000000000E+000
5.9999999999999991E+000 2.0000000000000001E-001 0.0000000000000000E+000 1.0000000000000000E+000
5.9999999999999991E+000 2.0000000000000001E-001 5.0000000000000000E-001 1.0000000000000000E+000
5.9999999999999991E+000 2.0000000000000001E-001 1.0000000000000000E+000 1.0000000000000000E+000
5.9999999999999991E+000 6.0000000000000009E-001 0.0000000000000000E+000 1.0000000000000000E+000
5.9999999999999991E+000 6.0000000000000009E-001 5.0000000000000000E-001 1.0000000000000000E+000
5.9999999999999991E+000 6.0000000000000009E-001 1.0000000000000000E+000 1.0000000000000000E+000
5.9999999999999991E+000 1.0000000000000000E+000 0.0000000000000000E+000 1.0000000000000000E+000
5.9999999999999991E+000 1.0000000000000000E+000 5.0000000000000000E-001 1.0000000000000000E+000
5.9999999999999991E+000 1.0000000000000000E+000 1.0000000000000000E+000 1.0000000000000000E+000
5.9999999999999991E+000 1.3999999999999999E+000 0.0000000000000000E+000 1.0000000000000000E+000
5.9999999999999991E+000 1.3999999999999999E+000 5.0000000000000000E-001 1.0000000000000000E+000
5.9999999999999991E+000 1.3999999999999999E+000 1.0000000000000000E+000 1.0000000000000000E+000
5.9999999999999991E+000 1.8000000000000003E+000 0.0000000000000000E+000 1.0000000000000000E+000
5.9999999999999991E+000 1.8000000000000003E+000 5.0000000000000000E-001 1.0000000000000000E+000
5.9999999999999991E+000 1.8000000000000003E+000 1.0000000000000000E+000 1.0000000000000000E+000
5.9999999999999991E+000 2.2000000000000002E+000 0.0000000000000000E+000 1.0000000000000000E+000
5.9999999999999991E+000 2.2000000000000002E+000 5.0000000000000000E-001 1.0000000000000000E+000
5.9999999999999991E+000 2.2000000000000002E+000 1.0000000000000000E+000 1.0000000000000000E+000
5.9999999999999991E+000 2.5999999999999996E+000 0.0000000000000000E+000 1.0000000000000000E+000
5.9999999999999991E+000 2.5999999999999996E+000 5.0000000000000000E-001 1.0000000000000000E+000
5.9999999999999991E+000 2.5999999999999996E+000 1.0000000000000000E+000 1.0000000000000000E+000
5.9999999999999991E+000 2.9999999999999991E+000 0.0000000000000000E+000 1.0000000000000000E+000
5.9999999999999991E+000 2.9999999999999991E+000 5.0000000000000000E-001 1.0000000000000000E+000
5.9999999999999991E+000 2.9999999999999991E+000 1.0000000000000000E+000 1.0000000000000000E+000
5.9999999999999991E+000 3.3999999999999995E+000 0.0000000000000000E+000 1.0000000000000000E+000
5.9999999999999991E+000 3.3999999999999995E+000 5.0000000000000000E-001 1.0000000000000000E+000
5.9999999999999991E+000 3.3999999999999995E+000 1.0000000000000000E+000 1.0000000000000000E+000
5.9999999999999991E+000 3.7999999999999994E+000 0.0000000000000000E+000 1.0000000000000000E+000
5.9999999999999991E+000 3.7999999999999994E+000 5.0000000000000000E-001 1.0000000000000000E+000
5.9999999999999991E+000 3.7999999999999994E+000 1.0000000000000000E+000 1.0000000000000000E+000
5.9999999999999991E+000 4.0000000000000000E+000 0.0000000000000000E+000 1.0000000000000000E+000
5.9999999999999991E+000 4.0000000000000000E+000 5.0000000000000000E-001 1.0000000000000000E+000
5.9999999999999991E+000 4.0000000000000000E+000 1.0000000000000000E+000 1.0000000000000000E+000
6.7999999999999998E+000 0.0000000000000000E+000 0.0000000000000000E+000 1.0000000000000000E+000
6.7999999999999998E+000 0.0000000000000000E+000 5.0000000000000000E-001 1.0000000000000000E+000
6.7999999999999998E+000 0.0000000000000000E+000 1.0000000000000000E+000 1.0000000000000000E+000
6.7999999999999998E+000 2.0000000000000004E-001 0.0000000000000000E+000 1.0000000000000000E+000
6.7999999999999998E+000 2.0000000000000004E-001 5.0000000000000000E-001 1.0000000000000000E+000
6.7999999999999998E+000 2.0000000000000004E-001 1.0000000000000000E+000 1.0000000000000000E+000
6.7999999999999998E+000 6.0000000000000009E-001 0.0000000000000000E+000 1.0000000000000000E+000
6.7999999999999998E+000 6.0000000000000009E-001 5.0000000000000000E-001 1.0000000000000000E+000
6.7999999999999998E+000 6.0000000000000009E-001 1.0000000000000000E+000 1.0000000000000000E+000
6.7999999999999998E+000 1.0000000000000000E+000 0.0000000000000000E+000 1.0000000000000000E+000
6.7999999999999998E+000 1.0000000000000000E+000 5.0000000000000000E-001 1.0000000000000000E+000
6.7999999999999998E+000 1.0000000000000000E+000 1.0000000000000000E+000 1.0000000000000000E+000
6.7999999999999998E+000 1.4000000000000001E+000 0.0000000000000000E+000 1.0000000000000000E+000
6.7999999999999998E+000 1.4000000000000001E+000 5.0000000000000000E-001 1.0000000000000000E+000
6.7999999999999998E+000 1.4000000000000001E+000 1.0000000000000000E+000 1.0000000000000000E+000
6.7999999999999998E+000 1.8000000000000003E+000 0.0000000000000000E+000 1.0000000000000000E+000
6.7999999999999998E+000 1.8000000000000003E+000 5.0000000000000000E-001 1.0000000000000000E+000
6.7999999999999998E+000 1.8000000000000003E+000 1.0000000000000000E+000 1.0000000000000000E+000
6.7999999999999998E+000 2.2000000000000002E+000 0.0000000000000000E+000 1.0000000000000000E+000
6.7999999999999998E+000 2.2000000000000002E+000 5.0000000000000000E-001 1.0000000000000000E+000
6.7999999999999998E+000 2.2000000000000002E+000 1.0000000000000000E+000 1.0000000000000000E+000
6.7999999999999998E+000 2.5999999999999996E+000 0.0000000000000000E+000 1.0000000000000000E+000
6.7999999999999998E+000 2.5999999999999996E+000 5.0000000000000000E-001 1.0000000000000000E+000
6.7999999999999998E+000 2.5999999999999996E+000 1.0000000000000000E+000 1.0000000000000000E+000
6.7999999999999998E+000 2.9999999999999996E+000 0.0000000000000000E+000 1.0000000000000000E+000
6.7999999999999998E+000 2.9999999999999996E+000 5.0000000000000000E-001 1.0000000000000000E+000
6.7999999999999998E+000 2.9999999999999996E+000 1.0000000000000000E+000 1.0000000000000000E+000
6.7999999999999998E+000 3.3999999999999999E+000 0.0000000000000000E+000 1.0000000000000000E+000
6.7999999999999998E+000 3.3999999999999999E+000 5.0000000000000000E-001 1.0000000000000000E+000
6.7999999999999998E+000 3.3999999999999999E+000 1.0000000000000000E+000 1.0000000000000000E+000
6.7999999999999998E+000 3.7999999999999998E+000 0.0000000000000000E+000 1.0000000000000000E+000
6.7999999999999998E+000 3.7999999999999998E+000 5.0000000000000000E-001 1.0000000000000000E+000
6.7999999999999998E+000 3.7999999999999998E+000 1.0000000000000000E+000 1.0000000000000000E+000
6.7999999999999998E+000 4.0000000000000000E+000 0.0000000000000000E+000 1.0000000000000000E+000
6.7999999999999998E+000 4.0000000000000000E+000 5.0000000000000000E-001 1.0000000000000000E+000
6.7999999999999998E+000 4.0000000000000000E+000 1.0000000000000000E+000 1.0000000000000000E+000
7.5999999999999996E+000 0.0000000000000000E+000 0.0000000000000000E+000 1.0000000000000000E+000
7.5999999999999996E+000 0.0000000000000000E+000 5.0000000000000000E-001 1.0000000000000000E+000
7.5999999999999996E+000 0.0000000000000000E+000 1.0000000000000000E+000 1.0000000000000000E+000
7.5999999999999996E+000 2.0000000000000004E-001 0.0000000000000000E+000 1.0000000000000000E+000
7.5999999999999996E+000 2.0000000000000004E-001 5.0000000000000000E-001 1.0000000000000000E+000
7.5999999999999996E+000 2.0000000000000004E-001 1.0000000000000000E+000 1.0000000000000000E+000
7.5999999999999996E+000 6.0000000000000009E-001 0.0000000000000000E+000 1.0000000000000000E+000
7.5999999999999996E+000 6.0000000000000009E-001 5.0000000000000000E-001 1.0000000000000000E+000
7.5999999999999996E+000 6.0000000000000009E-001 1.0000000000000000E+000 1.0000000000000000E+000
7.5999999999999996E+000 1.0000000000000000E+000 0.0000000000000000E+000 1.0000000000000000E+000
7.5999999999999996E+000 1.0000000000000000E+000 5.0000000000000000E-001 1.0000000000000000E+000
7.5999999999999996E+000 1.0000000000000000E+000 1.0000000000000000E+000 1.0000000000000000E+000
7.5999999999999996E+000 1.4000000000000001E+000 0.0000000000000000E+000 1.0000000000000000E+000
7.5999999999999996E+000 1.4000000000000001E+000 5.0000000000000000E-001 1.0000000000000000E+000
7.5999999999999996E+000 1.4000000000000001E+000 1.0000000000000000E+000 1.0000000000000000E+000
7.5999999999999996E+000 1.8000000000000003E+000 0.0000000000000000E+000 1.0000000000000000E+000
7.5999999999999996E+000 1.8000000000000003E+000 5.0000000000000000E-001 1.0000000000000000E+000
7.5999999999999996E+000 1.8000000000000003E+000 1.0000000000000000E+000 1.0000000000000000E+000
7.5999999999999996E+000 2.2000000000000002E+000 0.0000000000000000E+000 1.0000000000000000E+000
7.5999999999999996E+000 2.2000000000000002E+000 5.0000000000000000E-001 1.0000000000000000E+000
7.5999999999999996E+000 2.2000000000000002E+000 1.0000000000000000E+000 1.0000000000000000E+000
7.5999999999999996E+000 2.5999999999999996E+000 0.0000000000000000E+000 1.0000000000000000E+000
7.5999999999999996E+000 2.5999999999999996E+000 5.0000000000000000E-001 1.0000000000000000E+000
7.5999999999999996E+000 2.5999999999999996E+000 1.0000000000000000E+000 1.0000000000000000E+000
7.5999999999999996E+000 2.9999999999999996E+000 0.0000000000000000E+000 1.0000000000000000E+000
7.5999999999999996E+000 2.9999999999999996E+000 5.0000000000000000E-001 1.0000000000000000E+000
7.5999999999999996E+000 2.9999999999999996E+000 1.0000000000000000E+000 1.0000000000000000E+000
7.5999999999999996E+000 3.3999999999999999E+000 0.0000000000000000E+000 1.0000000000000000E+000
7.5999999999999996E+000 3.3999999999999999E+000 5.0000000000000000E-001 1.0000000000000000E+000
7.5999999999999996E+000 3.3999999999999999E+000 1.0000000000000000E+000 1.0000000000000000E+000
7.5999999999999996E+000 3.7999999999999998E+000 0.0000000000000000E+000 1.0000000000000000E+000
7.5999999999999996E+000 3.7999999999999998E+000 5.0000000000000000E-001 1.0000000000000000E+000
7.5999999999999996E+000 3.7999999999999998E+000 1.0000000000000000E+000 1.0000000000000000E+000
7.5999999999999996E+000 4.0000000000000000E+000 0.0000000000000000E+000 1.0000000000000000E+000
7.5999999999999996E+000 4.0000000000000000E+000 5.0000000000000000E-001 1.0000000000000000E+000
7.5999999999999996E+000 4.0000000000000000E+000 1.0000000000000000E+000 1.0000000000000000E+000
8.0000000000000000E+000 0.0000000000000000E+000 0.0000000000000000E+000 1.0000000000000000E+000
8.0000000000000000E+000 0.0000000000000000E+000 5.0000000000000000E-001 1.0000000000000000E+000
8.0000000000000000E+000 0.0000000000000000E+000 1.0000000000000000E+000 1.0000000000000000E+000
8.0000000000000000E+000 2.0000000000000004E-001 0.0000000000000000E+000 1.0000000000000000E+000
8.0000000000000000E+000 2.0000000000000004E-001 5.0000000000000000E-001 1.0000000000000000E+000
8.0000000000000000E+000 2.0000000000000004E-001 1.0000000000000000E+000 1.0000000000000000E+000
8.0000000000000000E+000 6.0000000000000009E-001 0.0000000000000000E+000 1.0000000000000000E+000
8.0000000000000000E+000 6.0000000000000009E-001 5.0000000000000000E-001 1.0000000000000000E+000
8.0000000000000000E+000 6.0000000000000009E-001 1.0000000000000000E+000 1.0000000000000000E+000
8.0000000000000000E+000 1.0000000000000000E+000 0.0000000000000000E+000 1.0000000000000000E+000
8.0000000000000000E+000 1.0000000000000000E+000 5.0000000000000000E-001 1.0000000000000000E+000
8.0000000000000000E+000 1.0000000000000000E+000 1.0000000000000000E+000 1.0000000000000000E+000
8.0000000000000000E+000 1.4000000000000001E+000 0.0000000000000000E+000 1.0000000000000000E+000
8.0000000000000000E+000 1.4000000000000001E+000 5.0000000000000000E-001 1.0000000000000000E+000
8.0000000000000000E+000 1.4000000000000001E+000 1.0000000000000000E+000 1.0000000000000000E+000
8.0000000000000000E+000 1.8000000000000003E+000 0.0000000000000000E+000 1.0000000000000000E+000
8.0000000000000000E+000 1.8000000000000003E+000 5.0000000000000000E-001 1.0000000000000000E+000
8.0000000000000000E+000 1.8000000000000003E+000 1.0000000000000000E+000 1.0000000000000000E+000
8.0000000000000000E+000 2.2000000000000002E+000 0.0000000000000000E+000 1.0000000000000000E+000
8.0000000000000000E+000 2.2000000000000002E+000 5.0000000000000000E-001 1.0000000000000000E+000
8.0000000000000000E+000 2.2000000000000002E+000 1.0000000000000000E+000 1.0000000000000000E+000
8.0000000000000000E+000 2.5999999999999996E+000 0.0000000000000000E+000 1.0000000000000000E+000
8.0000000000000000E+000 2.5999999999999996E+000 5.0000000000000000E-001 1.0000000000000000E+000
8.0000000000000000E+000 2.5999999999999996E+000 1.0000000000000000E+000 1.0000000000000000E+000
8.0000000000000000E+000 2.9999999999999996E+000 0.0000000000000000E+000 1.0000000000000000E+000
8.0000000000000000E+000 2.9999999999999996E+000 5.0000000000000000E-001 1.0000000000000000E+000
8.0000000000000000E+000 2.9999999999999996E+000 1.0000000000000000E+000 1.0000000000000000E+000
8.0000000000000000E+000 3.3999999999999999E+000 0.0000000000000000E+000 1.0000000000000000E+000
8.0000000000000000E+000 3.3999999999999999E+000 5.0000000000000000E-001 1.0000000000000000E+000
8.0000000000000000E+000 3.3999999999999999E+000 1.0000000000000000E+000 1.0000000000000000E+000
8.0000000000000000E+000 3.7999999999999998E+000 0.0000000000000000E+000 1.0000000000000000E+000
8.0000000000000000E+000 3.7999999999999998E+000 5.0000000000000000E-001 1.0000000000000000E+000
8.0000000000000000E+000 3.7999999999999998E+000 1.0000000000000000E+000 1.0000000000000000E+000
8.0000000000000000E+000 4.0000000000000000E+000 0.0000000000000000E+000 1.0000000000000000E+000
8.0000000000000000E+000 4.0000000000000000E+000 5.0000000000000000E-001 1.0000000000000000E+000
8.0000000000000000E+000 4.0000000000000000E+000 1.0000000000000000E+000 1.0000000000000000E+000 !End patch 1
0.0000000E+00	5.1000000E+00	-5.0000000E-01	1.0000000E+00
0.0000000E+00	5.1000000E+00	5.0000000E-01	1.0000000E+00
0.0000000E+00	5.1000000E+00	1.5000000E+00	1.0000000E+00
0.0000000E+00	4.6000000E+00	-5.0000000E-01	1.0000000E+00
0.0000000E+00	4.6000000E+00	5.0000000E-01	1.0000000E+00
0.0000000E+00	4.6000000E+00	1.5000000E+00	1.0000000E+00
0.0000000E+00	4.1000000E+00	-5.0000000E-01	1.0000000E+00
0.0000000E+00	4.1000000E+00	5.0000000E-01	1.0000000E+00
0.0000000E+00	4.1000000E+00	1.5000000E+00	1.0000000E+00
7.0000000E+00	5.1000000E+00	-5.0000000E-01	7.0710678E-01
7.0000000E+00	5.1000000E+00	5.0000000E-01	7.0710678E-01
7.0000000E+00	5.1000000E+00	1.5000000E+00	7.0710678E-01
7.5000000E+00	4.6000000E+00	-5.0000000E-01	7.0710678E-01
7.5000000E+00	4.6000000E+00	5.0000000E-01	7.0710678E-01
7.5000000E+00	4.6000000E+00	1.5000000E+00	7.0710678E-01
8.0000000E+00	4.1000000E+00	-5.0000000E-01	7.0710678E-01
8.0000000E+00	4.1000000E+00	5.0000000E-01	7.0710678E-01
8.0000000E+00	4.1000000E+00	1.5000000E+00	7.0710678E-01
7.0000000E+00	1.2100000E+01	-5.0000000E-01	1.0000000E+00
7.0000000E+00	1.2100000E+01	5.0000000E-01	1.0000000E+00
7.0000000E+00	1.2100000E+01	1.5000000E+00	1.0000000E+00
7.5000000E+00	1.2100000E+01	-5.0000000E-01	1.0000000E+00
7.5000000E+00	1.2100000E+01	5.0000000E-01	1.0000000E+00
7.5000000E+00	1.2100000E+01	1.5000000E+00	1.0000000E+00
8.0000000E+00	1.2100000E+01	-5.0000000E-01	1.0000000E+00
8.0000000E+00	1.2100000E+01	5.0000000E-01	1.0000000E+00
8.0000000E+00	1.2100000E+01	1.5000000E+00	1.0000000E+00
*element
Hex27
Hex27
 --------------------------------------------------------
*material
6
1000.0, 0.3, 1.0, 0.0, 8.0e28, 0.10e9
6
1000.0, 0.3, 1.0, 0.0, 1.0e25, 0.0
------------------------------------------------------------------------------------------------------
*NLGeom
*Increments
15
*Iterations
100
------------------------------------------------------------------------------------------------------
*bcdof   !boundary condition
558
1	,	3
2	,	3
3	,	3
4	,	3
5	,	3
6	,	3
7	,	3
8	,	3
9	,	3
10	,	3
11	,	3
12	,	3
13	,	3
14	,	3
15	,	3
16	,	3
17	,	3
18	,	3
19	,	3
20	,	3
21	,	3
22	,	3
23	,	3
24	,	3
25	,	3
26	,	3
27	,	3
28	,	3
29	,	3
30	,	3
31	,	3
32	,	3
33	,	3
34	,	3
35	,	3
36	,	3
37	,	3
38	,	3
39	,	3
40	,	3
41	,	3
42	,	3
43	,	3
44	,	3
45	,	3
46	,	3
47	,	3
48	,	3
49	,	3
50	,	3
51	,	3
52	,	3
53	,	3
54	,	3
55	,	3
56	,	3
57	,	3
58	,	3
59	,	3
60	,	3
61	,	3
62	,	3
63	,	3
64	,	3
65	,	3
66	,	3
67	,	3
68	,	3
69	,	3
70	,	3
71	,	3
72	,	3
73	,	3
74	,	3
75	,	3
76	,	3
77	,	3
78	,	3
79	,	3
80	,	3
81	,	3
82	,	3
83	,	3
84	,	3
85	,	3
86	,	3
87	,	3
88	,	3
89	,	3
90	,	3
91	,	3
92	,	3
93	,	3
94	,	3
95	,	3
96	,	3
97	,	3
98	,	3
99	,	3
100	,	3
101	,	3
102	,	3
103	,	3
104	,	3
105	,	3
106	,	3
107	,	3
108	,	3
109	,	3
110	,	3
111	,	3
112	,	3
113	,	3
114	,	3
115	,	3
116	,	3
117	,	3
118	,	3
119	,	3
120	,	3
121	,	3
122	,	3
123	,	3
124	,	3
125	,	3
126	,	3
127	,	3
128	,	3
129	,	3
130	,	3
131	,	3
132	,	3
133	,	3
134	,	3
135	,	3
136	,	3
137	,	3
138	,	3
139	,	3
140	,	3
141	,	3
142	,	3
143	,	3
144	,	3
145	,	3
146	,	3
147	,	3
148	,	3
149	,	3
150	,	3
151	,	3
152	,	3
153	,	3
154	,	3
155	,	3
156	,	3
157	,	3
158	,	3
159	,	3
160	,	3
161	,	3
162	,	3
163	,	3
164	,	3
165	,	3
166	,	3
167	,	3
168	,	3
169	,	3
170	,	3
171	,	3
172	,	3
173	,	3
174	,	3
175	,	3
176	,	3
177	,	3
178	,	3
179	,	3
180	,	3
181	,	3
182	,	3
183	,	3
184	,	3
185	,	3
186	,	3
187	,	3
188	,	3
189	,	3
190	,	3
191	,	3
192	,	3
193	,	3
194	,	3
195	,	3
196	,	3
197	,	3
198	,	3
199	,	3
200	,	3
201	,	3
202	,	3
203	,	3
204	,	3
205	,	3
206	,	3
207	,	3
208	,	3
209	,	3
210	,	3
211	,	3
212	,	3
213	,	3
214	,	3
215	,	3
216	,	3
217	,	3
218	,	3
219	,	3
220	,	3
221	,	3
222	,	3
223	,	3
224	,	3
225	,	3
226	,	3
227	,	3
228	,	3
229	,	3
230	,	3
231	,	3
232	,	3
233	,	3
234	,	3
235	,	3
236	,	3
237	,	3
238	,	3
239	,	3
240	,	3
241	,	3
242	,	3
243	,	3
244	,	3
245	,	3
246	,	3
247	,	3
248	,	3
249	,	3
250	,	3
251	,	3
252	,	3
253	,	3
254	,	3
255	,	3
256	,	3
257	,	3
258	,	3
259	,	3
260	,	3
261	,	3
262	,	3
263	,	3
264	,	3
265	,	3
266	,	3
267	,	3
268	,	3
269	,	3
270	,	3
271	,	3
272	,	3
273	,	3
274	,	3
275	,	3
276	,	3
277	,	3
278	,	3
279	,	3
280	,	3
281	,	3
282	,	3
283	,	3
284	,	3
285	,	3
286	,	3
287	,	3
288	,	3
289	,	3
290	,	3
291	,	3
292	,	3
293	,	3
294	,	3
295	,	3
296	,	3
297	,	3
298	,	3
299	,	3
300	,	3
301	,	3
302	,	3
303	,	3
304	,	3
305	,	3
306	,	3
307	,	3
308	,	3
309	,	3
310	,	3
311	,	3
312	,	3
313	,	3
314	,	3
315	,	3
316	,	3
317	,	3
318	,	3
319	,	3
320	,	3
321	,	3
322	,	3
323	,	3
324	,	3
325	,	3
326	,	3
327	,	3
328	,	3
329	,	3
330	,	3
331	,	3
332	,	3
333	,	3
334	,	3
335	,	3
336	,	3
337	,	3
338	,	3
339	,	3
340	,	3
341	,	3
342	,	3
343	,	3
344	,	3
345	,	3
346	,	3
347	,	3
348	,	3
349	,	3
350	,	3
351	,	3
352	,	3
353	,	3
354	,	3
355	,	3
356	,	3
357	,	3
358	,	3
359	,	3
360	,	3
361	,	3
362	,	3
363	,	3
364	,	3
365	,	3
366	,	3
367	,	3
368	,	3
369	,	3
370	,	3
371	,	3
372	,	3
373	,	3
374	,	3
375	,	3
376	,	3
377	,	3
378	,	3
379	,	3
380	,	3
381	,	3
382	,	3
383	,	3
384	,	3
385	,	3
386	,	3
387	,	3
388	,	3
389	,	3
390	,	3
391	,	3
392	,	3
393	,	3
394	,	3
395	,	3
396	,	3
397	,	3
398	,	3
399	,	3
400	,	3
401	,	3
402	,	3
403	,	3
404	,	3
405	,	3
406	,	3
407	,	3
408	,	3
409	,	3
410	,	3
411	,	3
412	,	3
413	,	3
414	,	3
415	,	3
416	,	3
417	,	3
418	,	3
419	,	3
420	,	3
421	,	3
422	,	3
423	,	3
424	,	3
425	,	3
426	,	3
427	,	3
428	,	3
429	,	3
430	,	3
431	,	3
432	,	3
433	,	3
434	,	3
435	,	3
436	,	3
437	,	3
438	,	3
439	,	3
440	,	3
441	,	3
442	,	3
443	,	3
444	,	3
445	,	3
446	,	3
447	,	3
448	,	3
449	,	3
450	,	3
451	,	3
452	,	3
453	,	3
454	,	3
455	,	3
456	,	3
457	,	3
458	,	3
459	,	3
1	,	1
13	,	1
25	,	1
37	,	1
49	,	1
61	,	1
73	,	1
85	,	1
97	,	1
109	,	1
121	,	1
133	,	1
145	,	1
157	,	1
169	,	1
181	,	1
193	,	1
205	,	1
217	,	1
229	,	1
241	,	1
253	,	1
265	,	1
277	,	1
289 ,   1 
301	,	1
313	,	1
325	,	1
337	,	1
349	,	1
361	,	1
373	,	1
385	,	1
397	,	1
409	,	1
421	,	1
1	,	2
2	,	2
3	,	2
4	,	2
5	,	2
6	,	2
7	,	2
8	,	2
9	,	2
10	,	2
11	,	2
12	,	2
145	,	2
146	,	2
147	,	2
148	,	2
149	,	2
150	,	2
151	,	2
152	,	2
153	,	2
154	,	2
155	,	2
156	,	2
289	,	2
290	,	2
291	,	2
292	,	2
293	,	2
294	,	2
295	,	2
296	,	2
297	,	2
298	,	2
299	,	2
300	,	2
433	,	1
434	,	1
435	,	1
436	,	1
437	,	1
438	,	1
439	,	1
440	,	1
441	,	1
442	,	1
443	,	1
444	,	1
445	,	1
446	,	1
447	,	1
448	,	1
449	,	1
450	,	1
451	,	1
452	,	1
453	,	1
454	,	1
455	,	1
456	,	1
457	,	1
458	,	1
459	,	1
--------------------------------------------------------
*dispdof
27
433	,	2	,	-2.0
434	,	2	,	-2.0
435	,	2	,	-2.0
436	,	2	,	-2.0
437	,	2	,	-2.0
438	,	2	,	-2.0
439	,	2	,	-2.0
440	,	2	,	-2.0
441	,	2	,	-2.0
442	,	2	,	-2.0
443	,	2	,	-2.0
444	,	2	,	-2.0
445	,	2	,	-2.0
446	,	2	,	-2.0
447	,	2	,	-2.0
448	,	2	,	-2.0
449	,	2	,	-2.0
450	,	2	,	-2.0
451	,	2	,	-2.0
452	,	2	,	-2.0
453	,	2	,	-2.0
454	,	2	,	-2.0
455	,	2	,	-2.0
456	,	2	,	-2.0
457	,	2	,	-2.0
458	,	2	,	-2.0
459	,	2	,	-2.0
*Contact_PTS
1
*RigidMaster
2, 2                !order
3, 3                !control points
0.0, 0.0, 0.0, 1.0, 1.0, 1.0
0.0, 0.0, 0.0, 1.0, 1.0, 1.0
439, 440, 441, 448, 449, 450, 457, 458, 459
*Slave
2, 2
12, 3
0.0, 0.0, 0.0, 0.1, 0.2, 0.3, 0.4, 0.5, 0.6, 0.7, 0.8, 0.9, 1.0, 1.0, 1.0 
0.0, 0.0, 0.0, 1.0, 1.0, 1.0
133, 134, 135, 136,137,138,139,140,141,142,143,144,277,278,279,280,281,282,283,284,285,286,287,288,421,422,423,424,425,426,427,428,429,430,431,432
*end

439, 440, 441, 448, 449, 450, 457, 458, 459