*begin
3           !problem dimension
2, 2, 2     !degree of each dimension
18, 18, 3     !control points in each direction
0, 0, 0     !open(0) or closed(1) knot vector
--------------------------------------------------------
*knots    !knot spans
0.0 0.0 0.0 0.0625	0.125	0.1875	0.25	0.3125	0.375	0.4375	0.5	0.5625	0.625	0.6875	0.75	0.8125	0.875	0.9375 1.0 1.0 1.0
0.0 0.0 0.0 0.0625	0.125	0.1875	0.25	0.3125	0.375	0.4375	0.5	0.5625	0.625	0.6875	0.75	0.8125	0.875	0.9375 1.0 1.0 1.0
0.0, 0.0, 0.0, 1.0, 1.0, 1.0
--------------------------------------------------------
*element
Hex27ANS
*bnet
0.0000000000000000E+000 0.0000000000000000E+000 2.4875000000000000E+001 1.0000000000000000E+000
0.0000000000000000E+000 0.0000000000000000E+000 2.5000000000000000E+001 1.0000000000000000E+000
0.0000000000000000E+000 0.0000000000000000E+000 2.5125000000000000E+001 1.0000000000000000E+000
0.0000000000000000E+000 7.8125000000000000E-001 2.4875000000000000E+001 1.0000000000000000E+000
0.0000000000000000E+000 7.8125000000000000E-001 2.5000000000000000E+001 1.0000000000000000E+000
0.0000000000000000E+000 7.8125000000000000E-001 2.5125000000000000E+001 1.0000000000000000E+000
0.0000000000000000E+000 2.3437500000000000E+000 2.4875000000000000E+001 1.0000000000000000E+000
0.0000000000000000E+000 2.3437500000000000E+000 2.5000000000000000E+001 1.0000000000000000E+000
0.0000000000000000E+000 2.3437500000000000E+000 2.5125000000000000E+001 1.0000000000000000E+000
0.0000000000000000E+000 3.9062500000000000E+000 2.4875000000000000E+001 1.0000000000000000E+000
0.0000000000000000E+000 3.9062500000000000E+000 2.5000000000000000E+001 1.0000000000000000E+000
0.0000000000000000E+000 3.9062500000000000E+000 2.5125000000000000E+001 1.0000000000000000E+000
0.0000000000000000E+000 5.4687500000000000E+000 2.4875000000000000E+001 1.0000000000000000E+000
0.0000000000000000E+000 5.4687500000000000E+000 2.5000000000000000E+001 1.0000000000000000E+000
0.0000000000000000E+000 5.4687500000000000E+000 2.5125000000000000E+001 1.0000000000000000E+000
0.0000000000000000E+000 7.0312500000000000E+000 2.4875000000000000E+001 1.0000000000000000E+000
0.0000000000000000E+000 7.0312500000000000E+000 2.5000000000000000E+001 1.0000000000000000E+000
0.0000000000000000E+000 7.0312500000000000E+000 2.5125000000000000E+001 1.0000000000000000E+000
0.0000000000000000E+000 8.5937500000000000E+000 2.4875000000000000E+001 1.0000000000000000E+000
0.0000000000000000E+000 8.5937500000000000E+000 2.5000000000000000E+001 1.0000000000000000E+000
0.0000000000000000E+000 8.5937500000000000E+000 2.5125000000000000E+001 1.0000000000000000E+000
0.0000000000000000E+000 1.0156250000000000E+001 2.4875000000000000E+001 1.0000000000000000E+000
0.0000000000000000E+000 1.0156250000000000E+001 2.5000000000000000E+001 1.0000000000000000E+000
0.0000000000000000E+000 1.0156250000000000E+001 2.5125000000000000E+001 1.0000000000000000E+000
0.0000000000000000E+000 1.1718750000000000E+001 2.4875000000000000E+001 1.0000000000000000E+000
0.0000000000000000E+000 1.1718750000000000E+001 2.5000000000000000E+001 1.0000000000000000E+000
0.0000000000000000E+000 1.1718750000000000E+001 2.5125000000000000E+001 1.0000000000000000E+000
0.0000000000000000E+000 1.3281250000000000E+001 2.4875000000000000E+001 1.0000000000000000E+000
0.0000000000000000E+000 1.3281250000000000E+001 2.5000000000000000E+001 1.0000000000000000E+000
0.0000000000000000E+000 1.3281250000000000E+001 2.5125000000000000E+001 1.0000000000000000E+000
0.0000000000000000E+000 1.4843750000000000E+001 2.4875000000000000E+001 1.0000000000000000E+000
0.0000000000000000E+000 1.4843750000000000E+001 2.5000000000000000E+001 1.0000000000000000E+000
0.0000000000000000E+000 1.4843750000000000E+001 2.5125000000000000E+001 1.0000000000000000E+000
0.0000000000000000E+000 1.6406250000000000E+001 2.4875000000000000E+001 1.0000000000000000E+000
0.0000000000000000E+000 1.6406250000000000E+001 2.5000000000000000E+001 1.0000000000000000E+000
0.0000000000000000E+000 1.6406250000000000E+001 2.5125000000000000E+001 1.0000000000000000E+000
0.0000000000000000E+000 1.7968750000000000E+001 2.4875000000000000E+001 1.0000000000000000E+000
0.0000000000000000E+000 1.7968750000000000E+001 2.5000000000000000E+001 1.0000000000000000E+000
0.0000000000000000E+000 1.7968750000000000E+001 2.5125000000000000E+001 1.0000000000000000E+000
0.0000000000000000E+000 1.9531250000000000E+001 2.4875000000000000E+001 1.0000000000000000E+000
0.0000000000000000E+000 1.9531250000000000E+001 2.5000000000000000E+001 1.0000000000000000E+000
0.0000000000000000E+000 1.9531250000000000E+001 2.5125000000000000E+001 1.0000000000000000E+000
0.0000000000000000E+000 2.1093750000000000E+001 2.4875000000000000E+001 1.0000000000000000E+000
0.0000000000000000E+000 2.1093750000000000E+001 2.5000000000000000E+001 1.0000000000000000E+000
0.0000000000000000E+000 2.1093750000000000E+001 2.5125000000000000E+001 1.0000000000000000E+000
0.0000000000000000E+000 2.2656250000000000E+001 2.4875000000000000E+001 1.0000000000000000E+000
0.0000000000000000E+000 2.2656250000000000E+001 2.5000000000000000E+001 1.0000000000000000E+000
0.0000000000000000E+000 2.2656250000000000E+001 2.5125000000000000E+001 1.0000000000000000E+000
0.0000000000000000E+000 2.4218750000000000E+001 2.4875000000000000E+001 1.0000000000000000E+000
0.0000000000000000E+000 2.4218750000000000E+001 2.5000000000000000E+001 1.0000000000000000E+000
0.0000000000000000E+000 2.4218750000000000E+001 2.5125000000000000E+001 1.0000000000000000E+000
0.0000000000000000E+000 2.5000000000000000E+001 2.4875000000000000E+001 1.0000000000000000E+000
0.0000000000000000E+000 2.5000000000000000E+001 2.5000000000000000E+001 1.0000000000000000E+000
0.0000000000000000E+000 2.5000000000000000E+001 2.5125000000000000E+001 1.0000000000000000E+000
5.3374624389755199E-001 0.0000000000000000E+000 2.4875000000000000E+001 9.9623078879911930E-001
5.3642838582668539E-001 0.0000000000000000E+000 2.5000000000000000E+001 9.9623078879911930E-001
5.3911052775581880E-001 0.0000000000000000E+000 2.5125000000000000E+001 9.9623078879911930E-001
5.3374624389755199E-001 7.8125000000000000E-001 2.4875000000000000E+001 9.9623078879911930E-001
5.3642838582668539E-001 7.8125000000000000E-001 2.5000000000000000E+001 9.9623078879911930E-001
5.3911052775581880E-001 7.8125000000000000E-001 2.5125000000000000E+001 9.9623078879911930E-001
5.3374624389755199E-001 2.3437500000000000E+000 2.4875000000000004E+001 9.9623078879911930E-001
5.3642838582668539E-001 2.3437500000000000E+000 2.5000000000000000E+001 9.9623078879911930E-001
5.3911052775581880E-001 2.3437500000000000E+000 2.5125000000000004E+001 9.9623078879911930E-001
5.3374624389755199E-001 3.9062499999999996E+000 2.4875000000000000E+001 9.9623078879911930E-001
5.3642838582668539E-001 3.9062499999999996E+000 2.5000000000000000E+001 9.9623078879911930E-001
5.3911052775581880E-001 3.9062499999999996E+000 2.5125000000000000E+001 9.9623078879911930E-001
5.3374624389755199E-001 5.4687500000000009E+000 2.4875000000000007E+001 9.9623078879911919E-001
5.3642838582668551E-001 5.4687500000000009E+000 2.5000000000000004E+001 9.9623078879911919E-001
5.3911052775581891E-001 5.4687500000000009E+000 2.5125000000000007E+001 9.9623078879911919E-001
5.3374624389755199E-001 7.0312500000000000E+000 2.4875000000000000E+001 9.9623078879911930E-001
5.3642838582668539E-001 7.0312500000000000E+000 2.5000000000000000E+001 9.9623078879911930E-001
5.3911052775581880E-001 7.0312500000000000E+000 2.5125000000000000E+001 9.9623078879911930E-001
5.3374624389755199E-001 8.5937500000000000E+000 2.4875000000000004E+001 9.9623078879911930E-001
5.3642838582668539E-001 8.5937500000000000E+000 2.5000000000000000E+001 9.9623078879911930E-001
5.3911052775581880E-001 8.5937500000000000E+000 2.5125000000000004E+001 9.9623078879911930E-001
5.3374624389755199E-001 1.0156250000000000E+001 2.4875000000000000E+001 9.9623078879911930E-001
5.3642838582668539E-001 1.0156250000000000E+001 2.5000000000000000E+001 9.9623078879911930E-001
5.3911052775581880E-001 1.0156250000000000E+001 2.5125000000000000E+001 9.9623078879911930E-001
5.3374624389755199E-001 1.1718750000000004E+001 2.4875000000000007E+001 9.9623078879911919E-001
5.3642838582668551E-001 1.1718750000000004E+001 2.5000000000000004E+001 9.9623078879911919E-001
5.3911052775581891E-001 1.1718750000000004E+001 2.5125000000000007E+001 9.9623078879911919E-001
5.3374624389755199E-001 1.3281250000000002E+001 2.4875000000000000E+001 9.9623078879911930E-001
5.3642838582668539E-001 1.3281250000000002E+001 2.5000000000000000E+001 9.9623078879911930E-001
5.3911052775581880E-001 1.3281250000000002E+001 2.5125000000000000E+001 9.9623078879911930E-001
5.3374624389755199E-001 1.4843750000000000E+001 2.4875000000000004E+001 9.9623078879911930E-001
5.3642838582668539E-001 1.4843750000000000E+001 2.5000000000000000E+001 9.9623078879911930E-001
5.3911052775581880E-001 1.4843750000000000E+001 2.5125000000000004E+001 9.9623078879911930E-001
5.3374624389755199E-001 1.6406250000000000E+001 2.4875000000000000E+001 9.9623078879911930E-001
5.3642838582668539E-001 1.6406250000000000E+001 2.5000000000000000E+001 9.9623078879911930E-001
5.3911052775581880E-001 1.6406250000000000E+001 2.5125000000000000E+001 9.9623078879911930E-001
5.3374624389755199E-001 1.7968750000000000E+001 2.4875000000000007E+001 9.9623078879911919E-001
5.3642838582668551E-001 1.7968750000000000E+001 2.5000000000000004E+001 9.9623078879911919E-001
5.3911052775581891E-001 1.7968750000000000E+001 2.5125000000000007E+001 9.9623078879911919E-001
5.3374624389755199E-001 1.9531249999999996E+001 2.4875000000000000E+001 9.9623078879911930E-001
5.3642838582668539E-001 1.9531249999999996E+001 2.5000000000000000E+001 9.9623078879911930E-001
5.3911052775581880E-001 1.9531249999999996E+001 2.5125000000000000E+001 9.9623078879911930E-001
5.3374624389755199E-001 2.1093750000000000E+001 2.4875000000000004E+001 9.9623078879911930E-001
5.3642838582668539E-001 2.1093750000000000E+001 2.5000000000000000E+001 9.9623078879911930E-001
5.3911052775581880E-001 2.1093750000000000E+001 2.5125000000000004E+001 9.9623078879911930E-001
5.3374624389755199E-001 2.2656250000000004E+001 2.4875000000000000E+001 9.9623078879911930E-001
5.3642838582668539E-001 2.2656250000000004E+001 2.5000000000000000E+001 9.9623078879911930E-001
5.3911052775581880E-001 2.2656250000000004E+001 2.5125000000000000E+001 9.9623078879911930E-001
5.3374624389755199E-001 2.4218750000000000E+001 2.4875000000000000E+001 9.9623078879911930E-001
5.3642838582668539E-001 2.4218750000000000E+001 2.5000000000000000E+001 9.9623078879911930E-001
5.3911052775581880E-001 2.4218750000000000E+001 2.5125000000000000E+001 9.9623078879911930E-001
5.3374624389755199E-001 2.5000000000000000E+001 2.4875000000000000E+001 9.9623078879911930E-001
5.3642838582668539E-001 2.5000000000000000E+001 2.5000000000000000E+001 9.9623078879911930E-001
5.3911052775581880E-001 2.5000000000000000E+001 2.5125000000000000E+001 9.9623078879911930E-001
1.6038104731763998E+000 0.0000000000000000E+000 2.4829057821643747E+001 9.8963466919757792E-001
1.6118698222878391E+000 0.0000000000000000E+000 2.4953826956425878E+001 9.8963466919757792E-001
1.6199291713992783E+000 0.0000000000000000E+000 2.5078596091208013E+001 9.8963466919757792E-001
1.6038104731763998E+000 7.8125000000000011E-001 2.4829057821643747E+001 9.8963466919757792E-001
1.6118698222878391E+000 7.8125000000000011E-001 2.4953826956425878E+001 9.8963466919757792E-001
1.6199291713992783E+000 7.8125000000000011E-001 2.5078596091208013E+001 9.8963466919757792E-001
1.6038104731764000E+000 2.3437500000000009E+000 2.4829057821643751E+001 9.8963466919757792E-001
1.6118698222878391E+000 2.3437500000000009E+000 2.4953826956425878E+001 9.8963466919757792E-001
1.6199291713992783E+000 2.3437500000000009E+000 2.5078596091208013E+001 9.8963466919757792E-001
1.6038104731763998E+000 3.9062500000000013E+000 2.4829057821643747E+001 9.8963466919757792E-001
1.6118698222878391E+000 3.9062500000000013E+000 2.4953826956425878E+001 9.8963466919757792E-001
1.6199291713992783E+000 3.9062500000000013E+000 2.5078596091208013E+001 9.8963466919757792E-001
1.6038104731764000E+000 5.4687500000000018E+000 2.4829057821643751E+001 9.8963466919757792E-001
1.6118698222878391E+000 5.4687500000000018E+000 2.4953826956425878E+001 9.8963466919757792E-001
1.6199291713992785E+000 5.4687500000000018E+000 2.5078596091208013E+001 9.8963466919757792E-001
1.6038104731763998E+000 7.0312500000000009E+000 2.4829057821643747E+001 9.8963466919757792E-001
1.6118698222878391E+000 7.0312500000000009E+000 2.4953826956425878E+001 9.8963466919757792E-001
1.6199291713992785E+000 7.0312500000000009E+000 2.5078596091208013E+001 9.8963466919757792E-001
1.6038104731764000E+000 8.5937500000000000E+000 2.4829057821643751E+001 9.8963466919757792E-001
1.6118698222878391E+000 8.5937500000000000E+000 2.4953826956425878E+001 9.8963466919757792E-001
1.6199291713992785E+000 8.5937500000000000E+000 2.5078596091208013E+001 9.8963466919757792E-001
1.6038104731763998E+000 1.0156250000000002E+001 2.4829057821643747E+001 9.8963466919757792E-001
1.6118698222878391E+000 1.0156250000000002E+001 2.4953826956425878E+001 9.8963466919757792E-001
1.6199291713992785E+000 1.0156250000000002E+001 2.5078596091208013E+001 9.8963466919757792E-001
1.6038104731764000E+000 1.1718750000000004E+001 2.4829057821643751E+001 9.8963466919757792E-001
1.6118698222878391E+000 1.1718750000000004E+001 2.4953826956425878E+001 9.8963466919757792E-001
1.6199291713992785E+000 1.1718750000000004E+001 2.5078596091208013E+001 9.8963466919757792E-001
1.6038104731763998E+000 1.3281250000000002E+001 2.4829057821643747E+001 9.8963466919757792E-001
1.6118698222878391E+000 1.3281250000000002E+001 2.4953826956425878E+001 9.8963466919757792E-001
1.6199291713992785E+000 1.3281250000000002E+001 2.5078596091208013E+001 9.8963466919757792E-001
1.6038104731764000E+000 1.4843750000000002E+001 2.4829057821643751E+001 9.8963466919757792E-001
1.6118698222878391E+000 1.4843750000000002E+001 2.4953826956425878E+001 9.8963466919757792E-001
1.6199291713992783E+000 1.4843750000000002E+001 2.5078596091208013E+001 9.8963466919757792E-001
1.6038104731763998E+000 1.6406250000000004E+001 2.4829057821643747E+001 9.8963466919757792E-001
1.6118698222878391E+000 1.6406250000000004E+001 2.4953826956425878E+001 9.8963466919757792E-001
1.6199291713992783E+000 1.6406250000000004E+001 2.5078596091208013E+001 9.8963466919757792E-001
1.6038104731764000E+000 1.7968750000000000E+001 2.4829057821643751E+001 9.8963466919757792E-001
1.6118698222878391E+000 1.7968750000000000E+001 2.4953826956425878E+001 9.8963466919757792E-001
1.6199291713992783E+000 1.7968750000000000E+001 2.5078596091208013E+001 9.8963466919757792E-001
1.6038104731763998E+000 1.9531250000000004E+001 2.4829057821643747E+001 9.8963466919757792E-001
1.6118698222878391E+000 1.9531250000000004E+001 2.4953826956425878E+001 9.8963466919757792E-001
1.6199291713992783E+000 1.9531250000000004E+001 2.5078596091208013E+001 9.8963466919757792E-001
1.6038104731764000E+000 2.1093750000000000E+001 2.4829057821643751E+001 9.8963466919757792E-001
1.6118698222878391E+000 2.1093750000000000E+001 2.4953826956425878E+001 9.8963466919757792E-001
1.6199291713992783E+000 2.1093750000000000E+001 2.5078596091208013E+001 9.8963466919757792E-001
1.6038104731763998E+000 2.2656250000000004E+001 2.4829057821643747E+001 9.8963466919757792E-001
1.6118698222878391E+000 2.2656250000000004E+001 2.4953826956425878E+001 9.8963466919757792E-001
1.6199291713992783E+000 2.2656250000000004E+001 2.5078596091208013E+001 9.8963466919757792E-001
1.6038104731763998E+000 2.4218750000000000E+001 2.4829057821643747E+001 9.8963466919757792E-001
1.6118698222878391E+000 2.4218750000000000E+001 2.4953826956425878E+001 9.8963466919757792E-001
1.6199291713992783E+000 2.4218750000000000E+001 2.5078596091208013E+001 9.8963466919757792E-001
1.6038104731763998E+000 2.5000000000000004E+001 2.4829057821643747E+001 9.8963466919757792E-001
1.6118698222878391E+000 2.5000000000000004E+001 2.4953826956425878E+001 9.8963466919757792E-001
1.6199291713992783E+000 2.5000000000000004E+001 2.5078596091208013E+001 9.8963466919757792E-001
2.6775130517124412E+000 0.0000000000000000E+000 2.4736381532875097E+001 9.8398085239625688E-001
2.6909678911682824E+000 0.0000000000000000E+000 2.4860684957663416E+001 9.8398085239625688E-001
2.7044227306241235E+000 0.0000000000000000E+000 2.4984988382451739E+001 9.8398085239625688E-001
2.6775130517124412E+000 7.8125000000000011E-001 2.4736381532875097E+001 9.8398085239625688E-001
2.6909678911682824E+000 7.8125000000000011E-001 2.4860684957663416E+001 9.8398085239625688E-001
2.7044227306241235E+000 7.8125000000000011E-001 2.4984988382451739E+001 9.8398085239625688E-001
2.6775130517124412E+000 2.3437500000000004E+000 2.4736381532875097E+001 9.8398085239625688E-001
2.6909678911682824E+000 2.3437500000000004E+000 2.4860684957663420E+001 9.8398085239625688E-001
2.7044227306241235E+000 2.3437500000000004E+000 2.4984988382451739E+001 9.8398085239625688E-001
2.6775130517124412E+000 3.9062500000000009E+000 2.4736381532875097E+001 9.8398085239625688E-001
2.6909678911682824E+000 3.9062500000000009E+000 2.4860684957663416E+001 9.8398085239625688E-001
2.7044227306241235E+000 3.9062500000000009E+000 2.4984988382451739E+001 9.8398085239625688E-001
2.6775130517124412E+000 5.4687500000000018E+000 2.4736381532875100E+001 9.8398085239625677E-001
2.6909678911682828E+000 5.4687500000000018E+000 2.4860684957663423E+001 9.8398085239625677E-001
2.7044227306241240E+000 5.4687500000000018E+000 2.4984988382451743E+001 9.8398085239625677E-001
2.6775130517124412E+000 7.0312500000000009E+000 2.4736381532875100E+001 9.8398085239625677E-001
2.6909678911682828E+000 7.0312500000000009E+000 2.4860684957663420E+001 9.8398085239625677E-001
2.7044227306241244E+000 7.0312500000000009E+000 2.4984988382451743E+001 9.8398085239625677E-001
2.6775130517124412E+000 8.5937500000000018E+000 2.4736381532875097E+001 9.8398085239625688E-001
2.6909678911682824E+000 8.5937500000000018E+000 2.4860684957663420E+001 9.8398085239625688E-001
2.7044227306241240E+000 8.5937500000000018E+000 2.4984988382451739E+001 9.8398085239625688E-001
2.6775130517124412E+000 1.0156250000000002E+001 2.4736381532875097E+001 9.8398085239625688E-001
2.6909678911682824E+000 1.0156250000000002E+001 2.4860684957663416E+001 9.8398085239625688E-001
2.7044227306241240E+000 1.0156250000000002E+001 2.4984988382451739E+001 9.8398085239625688E-001
2.6775130517124412E+000 1.1718750000000004E+001 2.4736381532875100E+001 9.8398085239625677E-001
2.6909678911682828E+000 1.1718750000000004E+001 2.4860684957663423E+001 9.8398085239625677E-001
2.7044227306241244E+000 1.1718750000000004E+001 2.4984988382451743E+001 9.8398085239625677E-001
2.6775130517124412E+000 1.3281250000000002E+001 2.4736381532875100E+001 9.8398085239625677E-001
2.6909678911682828E+000 1.3281250000000002E+001 2.4860684957663420E+001 9.8398085239625677E-001
2.7044227306241240E+000 1.3281250000000002E+001 2.4984988382451743E+001 9.8398085239625677E-001
2.6775130517124412E+000 1.4843750000000002E+001 2.4736381532875097E+001 9.8398085239625688E-001
2.6909678911682824E+000 1.4843750000000002E+001 2.4860684957663420E+001 9.8398085239625688E-001
2.7044227306241235E+000 1.4843750000000002E+001 2.4984988382451739E+001 9.8398085239625688E-001
2.6775130517124412E+000 1.6406250000000000E+001 2.4736381532875097E+001 9.8398085239625688E-001
2.6909678911682824E+000 1.6406250000000000E+001 2.4860684957663416E+001 9.8398085239625688E-001
2.7044227306241235E+000 1.6406250000000000E+001 2.4984988382451739E+001 9.8398085239625688E-001
2.6775130517124412E+000 1.7968750000000000E+001 2.4736381532875100E+001 9.8398085239625677E-001
2.6909678911682828E+000 1.7968750000000000E+001 2.4860684957663423E+001 9.8398085239625677E-001
2.7044227306241240E+000 1.7968750000000000E+001 2.4984988382451743E+001 9.8398085239625677E-001
2.6775130517124412E+000 1.9531250000000000E+001 2.4736381532875100E+001 9.8398085239625677E-001
2.6909678911682828E+000 1.9531250000000000E+001 2.4860684957663420E+001 9.8398085239625677E-001
2.7044227306241240E+000 1.9531250000000000E+001 2.4984988382451743E+001 9.8398085239625677E-001
2.6775130517124412E+000 2.1093750000000000E+001 2.4736381532875097E+001 9.8398085239625688E-001
2.6909678911682824E+000 2.1093750000000000E+001 2.4860684957663420E+001 9.8398085239625688E-001
2.7044227306241235E+000 2.1093750000000000E+001 2.4984988382451739E+001 9.8398085239625688E-001
2.6775130517124412E+000 2.2656250000000004E+001 2.4736381532875097E+001 9.8398085239625688E-001
2.6909678911682824E+000 2.2656250000000004E+001 2.4860684957663416E+001 9.8398085239625688E-001
2.7044227306241235E+000 2.2656250000000004E+001 2.4984988382451739E+001 9.8398085239625688E-001
2.6775130517124412E+000 2.4218750000000004E+001 2.4736381532875097E+001 9.8398085239625688E-001
2.6909678911682824E+000 2.4218750000000004E+001 2.4860684957663416E+001 9.8398085239625688E-001
2.7044227306241235E+000 2.4218750000000004E+001 2.4984988382451739E+001 9.8398085239625688E-001
2.6775130517124412E+000 2.5000000000000004E+001 2.4736381532875097E+001 9.8398085239625688E-001
2.6909678911682824E+000 2.5000000000000004E+001 2.4860684957663416E+001 9.8398085239625688E-001
2.7044227306241235E+000 2.5000000000000004E+001 2.4984988382451739E+001 9.8398085239625688E-001
3.7518174837817622E+000 0.0000000000000000E+000 2.4596429208305540E+001 9.7926933839515595E-001
3.7706708379716209E+000 0.0000000000000000E+000 2.4720029355080946E+001 9.7926933839515595E-001
3.7895241921614788E+000 0.0000000000000000E+000 2.4843629501856356E+001 9.7926933839515595E-001
3.7518174837817622E+000 7.8125000000000011E-001 2.4596429208305540E+001 9.7926933839515595E-001
3.7706708379716209E+000 7.8125000000000011E-001 2.4720029355080946E+001 9.7926933839515595E-001
3.7895241921614788E+000 7.8125000000000011E-001 2.4843629501856356E+001 9.7926933839515595E-001
3.7518174837817617E+000 2.3437500000000000E+000 2.4596429208305540E+001 9.7926933839515606E-001
3.7706708379716205E+000 2.3437500000000000E+000 2.4720029355080939E+001 9.7926933839515606E-001
3.7895241921614784E+000 2.3437500000000000E+000 2.4843629501856356E+001 9.7926933839515606E-001
3.7518174837817622E+000 3.9062500000000004E+000 2.4596429208305540E+001 9.7926933839515595E-001
3.7706708379716209E+000 3.9062500000000004E+000 2.4720029355080946E+001 9.7926933839515595E-001
3.7895241921614788E+000 3.9062500000000004E+000 2.4843629501856356E+001 9.7926933839515595E-001
3.7518174837817617E+000 5.4687500000000000E+000 2.4596429208305540E+001 9.7926933839515606E-001
3.7706708379716205E+000 5.4687500000000000E+000 2.4720029355080939E+001 9.7926933839515606E-001
3.7895241921614784E+000 5.4687500000000000E+000 2.4843629501856356E+001 9.7926933839515606E-001
3.7518174837817622E+000 7.0312500000000000E+000 2.4596429208305540E+001 9.7926933839515595E-001
3.7706708379716209E+000 7.0312500000000000E+000 2.4720029355080946E+001 9.7926933839515595E-001
3.7895241921614793E+000 7.0312500000000000E+000 2.4843629501856356E+001 9.7926933839515595E-001
3.7518174837817617E+000 8.5937500000000000E+000 2.4596429208305540E+001 9.7926933839515606E-001
3.7706708379716205E+000 8.5937500000000000E+000 2.4720029355080939E+001 9.7926933839515606E-001
3.7895241921614784E+000 8.5937500000000000E+000 2.4843629501856356E+001 9.7926933839515606E-001
3.7518174837817622E+000 1.0156250000000002E+001 2.4596429208305540E+001 9.7926933839515595E-001
3.7706708379716209E+000 1.0156250000000002E+001 2.4720029355080946E+001 9.7926933839515595E-001
3.7895241921614793E+000 1.0156250000000002E+001 2.4843629501856356E+001 9.7926933839515595E-001
3.7518174837817617E+000 1.1718750000000000E+001 2.4596429208305540E+001 9.7926933839515606E-001
3.7706708379716205E+000 1.1718750000000000E+001 2.4720029355080939E+001 9.7926933839515606E-001
3.7895241921614784E+000 1.1718750000000000E+001 2.4843629501856356E+001 9.7926933839515606E-001
3.7518174837817622E+000 1.3281250000000000E+001 2.4596429208305540E+001 9.7926933839515595E-001
3.7706708379716209E+000 1.3281250000000000E+001 2.4720029355080946E+001 9.7926933839515595E-001
3.7895241921614788E+000 1.3281250000000000E+001 2.4843629501856356E+001 9.7926933839515595E-001
3.7518174837817617E+000 1.4843749999999998E+001 2.4596429208305540E+001 9.7926933839515606E-001
3.7706708379716205E+000 1.4843749999999998E+001 2.4720029355080939E+001 9.7926933839515606E-001
3.7895241921614784E+000 1.4843749999999998E+001 2.4843629501856356E+001 9.7926933839515606E-001
3.7518174837817622E+000 1.6406250000000000E+001 2.4596429208305540E+001 9.7926933839515595E-001
3.7706708379716209E+000 1.6406250000000000E+001 2.4720029355080946E+001 9.7926933839515595E-001
3.7895241921614788E+000 1.6406250000000000E+001 2.4843629501856356E+001 9.7926933839515595E-001
3.7518174837817617E+000 1.7968750000000000E+001 2.4596429208305540E+001 9.7926933839515606E-001
3.7706708379716205E+000 1.7968750000000000E+001 2.4720029355080939E+001 9.7926933839515606E-001
3.7895241921614784E+000 1.7968750000000000E+001 2.4843629501856356E+001 9.7926933839515606E-001
3.7518174837817622E+000 1.9531250000000004E+001 2.4596429208305540E+001 9.7926933839515595E-001
3.7706708379716209E+000 1.9531250000000004E+001 2.4720029355080946E+001 9.7926933839515595E-001
3.7895241921614788E+000 1.9531250000000004E+001 2.4843629501856356E+001 9.7926933839515595E-001
3.7518174837817617E+000 2.1093750000000000E+001 2.4596429208305540E+001 9.7926933839515606E-001
3.7706708379716205E+000 2.1093750000000000E+001 2.4720029355080939E+001 9.7926933839515606E-001
3.7895241921614784E+000 2.1093750000000000E+001 2.4843629501856356E+001 9.7926933839515606E-001
3.7518174837817622E+000 2.2656250000000004E+001 2.4596429208305540E+001 9.7926933839515595E-001
3.7706708379716209E+000 2.2656250000000004E+001 2.4720029355080946E+001 9.7926933839515595E-001
3.7895241921614788E+000 2.2656250000000004E+001 2.4843629501856356E+001 9.7926933839515595E-001
3.7518174837817622E+000 2.4218750000000004E+001 2.4596429208305540E+001 9.7926933839515595E-001
3.7706708379716209E+000 2.4218750000000004E+001 2.4720029355080946E+001 9.7926933839515595E-001
3.7895241921614788E+000 2.4218750000000004E+001 2.4843629501856356E+001 9.7926933839515595E-001
3.7518174837817622E+000 2.5000000000000004E+001 2.4596429208305540E+001 9.7926933839515595E-001
3.7706708379716209E+000 2.5000000000000004E+001 2.4720029355080946E+001 9.7926933839515595E-001
3.7895241921614788E+000 2.5000000000000004E+001 2.4843629501856356E+001 9.7926933839515595E-001
4.8236192558990121E+000 0.0000000000000000E+000 2.4408921409005078E+001 9.7550012719427515E-001
4.8478585486422245E+000 0.0000000000000000E+000 2.4531579305532738E+001 9.7550012719427515E-001
4.8720978413854343E+000 0.0000000000000000E+000 2.4654237202060408E+001 9.7550012719427515E-001
4.8236192558990121E+000 7.8125000000000011E-001 2.4408921409005078E+001 9.7550012719427515E-001
4.8478585486422245E+000 7.8125000000000011E-001 2.4531579305532738E+001 9.7550012719427515E-001
4.8720978413854343E+000 7.8125000000000011E-001 2.4654237202060408E+001 9.7550012719427515E-001
4.8236192558990121E+000 2.3437500000000004E+000 2.4408921409005078E+001 9.7550012719427515E-001
4.8478585486422245E+000 2.3437500000000004E+000 2.4531579305532738E+001 9.7550012719427515E-001
4.8720978413854343E+000 2.3437500000000004E+000 2.4654237202060408E+001 9.7550012719427515E-001
4.8236192558990121E+000 3.9062500000000009E+000 2.4408921409005078E+001 9.7550012719427515E-001
4.8478585486422245E+000 3.9062500000000009E+000 2.4531579305532738E+001 9.7550012719427515E-001
4.8720978413854343E+000 3.9062500000000009E+000 2.4654237202060408E+001 9.7550012719427515E-001
4.8236192558990121E+000 5.4687500000000009E+000 2.4408921409005078E+001 9.7550012719427515E-001
4.8478585486422245E+000 5.4687500000000009E+000 2.4531579305532738E+001 9.7550012719427515E-001
4.8720978413854352E+000 5.4687500000000009E+000 2.4654237202060408E+001 9.7550012719427515E-001
4.8236192558990121E+000 7.0312500000000009E+000 2.4408921409005078E+001 9.7550012719427515E-001
4.8478585486422245E+000 7.0312500000000009E+000 2.4531579305532738E+001 9.7550012719427515E-001
4.8720978413854352E+000 7.0312500000000009E+000 2.4654237202060408E+001 9.7550012719427515E-001
4.8236192558990121E+000 8.5937500000000018E+000 2.4408921409005078E+001 9.7550012719427515E-001
4.8478585486422245E+000 8.5937500000000018E+000 2.4531579305532738E+001 9.7550012719427515E-001
4.8720978413854352E+000 8.5937500000000018E+000 2.4654237202060408E+001 9.7550012719427515E-001
4.8236192558990121E+000 1.0156250000000004E+001 2.4408921409005078E+001 9.7550012719427515E-001
4.8478585486422245E+000 1.0156250000000004E+001 2.4531579305532738E+001 9.7550012719427515E-001
4.8720978413854352E+000 1.0156250000000004E+001 2.4654237202060408E+001 9.7550012719427515E-001
4.8236192558990121E+000 1.1718750000000002E+001 2.4408921409005078E+001 9.7550012719427515E-001
4.8478585486422245E+000 1.1718750000000002E+001 2.4531579305532738E+001 9.7550012719427515E-001
4.8720978413854352E+000 1.1718750000000002E+001 2.4654237202060408E+001 9.7550012719427515E-001
4.8236192558990121E+000 1.3281250000000002E+001 2.4408921409005078E+001 9.7550012719427515E-001
4.8478585486422245E+000 1.3281250000000002E+001 2.4531579305532738E+001 9.7550012719427515E-001
4.8720978413854343E+000 1.3281250000000002E+001 2.4654237202060408E+001 9.7550012719427515E-001
4.8236192558990121E+000 1.4843750000000002E+001 2.4408921409005078E+001 9.7550012719427515E-001
4.8478585486422245E+000 1.4843750000000002E+001 2.4531579305532738E+001 9.7550012719427515E-001
4.8720978413854343E+000 1.4843750000000002E+001 2.4654237202060408E+001 9.7550012719427515E-001
4.8236192558990121E+000 1.6406250000000000E+001 2.4408921409005078E+001 9.7550012719427515E-001
4.8478585486422245E+000 1.6406250000000000E+001 2.4531579305532738E+001 9.7550012719427515E-001
4.8720978413854343E+000 1.6406250000000000E+001 2.4654237202060408E+001 9.7550012719427515E-001
4.8236192558990121E+000 1.7968750000000004E+001 2.4408921409005078E+001 9.7550012719427515E-001
4.8478585486422245E+000 1.7968750000000004E+001 2.4531579305532738E+001 9.7550012719427515E-001
4.8720978413854343E+000 1.7968750000000004E+001 2.4654237202060408E+001 9.7550012719427515E-001
4.8236192558990121E+000 1.9531250000000004E+001 2.4408921409005078E+001 9.7550012719427515E-001
4.8478585486422245E+000 1.9531250000000004E+001 2.4531579305532738E+001 9.7550012719427515E-001
4.8720978413854343E+000 1.9531250000000004E+001 2.4654237202060408E+001 9.7550012719427515E-001
4.8236192558990121E+000 2.1093750000000004E+001 2.4408921409005078E+001 9.7550012719427515E-001
4.8478585486422245E+000 2.1093750000000004E+001 2.4531579305532738E+001 9.7550012719427515E-001
4.8720978413854343E+000 2.1093750000000004E+001 2.4654237202060408E+001 9.7550012719427515E-001
4.8236192558990121E+000 2.2656250000000004E+001 2.4408921409005078E+001 9.7550012719427515E-001
4.8478585486422245E+000 2.2656250000000004E+001 2.4531579305532738E+001 9.7550012719427515E-001
4.8720978413854343E+000 2.2656250000000004E+001 2.4654237202060408E+001 9.7550012719427515E-001
4.8236192558990121E+000 2.4218750000000000E+001 2.4408921409005078E+001 9.7550012719427515E-001
4.8478585486422245E+000 2.4218750000000000E+001 2.4531579305532738E+001 9.7550012719427515E-001
4.8720978413854343E+000 2.4218750000000000E+001 2.4654237202060408E+001 9.7550012719427515E-001
4.8236192558990121E+000 2.5000000000000004E+001 2.4408921409005078E+001 9.7550012719427515E-001
4.8478585486422245E+000 2.5000000000000004E+001 2.4531579305532738E+001 9.7550012719427515E-001
4.8720978413854343E+000 2.5000000000000004E+001 2.4654237202060408E+001 9.7550012719427515E-001
5.8897742652595468E+000 0.0000000000000000E+000 2.4173850246907211E+001 9.7267321879361446E-001
5.9193711208638664E+000 0.0000000000000000E+000 2.4295326881313777E+001 9.7267321879361446E-001
5.9489679764681842E+000 0.0000000000000000E+000 2.4416803515720350E+001 9.7267321879361446E-001
5.8897742652595468E+000 7.8125000000000000E-001 2.4173850246907211E+001 9.7267321879361446E-001
5.9193711208638664E+000 7.8125000000000000E-001 2.4295326881313777E+001 9.7267321879361446E-001
5.9489679764681842E+000 7.8125000000000000E-001 2.4416803515720350E+001 9.7267321879361446E-001
5.8897742652595468E+000 2.3437500000000009E+000 2.4173850246907211E+001 9.7267321879361446E-001
5.9193711208638664E+000 2.3437500000000009E+000 2.4295326881313777E+001 9.7267321879361446E-001
5.9489679764681842E+000 2.3437500000000009E+000 2.4416803515720350E+001 9.7267321879361446E-001
5.8897742652595468E+000 3.9062500000000013E+000 2.4173850246907211E+001 9.7267321879361446E-001
5.9193711208638664E+000 3.9062500000000013E+000 2.4295326881313777E+001 9.7267321879361446E-001
5.9489679764681842E+000 3.9062500000000013E+000 2.4416803515720350E+001 9.7267321879361446E-001
5.8897742652595468E+000 5.4687500000000018E+000 2.4173850246907211E+001 9.7267321879361446E-001
5.9193711208638664E+000 5.4687500000000018E+000 2.4295326881313777E+001 9.7267321879361446E-001
5.9489679764681851E+000 5.4687500000000018E+000 2.4416803515720350E+001 9.7267321879361446E-001
5.8897742652595468E+000 7.0312500000000009E+000 2.4173850246907211E+001 9.7267321879361446E-001
5.9193711208638664E+000 7.0312500000000009E+000 2.4295326881313777E+001 9.7267321879361446E-001
5.9489679764681860E+000 7.0312500000000009E+000 2.4416803515720350E+001 9.7267321879361446E-001
5.8897742652595468E+000 8.5937500000000018E+000 2.4173850246907211E+001 9.7267321879361446E-001
5.9193711208638664E+000 8.5937500000000018E+000 2.4295326881313777E+001 9.7267321879361446E-001
5.9489679764681860E+000 8.5937500000000018E+000 2.4416803515720350E+001 9.7267321879361446E-001
5.8897742652595468E+000 1.0156250000000004E+001 2.4173850246907211E+001 9.7267321879361446E-001
5.9193711208638664E+000 1.0156250000000004E+001 2.4295326881313777E+001 9.7267321879361446E-001
5.9489679764681860E+000 1.0156250000000004E+001 2.4416803515720350E+001 9.7267321879361446E-001
5.8897742652595468E+000 1.1718750000000002E+001 2.4173850246907211E+001 9.7267321879361446E-001
5.9193711208638664E+000 1.1718750000000002E+001 2.4295326881313777E+001 9.7267321879361446E-001
5.9489679764681860E+000 1.1718750000000002E+001 2.4416803515720350E+001 9.7267321879361446E-001
5.8897742652595468E+000 1.3281250000000004E+001 2.4173850246907211E+001 9.7267321879361446E-001
5.9193711208638664E+000 1.3281250000000004E+001 2.4295326881313777E+001 9.7267321879361446E-001
5.9489679764681851E+000 1.3281250000000004E+001 2.4416803515720350E+001 9.7267321879361446E-001
5.8897742652595468E+000 1.4843750000000004E+001 2.4173850246907211E+001 9.7267321879361446E-001
5.9193711208638664E+000 1.4843750000000004E+001 2.4295326881313777E+001 9.7267321879361446E-001
5.9489679764681842E+000 1.4843750000000004E+001 2.4416803515720350E+001 9.7267321879361446E-001
5.8897742652595468E+000 1.6406250000000004E+001 2.4173850246907211E+001 9.7267321879361446E-001
5.9193711208638664E+000 1.6406250000000004E+001 2.4295326881313777E+001 9.7267321879361446E-001
5.9489679764681842E+000 1.6406250000000004E+001 2.4416803515720350E+001 9.7267321879361446E-001
5.8897742652595468E+000 1.7968750000000004E+001 2.4173850246907211E+001 9.7267321879361446E-001
5.9193711208638664E+000 1.7968750000000004E+001 2.4295326881313777E+001 9.7267321879361446E-001
5.9489679764681842E+000 1.7968750000000004E+001 2.4416803515720350E+001 9.7267321879361446E-001
5.8897742652595468E+000 1.9531250000000007E+001 2.4173850246907211E+001 9.7267321879361446E-001
5.9193711208638664E+000 1.9531250000000007E+001 2.4295326881313777E+001 9.7267321879361446E-001
5.9489679764681842E+000 1.9531250000000007E+001 2.4416803515720350E+001 9.7267321879361446E-001
5.8897742652595468E+000 2.1093750000000011E+001 2.4173850246907211E+001 9.7267321879361446E-001
5.9193711208638664E+000 2.1093750000000011E+001 2.4295326881313777E+001 9.7267321879361446E-001
5.9489679764681842E+000 2.1093750000000011E+001 2.4416803515720350E+001 9.7267321879361446E-001
5.8897742652595468E+000 2.2656250000000004E+001 2.4173850246907211E+001 9.7267321879361446E-001
5.9193711208638664E+000 2.2656250000000004E+001 2.4295326881313777E+001 9.7267321879361446E-001
5.9489679764681842E+000 2.2656250000000004E+001 2.4416803515720350E+001 9.7267321879361446E-001
5.8897742652595468E+000 2.4218750000000004E+001 2.4173850246907211E+001 9.7267321879361446E-001
5.9193711208638664E+000 2.4218750000000004E+001 2.4295326881313777E+001 9.7267321879361446E-001
5.9489679764681842E+000 2.4218750000000004E+001 2.4416803515720350E+001 9.7267321879361446E-001
5.8897742652595468E+000 2.5000000000000000E+001 2.4173850246907211E+001 9.7267321879361446E-001
5.9193711208638664E+000 2.5000000000000000E+001 2.4295326881313777E+001 9.7267321879361446E-001
5.9489679764681842E+000 2.5000000000000000E+001 2.4416803515720350E+001 9.7267321879361446E-001
6.9471285696415679E+000 0.0000000000000000E+000 2.3891484733030165E+001 9.7078861319317422E-001
6.9820387634588617E+000 0.0000000000000000E+000 2.4011542445256442E+001 9.7078861319317422E-001
7.0169489572761563E+000 0.0000000000000000E+000 2.4131600157482730E+001 9.7078861319317422E-001
6.9471285696415679E+000 7.8124999999999989E-001 2.3891484733030165E+001 9.7078861319317422E-001
6.9820387634588617E+000 7.8124999999999989E-001 2.4011542445256442E+001 9.7078861319317422E-001
7.0169489572761563E+000 7.8124999999999989E-001 2.4131600157482730E+001 9.7078861319317422E-001
6.9471285696415679E+000 2.3437500000000000E+000 2.3891484733030165E+001 9.7078861319317422E-001
6.9820387634588617E+000 2.3437500000000000E+000 2.4011542445256442E+001 9.7078861319317422E-001
7.0169489572761563E+000 2.3437500000000000E+000 2.4131600157482730E+001 9.7078861319317422E-001
6.9471285696415679E+000 3.9062500000000004E+000 2.3891484733030165E+001 9.7078861319317422E-001
6.9820387634588608E+000 3.9062500000000004E+000 2.4011542445256442E+001 9.7078861319317422E-001
7.0169489572761563E+000 3.9062500000000004E+000 2.4131600157482730E+001 9.7078861319317422E-001
6.9471285696415679E+000 5.4687500000000000E+000 2.3891484733030165E+001 9.7078861319317422E-001
6.9820387634588617E+000 5.4687500000000000E+000 2.4011542445256442E+001 9.7078861319317422E-001
7.0169489572761563E+000 5.4687500000000000E+000 2.4131600157482730E+001 9.7078861319317422E-001
6.9471285696415679E+000 7.0312500000000000E+000 2.3891484733030165E+001 9.7078861319317422E-001
6.9820387634588617E+000 7.0312500000000000E+000 2.4011542445256442E+001 9.7078861319317422E-001
7.0169489572761563E+000 7.0312500000000000E+000 2.4131600157482730E+001 9.7078861319317422E-001
6.9471285696415679E+000 8.5937500000000000E+000 2.3891484733030165E+001 9.7078861319317422E-001
6.9820387634588617E+000 8.5937500000000000E+000 2.4011542445256442E+001 9.7078861319317422E-001
7.0169489572761563E+000 8.5937500000000000E+000 2.4131600157482730E+001 9.7078861319317422E-001
6.9471285696415679E+000 1.0156250000000000E+001 2.3891484733030165E+001 9.7078861319317422E-001
6.9820387634588608E+000 1.0156250000000000E+001 2.4011542445256442E+001 9.7078861319317422E-001
7.0169489572761563E+000 1.0156250000000000E+001 2.4131600157482730E+001 9.7078861319317422E-001
6.9471285696415679E+000 1.1718750000000000E+001 2.3891484733030165E+001 9.7078861319317422E-001
6.9820387634588617E+000 1.1718750000000000E+001 2.4011542445256442E+001 9.7078861319317422E-001
7.0169489572761563E+000 1.1718750000000000E+001 2.4131600157482730E+001 9.7078861319317422E-001
6.9471285696415679E+000 1.3281250000000002E+001 2.3891484733030165E+001 9.7078861319317422E-001
6.9820387634588617E+000 1.3281250000000002E+001 2.4011542445256442E+001 9.7078861319317422E-001
7.0169489572761563E+000 1.3281250000000002E+001 2.4131600157482730E+001 9.7078861319317422E-001
6.9471285696415679E+000 1.4843750000000002E+001 2.3891484733030165E+001 9.7078861319317422E-001
6.9820387634588617E+000 1.4843750000000002E+001 2.4011542445256442E+001 9.7078861319317422E-001
7.0169489572761563E+000 1.4843750000000002E+001 2.4131600157482730E+001 9.7078861319317422E-001
6.9471285696415679E+000 1.6406250000000004E+001 2.3891484733030165E+001 9.7078861319317422E-001
6.9820387634588608E+000 1.6406250000000004E+001 2.4011542445256442E+001 9.7078861319317422E-001
7.0169489572761563E+000 1.6406250000000004E+001 2.4131600157482730E+001 9.7078861319317422E-001
6.9471285696415679E+000 1.7968750000000004E+001 2.3891484733030165E+001 9.7078861319317422E-001
6.9820387634588617E+000 1.7968750000000004E+001 2.4011542445256442E+001 9.7078861319317422E-001
7.0169489572761563E+000 1.7968750000000004E+001 2.4131600157482730E+001 9.7078861319317422E-001
6.9471285696415679E+000 1.9531250000000004E+001 2.3891484733030165E+001 9.7078861319317422E-001
6.9820387634588617E+000 1.9531250000000004E+001 2.4011542445256442E+001 9.7078861319317422E-001
7.0169489572761563E+000 1.9531250000000004E+001 2.4131600157482730E+001 9.7078861319317422E-001
6.9471285696415679E+000 2.1093750000000004E+001 2.3891484733030165E+001 9.7078861319317422E-001
6.9820387634588617E+000 2.1093750000000004E+001 2.4011542445256442E+001 9.7078861319317422E-001
7.0169489572761563E+000 2.1093750000000004E+001 2.4131600157482730E+001 9.7078861319317422E-001
6.9471285696415679E+000 2.2656250000000004E+001 2.3891484733030165E+001 9.7078861319317422E-001
6.9820387634588617E+000 2.2656250000000004E+001 2.4011542445256442E+001 9.7078861319317422E-001
7.0169489572761563E+000 2.2656250000000004E+001 2.4131600157482730E+001 9.7078861319317422E-001
6.9471285696415679E+000 2.4218750000000000E+001 2.3891484733030165E+001 9.7078861319317422E-001
6.9820387634588617E+000 2.4218750000000000E+001 2.4011542445256442E+001 9.7078861319317422E-001
7.0169489572761563E+000 2.4218750000000000E+001 2.4131600157482730E+001 9.7078861319317422E-001
6.9471285696415679E+000 2.4999999999999996E+001 2.3891484733030165E+001 9.7078861319317422E-001
6.9820387634588617E+000 2.4999999999999996E+001 2.4011542445256442E+001 9.7078861319317422E-001
7.0169489572761563E+000 2.4999999999999996E+001 2.4131600157482730E+001 9.7078861319317422E-001
7.9925488877131396E+000 0.0000000000000000E+000 2.3562372199293293E+001 9.6984631039295399E-001
8.0327124499629559E+000 0.0000000000000000E+000 2.3680776079691753E+001 9.6984631039295399E-001
8.0728760122127703E+000 0.0000000000000000E+000 2.3799179960090214E+001 9.6984631039295399E-001
7.9925488877131396E+000 7.8125000000000011E-001 2.3562372199293293E+001 9.6984631039295399E-001
8.0327124499629559E+000 7.8125000000000011E-001 2.3680776079691753E+001 9.6984631039295399E-001
8.0728760122127703E+000 7.8125000000000011E-001 2.3799179960090214E+001 9.6984631039295399E-001
7.9925488877131396E+000 2.3437500000000004E+000 2.3562372199293293E+001 9.6984631039295399E-001
8.0327124499629559E+000 2.3437500000000004E+000 2.3680776079691753E+001 9.6984631039295399E-001
8.0728760122127685E+000 2.3437500000000004E+000 2.3799179960090214E+001 9.6984631039295399E-001
7.9925488877131396E+000 3.9062500000000004E+000 2.3562372199293293E+001 9.6984631039295399E-001
8.0327124499629559E+000 3.9062500000000004E+000 2.3680776079691753E+001 9.6984631039295399E-001
8.0728760122127703E+000 3.9062500000000004E+000 2.3799179960090214E+001 9.6984631039295399E-001
7.9925488877131396E+000 5.4687500000000000E+000 2.3562372199293293E+001 9.6984631039295399E-001
8.0327124499629559E+000 5.4687500000000000E+000 2.3680776079691753E+001 9.6984631039295399E-001
8.0728760122127685E+000 5.4687500000000000E+000 2.3799179960090214E+001 9.6984631039295399E-001
7.9925488877131396E+000 7.0312500000000009E+000 2.3562372199293293E+001 9.6984631039295399E-001
8.0327124499629559E+000 7.0312500000000009E+000 2.3680776079691753E+001 9.6984631039295399E-001
8.0728760122127703E+000 7.0312500000000009E+000 2.3799179960090214E+001 9.6984631039295399E-001
7.9925488877131396E+000 8.5937500000000018E+000 2.3562372199293293E+001 9.6984631039295399E-001
8.0327124499629559E+000 8.5937500000000018E+000 2.3680776079691753E+001 9.6984631039295399E-001
8.0728760122127685E+000 8.5937500000000018E+000 2.3799179960090214E+001 9.6984631039295399E-001
7.9925488877131396E+000 1.0156250000000000E+001 2.3562372199293293E+001 9.6984631039295399E-001
8.0327124499629559E+000 1.0156250000000000E+001 2.3680776079691753E+001 9.6984631039295399E-001
8.0728760122127703E+000 1.0156250000000000E+001 2.3799179960090214E+001 9.6984631039295399E-001
7.9925488877131396E+000 1.1718750000000000E+001 2.3562372199293293E+001 9.6984631039295399E-001
8.0327124499629559E+000 1.1718750000000000E+001 2.3680776079691753E+001 9.6984631039295399E-001
8.0728760122127685E+000 1.1718750000000000E+001 2.3799179960090214E+001 9.6984631039295399E-001
7.9925488877131396E+000 1.3281250000000002E+001 2.3562372199293293E+001 9.6984631039295399E-001
8.0327124499629559E+000 1.3281250000000002E+001 2.3680776079691753E+001 9.6984631039295399E-001
8.0728760122127703E+000 1.3281250000000002E+001 2.3799179960090214E+001 9.6984631039295399E-001
7.9925488877131396E+000 1.4843750000000002E+001 2.3562372199293293E+001 9.6984631039295399E-001
8.0327124499629559E+000 1.4843750000000002E+001 2.3680776079691753E+001 9.6984631039295399E-001
8.0728760122127685E+000 1.4843750000000002E+001 2.3799179960090214E+001 9.6984631039295399E-001
7.9925488877131396E+000 1.6406250000000004E+001 2.3562372199293293E+001 9.6984631039295399E-001
8.0327124499629559E+000 1.6406250000000004E+001 2.3680776079691753E+001 9.6984631039295399E-001
8.0728760122127703E+000 1.6406250000000004E+001 2.3799179960090214E+001 9.6984631039295399E-001
7.9925488877131396E+000 1.7968750000000004E+001 2.3562372199293293E+001 9.6984631039295399E-001
8.0327124499629559E+000 1.7968750000000004E+001 2.3680776079691753E+001 9.6984631039295399E-001
8.0728760122127685E+000 1.7968750000000004E+001 2.3799179960090214E+001 9.6984631039295399E-001
7.9925488877131396E+000 1.9531250000000000E+001 2.3562372199293293E+001 9.6984631039295399E-001
8.0327124499629559E+000 1.9531250000000000E+001 2.3680776079691753E+001 9.6984631039295399E-001
8.0728760122127703E+000 1.9531250000000000E+001 2.3799179960090214E+001 9.6984631039295399E-001
7.9925488877131396E+000 2.1093750000000000E+001 2.3562372199293293E+001 9.6984631039295399E-001
8.0327124499629559E+000 2.1093750000000000E+001 2.3680776079691753E+001 9.6984631039295399E-001
8.0728760122127685E+000 2.1093750000000000E+001 2.3799179960090214E+001 9.6984631039295399E-001
7.9925488877131396E+000 2.2656250000000000E+001 2.3562372199293293E+001 9.6984631039295399E-001
8.0327124499629559E+000 2.2656250000000000E+001 2.3680776079691753E+001 9.6984631039295399E-001
8.0728760122127703E+000 2.2656250000000000E+001 2.3799179960090214E+001 9.6984631039295399E-001
7.9925488877131396E+000 2.4218750000000004E+001 2.3562372199293293E+001 9.6984631039295399E-001
8.0327124499629559E+000 2.4218750000000004E+001 2.3680776079691753E+001 9.6984631039295399E-001
8.0728760122127703E+000 2.4218750000000004E+001 2.3799179960090214E+001 9.6984631039295399E-001
7.9925488877131396E+000 2.5000000000000004E+001 2.3562372199293293E+001 9.6984631039295399E-001
8.0327124499629559E+000 2.5000000000000004E+001 2.3680776079691753E+001 9.6984631039295399E-001
8.0728760122127703E+000 2.5000000000000004E+001 2.3799179960090214E+001 9.6984631039295399E-001
9.0229532427388754E+000 0.0000000000000000E+000 2.3187335684805660E+001 9.6984631039295399E-001
9.0682947163204801E+000 0.0000000000000000E+000 2.3303854959603679E+001 9.6984631039295399E-001
9.1136361899020812E+000 0.0000000000000000E+000 2.3420374234401702E+001 9.6984631039295399E-001
9.0229532427388754E+000 7.8125000000000011E-001 2.3187335684805660E+001 9.6984631039295399E-001
9.0682947163204801E+000 7.8125000000000011E-001 2.3303854959603679E+001 9.6984631039295399E-001
9.1136361899020812E+000 7.8125000000000011E-001 2.3420374234401702E+001 9.6984631039295399E-001
9.0229532427388754E+000 2.3437500000000004E+000 2.3187335684805660E+001 9.6984631039295399E-001
9.0682947163204801E+000 2.3437500000000004E+000 2.3303854959603679E+001 9.6984631039295399E-001
9.1136361899020812E+000 2.3437500000000004E+000 2.3420374234401702E+001 9.6984631039295399E-001
9.0229532427388754E+000 3.9062500000000004E+000 2.3187335684805660E+001 9.6984631039295399E-001
9.0682947163204801E+000 3.9062500000000004E+000 2.3303854959603679E+001 9.6984631039295399E-001
9.1136361899020812E+000 3.9062500000000004E+000 2.3420374234401702E+001 9.6984631039295399E-001
9.0229532427388754E+000 5.4687500000000000E+000 2.3187335684805660E+001 9.6984631039295399E-001
9.0682947163204801E+000 5.4687500000000000E+000 2.3303854959603679E+001 9.6984631039295399E-001
9.1136361899020812E+000 5.4687500000000000E+000 2.3420374234401702E+001 9.6984631039295399E-001
9.0229532427388754E+000 7.0312500000000009E+000 2.3187335684805660E+001 9.6984631039295399E-001
9.0682947163204801E+000 7.0312500000000009E+000 2.3303854959603679E+001 9.6984631039295399E-001
9.1136361899020812E+000 7.0312500000000009E+000 2.3420374234401702E+001 9.6984631039295399E-001
9.0229532427388754E+000 8.5937500000000018E+000 2.3187335684805660E+001 9.6984631039295399E-001
9.0682947163204801E+000 8.5937500000000018E+000 2.3303854959603679E+001 9.6984631039295399E-001
9.1136361899020812E+000 8.5937500000000018E+000 2.3420374234401702E+001 9.6984631039295399E-001
9.0229532427388754E+000 1.0156250000000000E+001 2.3187335684805660E+001 9.6984631039295399E-001
9.0682947163204801E+000 1.0156250000000000E+001 2.3303854959603679E+001 9.6984631039295399E-001
9.1136361899020812E+000 1.0156250000000000E+001 2.3420374234401702E+001 9.6984631039295399E-001
9.0229532427388754E+000 1.1718750000000000E+001 2.3187335684805660E+001 9.6984631039295399E-001
9.0682947163204801E+000 1.1718750000000000E+001 2.3303854959603679E+001 9.6984631039295399E-001
9.1136361899020812E+000 1.1718750000000000E+001 2.3420374234401702E+001 9.6984631039295399E-001
9.0229532427388754E+000 1.3281250000000002E+001 2.3187335684805660E+001 9.6984631039295399E-001
9.0682947163204801E+000 1.3281250000000002E+001 2.3303854959603679E+001 9.6984631039295399E-001
9.1136361899020812E+000 1.3281250000000002E+001 2.3420374234401702E+001 9.6984631039295399E-001
9.0229532427388754E+000 1.4843750000000002E+001 2.3187335684805660E+001 9.6984631039295399E-001
9.0682947163204801E+000 1.4843750000000002E+001 2.3303854959603679E+001 9.6984631039295399E-001
9.1136361899020812E+000 1.4843750000000002E+001 2.3420374234401702E+001 9.6984631039295399E-001
9.0229532427388754E+000 1.6406250000000004E+001 2.3187335684805660E+001 9.6984631039295399E-001
9.0682947163204801E+000 1.6406250000000004E+001 2.3303854959603679E+001 9.6984631039295399E-001
9.1136361899020812E+000 1.6406250000000004E+001 2.3420374234401702E+001 9.6984631039295399E-001
9.0229532427388754E+000 1.7968750000000004E+001 2.3187335684805660E+001 9.6984631039295399E-001
9.0682947163204801E+000 1.7968750000000004E+001 2.3303854959603679E+001 9.6984631039295399E-001
9.1136361899020812E+000 1.7968750000000004E+001 2.3420374234401702E+001 9.6984631039295399E-001
9.0229532427388754E+000 1.9531250000000000E+001 2.3187335684805660E+001 9.6984631039295399E-001
9.0682947163204801E+000 1.9531250000000000E+001 2.3303854959603679E+001 9.6984631039295399E-001
9.1136361899020812E+000 1.9531250000000000E+001 2.3420374234401702E+001 9.6984631039295399E-001
9.0229532427388754E+000 2.1093750000000000E+001 2.3187335684805660E+001 9.6984631039295399E-001
9.0682947163204801E+000 2.1093750000000000E+001 2.3303854959603679E+001 9.6984631039295399E-001
9.1136361899020812E+000 2.1093750000000000E+001 2.3420374234401702E+001 9.6984631039295399E-001
9.0229532427388754E+000 2.2656250000000000E+001 2.3187335684805660E+001 9.6984631039295399E-001
9.0682947163204801E+000 2.2656250000000000E+001 2.3303854959603679E+001 9.6984631039295399E-001
9.1136361899020812E+000 2.2656250000000000E+001 2.3420374234401702E+001 9.6984631039295399E-001
9.0229532427388754E+000 2.4218750000000004E+001 2.3187335684805660E+001 9.6984631039295399E-001
9.0682947163204801E+000 2.4218750000000004E+001 2.3303854959603679E+001 9.6984631039295399E-001
9.1136361899020812E+000 2.4218750000000004E+001 2.3420374234401702E+001 9.6984631039295399E-001
9.0229532427388754E+000 2.5000000000000004E+001 2.3187335684805660E+001 9.6984631039295399E-001
9.0682947163204801E+000 2.5000000000000004E+001 2.3303854959603679E+001 9.6984631039295399E-001
9.1136361899020812E+000 2.5000000000000004E+001 2.3420374234401702E+001 9.6984631039295399E-001
1.0035341126999882E+001 0.0000000000000000E+000 2.2767467285064630E+001 9.7078861319317422E-001
1.0085769976884304E+001 0.0000000000000000E+000 2.2881876668406662E+001 9.7078861319317422E-001
1.0136198826768727E+001 0.0000000000000000E+000 2.2996286051748701E+001 9.7078861319317422E-001
1.0035341126999882E+001 7.8125000000000011E-001 2.2767467285064630E+001 9.7078861319317422E-001
1.0085769976884304E+001 7.8125000000000011E-001 2.2881876668406662E+001 9.7078861319317422E-001
1.0136198826768727E+001 7.8125000000000011E-001 2.2996286051748701E+001 9.7078861319317422E-001
1.0035341126999882E+001 2.3437500000000004E+000 2.2767467285064630E+001 9.7078861319317422E-001
1.0085769976884304E+001 2.3437500000000004E+000 2.2881876668406662E+001 9.7078861319317422E-001
1.0136198826768727E+001 2.3437500000000004E+000 2.2996286051748701E+001 9.7078861319317422E-001
1.0035341126999882E+001 3.9062500000000004E+000 2.2767467285064630E+001 9.7078861319317422E-001
1.0085769976884304E+001 3.9062500000000004E+000 2.2881876668406662E+001 9.7078861319317422E-001
1.0136198826768727E+001 3.9062500000000004E+000 2.2996286051748701E+001 9.7078861319317422E-001
1.0035341126999882E+001 5.4687500000000000E+000 2.2767467285064630E+001 9.7078861319317422E-001
1.0085769976884304E+001 5.4687500000000000E+000 2.2881876668406662E+001 9.7078861319317422E-001
1.0136198826768727E+001 5.4687500000000000E+000 2.2996286051748701E+001 9.7078861319317422E-001
1.0035341126999882E+001 7.0312500000000000E+000 2.2767467285064630E+001 9.7078861319317422E-001
1.0085769976884304E+001 7.0312500000000000E+000 2.2881876668406662E+001 9.7078861319317422E-001
1.0136198826768727E+001 7.0312500000000000E+000 2.2996286051748701E+001 9.7078861319317422E-001
1.0035341126999882E+001 8.5937500000000000E+000 2.2767467285064630E+001 9.7078861319317422E-001
1.0085769976884304E+001 8.5937500000000000E+000 2.2881876668406662E+001 9.7078861319317422E-001
1.0136198826768727E+001 8.5937500000000000E+000 2.2996286051748701E+001 9.7078861319317422E-001
1.0035341126999882E+001 1.0156250000000000E+001 2.2767467285064630E+001 9.7078861319317422E-001
1.0085769976884304E+001 1.0156250000000000E+001 2.2881876668406662E+001 9.7078861319317422E-001
1.0136198826768727E+001 1.0156250000000000E+001 2.2996286051748701E+001 9.7078861319317422E-001
1.0035341126999882E+001 1.1718750000000000E+001 2.2767467285064630E+001 9.7078861319317422E-001
1.0085769976884304E+001 1.1718750000000000E+001 2.2881876668406662E+001 9.7078861319317422E-001
1.0136198826768727E+001 1.1718750000000000E+001 2.2996286051748701E+001 9.7078861319317422E-001
1.0035341126999882E+001 1.3281250000000000E+001 2.2767467285064630E+001 9.7078861319317422E-001
1.0085769976884304E+001 1.3281250000000000E+001 2.2881876668406662E+001 9.7078861319317422E-001
1.0136198826768727E+001 1.3281250000000000E+001 2.2996286051748701E+001 9.7078861319317422E-001
1.0035341126999882E+001 1.4843750000000000E+001 2.2767467285064630E+001 9.7078861319317422E-001
1.0085769976884304E+001 1.4843750000000000E+001 2.2881876668406662E+001 9.7078861319317422E-001
1.0136198826768727E+001 1.4843750000000000E+001 2.2996286051748701E+001 9.7078861319317422E-001
1.0035341126999882E+001 1.6406250000000004E+001 2.2767467285064630E+001 9.7078861319317422E-001
1.0085769976884304E+001 1.6406250000000004E+001 2.2881876668406662E+001 9.7078861319317422E-001
1.0136198826768727E+001 1.6406250000000004E+001 2.2996286051748701E+001 9.7078861319317422E-001
1.0035341126999882E+001 1.7968750000000004E+001 2.2767467285064630E+001 9.7078861319317422E-001
1.0085769976884304E+001 1.7968750000000004E+001 2.2881876668406662E+001 9.7078861319317422E-001
1.0136198826768727E+001 1.7968750000000004E+001 2.2996286051748701E+001 9.7078861319317422E-001
1.0035341126999882E+001 1.9531250000000004E+001 2.2767467285064630E+001 9.7078861319317422E-001
1.0085769976884304E+001 1.9531250000000004E+001 2.2881876668406662E+001 9.7078861319317422E-001
1.0136198826768727E+001 1.9531250000000004E+001 2.2996286051748701E+001 9.7078861319317422E-001
1.0035341126999882E+001 2.1093750000000004E+001 2.2767467285064630E+001 9.7078861319317422E-001
1.0085769976884304E+001 2.1093750000000004E+001 2.2881876668406662E+001 9.7078861319317422E-001
1.0136198826768727E+001 2.1093750000000004E+001 2.2996286051748701E+001 9.7078861319317422E-001
1.0035341126999882E+001 2.2656250000000004E+001 2.2767467285064630E+001 9.7078861319317422E-001
1.0085769976884304E+001 2.2656250000000004E+001 2.2881876668406662E+001 9.7078861319317422E-001
1.0136198826768727E+001 2.2656250000000004E+001 2.2996286051748701E+001 9.7078861319317422E-001
1.0035341126999882E+001 2.4218750000000004E+001 2.2767467285064630E+001 9.7078861319317422E-001
1.0085769976884304E+001 2.4218750000000004E+001 2.2881876668406662E+001 9.7078861319317422E-001
1.0136198826768727E+001 2.4218750000000004E+001 2.2996286051748701E+001 9.7078861319317422E-001
1.0035341126999882E+001 2.5000000000000004E+001 2.2767467285064630E+001 9.7078861319317422E-001
1.0085769976884304E+001 2.5000000000000004E+001 2.2881876668406662E+001 9.7078861319317422E-001
1.0136198826768727E+001 2.5000000000000004E+001 2.2996286051748701E+001 9.7078861319317422E-001
1.1026822570002599E+001 0.0000000000000000E+000 2.2304117571993082E+001 9.7267321879361457E-001
1.1082233738696079E+001 0.0000000000000000E+000 2.2416198564817169E+001 9.7267321879361457E-001
1.1137644907389559E+001 0.0000000000000000E+000 2.2528279557641255E+001 9.7267321879361457E-001
1.1026822570002599E+001 7.8125000000000011E-001 2.2304117571993082E+001 9.7267321879361457E-001
1.1082233738696079E+001 7.8125000000000011E-001 2.2416198564817169E+001 9.7267321879361457E-001
1.1137644907389559E+001 7.8125000000000011E-001 2.2528279557641255E+001 9.7267321879361457E-001
1.1026822570002599E+001 2.3437500000000000E+000 2.2304117571993078E+001 9.7267321879361468E-001
1.1082233738696079E+001 2.3437500000000000E+000 2.2416198564817165E+001 9.7267321879361468E-001
1.1137644907389557E+001 2.3437500000000000E+000 2.2528279557641252E+001 9.7267321879361468E-001
1.1026822570002599E+001 3.9062500000000009E+000 2.2304117571993082E+001 9.7267321879361457E-001
1.1082233738696079E+001 3.9062500000000009E+000 2.2416198564817169E+001 9.7267321879361457E-001
1.1137644907389559E+001 3.9062500000000009E+000 2.2528279557641255E+001 9.7267321879361457E-001
1.1026822570002599E+001 5.4687500000000000E+000 2.2304117571993078E+001 9.7267321879361468E-001
1.1082233738696079E+001 5.4687500000000000E+000 2.2416198564817165E+001 9.7267321879361468E-001
1.1137644907389557E+001 5.4687500000000000E+000 2.2528279557641252E+001 9.7267321879361468E-001
1.1026822570002599E+001 7.0312500000000000E+000 2.2304117571993082E+001 9.7267321879361457E-001
1.1082233738696079E+001 7.0312500000000000E+000 2.2416198564817169E+001 9.7267321879361457E-001
1.1137644907389559E+001 7.0312500000000000E+000 2.2528279557641255E+001 9.7267321879361457E-001
1.1026822570002599E+001 8.5937500000000018E+000 2.2304117571993078E+001 9.7267321879361468E-001
1.1082233738696079E+001 8.5937500000000018E+000 2.2416198564817165E+001 9.7267321879361468E-001
1.1137644907389557E+001 8.5937500000000018E+000 2.2528279557641252E+001 9.7267321879361468E-001
1.1026822570002599E+001 1.0156250000000004E+001 2.2304117571993082E+001 9.7267321879361457E-001
1.1082233738696079E+001 1.0156250000000004E+001 2.2416198564817169E+001 9.7267321879361457E-001
1.1137644907389559E+001 1.0156250000000004E+001 2.2528279557641255E+001 9.7267321879361457E-001
1.1026822570002599E+001 1.1718750000000000E+001 2.2304117571993078E+001 9.7267321879361468E-001
1.1082233738696079E+001 1.1718750000000000E+001 2.2416198564817165E+001 9.7267321879361468E-001
1.1137644907389557E+001 1.1718750000000000E+001 2.2528279557641252E+001 9.7267321879361468E-001
1.1026822570002599E+001 1.3281250000000000E+001 2.2304117571993082E+001 9.7267321879361457E-001
1.1082233738696079E+001 1.3281250000000000E+001 2.2416198564817169E+001 9.7267321879361457E-001
1.1137644907389559E+001 1.3281250000000000E+001 2.2528279557641255E+001 9.7267321879361457E-001
1.1026822570002599E+001 1.4843750000000000E+001 2.2304117571993078E+001 9.7267321879361468E-001
1.1082233738696079E+001 1.4843750000000000E+001 2.2416198564817165E+001 9.7267321879361468E-001
1.1137644907389557E+001 1.4843750000000000E+001 2.2528279557641252E+001 9.7267321879361468E-001
1.1026822570002599E+001 1.6406250000000004E+001 2.2304117571993082E+001 9.7267321879361457E-001
1.1082233738696079E+001 1.6406250000000004E+001 2.2416198564817169E+001 9.7267321879361457E-001
1.1137644907389559E+001 1.6406250000000004E+001 2.2528279557641255E+001 9.7267321879361457E-001
1.1026822570002599E+001 1.7968750000000004E+001 2.2304117571993078E+001 9.7267321879361468E-001
1.1082233738696079E+001 1.7968750000000004E+001 2.2416198564817165E+001 9.7267321879361468E-001
1.1137644907389557E+001 1.7968750000000004E+001 2.2528279557641252E+001 9.7267321879361468E-001
1.1026822570002599E+001 1.9531250000000004E+001 2.2304117571993082E+001 9.7267321879361457E-001
1.1082233738696079E+001 1.9531250000000004E+001 2.2416198564817169E+001 9.7267321879361457E-001
1.1137644907389559E+001 1.9531250000000004E+001 2.2528279557641255E+001 9.7267321879361457E-001
1.1026822570002599E+001 2.1093749999999996E+001 2.2304117571993078E+001 9.7267321879361468E-001
1.1082233738696079E+001 2.1093749999999996E+001 2.2416198564817165E+001 9.7267321879361468E-001
1.1137644907389557E+001 2.1093749999999996E+001 2.2528279557641252E+001 9.7267321879361468E-001
1.1026822570002599E+001 2.2656250000000000E+001 2.2304117571993082E+001 9.7267321879361457E-001
1.1082233738696079E+001 2.2656250000000000E+001 2.2416198564817169E+001 9.7267321879361457E-001
1.1137644907389559E+001 2.2656250000000000E+001 2.2528279557641255E+001 9.7267321879361457E-001
1.1026822570002599E+001 2.4218750000000004E+001 2.2304117571993082E+001 9.7267321879361457E-001
1.1082233738696079E+001 2.4218750000000004E+001 2.2416198564817169E+001 9.7267321879361457E-001
1.1137644907389559E+001 2.4218750000000004E+001 2.2528279557641255E+001 9.7267321879361457E-001
1.1026822570002599E+001 2.5000000000000004E+001 2.2304117571993082E+001 9.7267321879361457E-001
1.1082233738696079E+001 2.5000000000000004E+001 2.2416198564817169E+001 9.7267321879361457E-001
1.1137644907389559E+001 2.5000000000000004E+001 2.2528279557641255E+001 9.7267321879361457E-001
1.1994645520817826E+001 0.0000000000000000E+000 2.1798881299433493E+001 9.7550012719427504E-001
1.2054920121424953E+001 0.0000000000000000E+000 2.1908423416516076E+001 9.7550012719427504E-001
1.2115194722032076E+001 0.0000000000000000E+000 2.2017965533598655E+001 9.7550012719427504E-001
1.1994645520817826E+001 7.8125000000000033E-001 2.1798881299433493E+001 9.7550012719427504E-001
1.2054920121424953E+001 7.8125000000000033E-001 2.1908423416516076E+001 9.7550012719427504E-001
1.2115194722032076E+001 7.8125000000000033E-001 2.2017965533598655E+001 9.7550012719427504E-001
1.1994645520817826E+001 2.3437500000000009E+000 2.1798881299433496E+001 9.7550012719427492E-001
1.2054920121424955E+001 2.3437500000000009E+000 2.1908423416516079E+001 9.7550012719427492E-001
1.2115194722032077E+001 2.3437500000000009E+000 2.2017965533598659E+001 9.7550012719427492E-001
1.1994645520817826E+001 3.9062500000000004E+000 2.1798881299433493E+001 9.7550012719427504E-001
1.2054920121424953E+001 3.9062500000000004E+000 2.1908423416516076E+001 9.7550012719427504E-001
1.2115194722032076E+001 3.9062500000000004E+000 2.2017965533598655E+001 9.7550012719427504E-001
1.1994645520817826E+001 5.4687500000000009E+000 2.1798881299433496E+001 9.7550012719427492E-001
1.2054920121424955E+001 5.4687500000000009E+000 2.1908423416516079E+001 9.7550012719427492E-001
1.2115194722032077E+001 5.4687500000000009E+000 2.2017965533598659E+001 9.7550012719427492E-001
1.1994645520817826E+001 7.0312500000000009E+000 2.1798881299433493E+001 9.7550012719427504E-001
1.2054920121424953E+001 7.0312500000000009E+000 2.1908423416516076E+001 9.7550012719427504E-001
1.2115194722032076E+001 7.0312500000000009E+000 2.2017965533598655E+001 9.7550012719427504E-001
1.1994645520817826E+001 8.5937500000000036E+000 2.1798881299433496E+001 9.7550012719427492E-001
1.2054920121424955E+001 8.5937500000000036E+000 2.1908423416516079E+001 9.7550012719427492E-001
1.2115194722032077E+001 8.5937500000000036E+000 2.2017965533598659E+001 9.7550012719427492E-001
1.1994645520817826E+001 1.0156250000000004E+001 2.1798881299433493E+001 9.7550012719427504E-001
1.2054920121424953E+001 1.0156250000000004E+001 2.1908423416516076E+001 9.7550012719427504E-001
1.2115194722032076E+001 1.0156250000000004E+001 2.2017965533598655E+001 9.7550012719427504E-001
1.1994645520817826E+001 1.1718750000000005E+001 2.1798881299433496E+001 9.7550012719427492E-001
1.2054920121424955E+001 1.1718750000000005E+001 2.1908423416516079E+001 9.7550012719427492E-001
1.2115194722032077E+001 1.1718750000000005E+001 2.2017965533598659E+001 9.7550012719427492E-001
1.1994645520817826E+001 1.3281250000000005E+001 2.1798881299433493E+001 9.7550012719427504E-001
1.2054920121424953E+001 1.3281250000000005E+001 2.1908423416516076E+001 9.7550012719427504E-001
1.2115194722032076E+001 1.3281250000000005E+001 2.2017965533598655E+001 9.7550012719427504E-001
1.1994645520817826E+001 1.4843750000000009E+001 2.1798881299433496E+001 9.7550012719427492E-001
1.2054920121424955E+001 1.4843750000000009E+001 2.1908423416516079E+001 9.7550012719427492E-001
1.2115194722032077E+001 1.4843750000000009E+001 2.2017965533598659E+001 9.7550012719427492E-001
1.1994645520817826E+001 1.6406250000000007E+001 2.1798881299433493E+001 9.7550012719427504E-001
1.2054920121424953E+001 1.6406250000000007E+001 2.1908423416516076E+001 9.7550012719427504E-001
1.2115194722032076E+001 1.6406250000000007E+001 2.2017965533598655E+001 9.7550012719427504E-001
1.1994645520817826E+001 1.7968750000000011E+001 2.1798881299433496E+001 9.7550012719427492E-001
1.2054920121424955E+001 1.7968750000000011E+001 2.1908423416516079E+001 9.7550012719427492E-001
1.2115194722032077E+001 1.7968750000000011E+001 2.2017965533598659E+001 9.7550012719427492E-001
1.1994645520817826E+001 1.9531250000000007E+001 2.1798881299433493E+001 9.7550012719427504E-001
1.2054920121424953E+001 1.9531250000000007E+001 2.1908423416516076E+001 9.7550012719427504E-001
1.2115194722032076E+001 1.9531250000000007E+001 2.2017965533598655E+001 9.7550012719427504E-001
1.1994645520817826E+001 2.1093750000000011E+001 2.1798881299433496E+001 9.7550012719427492E-001
1.2054920121424955E+001 2.1093750000000011E+001 2.1908423416516079E+001 9.7550012719427492E-001
1.2115194722032077E+001 2.1093750000000011E+001 2.2017965533598659E+001 9.7550012719427492E-001
1.1994645520817826E+001 2.2656250000000007E+001 2.1798881299433493E+001 9.7550012719427504E-001
1.2054920121424953E+001 2.2656250000000007E+001 2.1908423416516076E+001 9.7550012719427504E-001
1.2115194722032076E+001 2.2656250000000007E+001 2.2017965533598655E+001 9.7550012719427504E-001
1.1994645520817826E+001 2.4218750000000007E+001 2.1798881299433493E+001 9.7550012719427504E-001
1.2054920121424953E+001 2.4218750000000007E+001 2.1908423416516076E+001 9.7550012719427504E-001
1.2115194722032076E+001 2.4218750000000007E+001 2.2017965533598655E+001 9.7550012719427504E-001
1.1994645520817826E+001 2.5000000000000011E+001 2.1798881299433493E+001 9.7550012719427504E-001
1.2054920121424953E+001 2.5000000000000011E+001 2.1908423416516076E+001 9.7550012719427504E-001
1.2115194722032076E+001 2.5000000000000011E+001 2.2017965533598655E+001 9.7550012719427504E-001
1.2936221002583249E+001 0.0000000000000000E+000 2.1253579707972037E+001 9.7926933839515584E-001
1.3001227138274622E+001 0.0000000000000000E+000 2.1360381616052301E+001 9.7926933839515584E-001
1.3066233273965995E+001 0.0000000000000000E+000 2.1467183524132565E+001 9.7926933839515584E-001
1.2936221002583249E+001 7.8125000000000022E-001 2.1253579707972037E+001 9.7926933839515584E-001
1.3001227138274622E+001 7.8125000000000022E-001 2.1360381616052301E+001 9.7926933839515584E-001
1.3066233273965995E+001 7.8125000000000022E-001 2.1467183524132565E+001 9.7926933839515584E-001
1.2936221002583251E+001 2.3437500000000004E+000 2.1253579707972037E+001 9.7926933839515584E-001
1.3001227138274622E+001 2.3437500000000004E+000 2.1360381616052301E+001 9.7926933839515584E-001
1.3066233273965993E+001 2.3437500000000004E+000 2.1467183524132565E+001 9.7926933839515584E-001
1.2936221002583249E+001 3.9062500000000009E+000 2.1253579707972037E+001 9.7926933839515584E-001
1.3001227138274622E+001 3.9062500000000009E+000 2.1360381616052301E+001 9.7926933839515584E-001
1.3066233273965993E+001 3.9062500000000009E+000 2.1467183524132565E+001 9.7926933839515584E-001
1.2936221002583251E+001 5.4687500000000018E+000 2.1253579707972037E+001 9.7926933839515584E-001
1.3001227138274622E+001 5.4687500000000018E+000 2.1360381616052301E+001 9.7926933839515584E-001
1.3066233273965993E+001 5.4687500000000018E+000 2.1467183524132565E+001 9.7926933839515584E-001
1.2936221002583249E+001 7.0312500000000009E+000 2.1253579707972037E+001 9.7926933839515584E-001
1.3001227138274622E+001 7.0312500000000009E+000 2.1360381616052301E+001 9.7926933839515584E-001
1.3066233273965995E+001 7.0312500000000009E+000 2.1467183524132565E+001 9.7926933839515584E-001
1.2936221002583251E+001 8.5937500000000018E+000 2.1253579707972037E+001 9.7926933839515584E-001
1.3001227138274622E+001 8.5937500000000018E+000 2.1360381616052301E+001 9.7926933839515584E-001
1.3066233273965993E+001 8.5937500000000018E+000 2.1467183524132565E+001 9.7926933839515584E-001
1.2936221002583249E+001 1.0156250000000002E+001 2.1253579707972037E+001 9.7926933839515584E-001
1.3001227138274622E+001 1.0156250000000002E+001 2.1360381616052301E+001 9.7926933839515584E-001
1.3066233273965993E+001 1.0156250000000002E+001 2.1467183524132565E+001 9.7926933839515584E-001
1.2936221002583251E+001 1.1718750000000004E+001 2.1253579707972037E+001 9.7926933839515584E-001
1.3001227138274622E+001 1.1718750000000004E+001 2.1360381616052301E+001 9.7926933839515584E-001
1.3066233273965993E+001 1.1718750000000004E+001 2.1467183524132565E+001 9.7926933839515584E-001
1.2936221002583249E+001 1.3281250000000004E+001 2.1253579707972037E+001 9.7926933839515584E-001
1.3001227138274622E+001 1.3281250000000004E+001 2.1360381616052301E+001 9.7926933839515584E-001
1.3066233273965995E+001 1.3281250000000004E+001 2.1467183524132565E+001 9.7926933839515584E-001
1.2936221002583251E+001 1.4843750000000004E+001 2.1253579707972037E+001 9.7926933839515584E-001
1.3001227138274622E+001 1.4843750000000004E+001 2.1360381616052301E+001 9.7926933839515584E-001
1.3066233273965993E+001 1.4843750000000004E+001 2.1467183524132565E+001 9.7926933839515584E-001
1.2936221002583249E+001 1.6406250000000004E+001 2.1253579707972037E+001 9.7926933839515584E-001
1.3001227138274622E+001 1.6406250000000004E+001 2.1360381616052301E+001 9.7926933839515584E-001
1.3066233273965993E+001 1.6406250000000004E+001 2.1467183524132565E+001 9.7926933839515584E-001
1.2936221002583251E+001 1.7968750000000000E+001 2.1253579707972037E+001 9.7926933839515584E-001
1.3001227138274622E+001 1.7968750000000000E+001 2.1360381616052301E+001 9.7926933839515584E-001
1.3066233273965993E+001 1.7968750000000000E+001 2.1467183524132565E+001 9.7926933839515584E-001
1.2936221002583249E+001 1.9531250000000000E+001 2.1253579707972037E+001 9.7926933839515584E-001
1.3001227138274622E+001 1.9531250000000000E+001 2.1360381616052301E+001 9.7926933839515584E-001
1.3066233273965995E+001 1.9531250000000000E+001 2.1467183524132565E+001 9.7926933839515584E-001
1.2936221002583251E+001 2.1093750000000000E+001 2.1253579707972037E+001 9.7926933839515584E-001
1.3001227138274622E+001 2.1093750000000000E+001 2.1360381616052301E+001 9.7926933839515584E-001
1.3066233273965993E+001 2.1093750000000000E+001 2.1467183524132565E+001 9.7926933839515584E-001
1.2936221002583249E+001 2.2656250000000007E+001 2.1253579707972037E+001 9.7926933839515584E-001
1.3001227138274622E+001 2.2656250000000007E+001 2.1360381616052301E+001 9.7926933839515584E-001
1.3066233273965995E+001 2.2656250000000007E+001 2.1467183524132565E+001 9.7926933839515584E-001
1.2936221002583249E+001 2.4218750000000007E+001 2.1253579707972037E+001 9.7926933839515584E-001
1.3001227138274622E+001 2.4218750000000007E+001 2.1360381616052301E+001 9.7926933839515584E-001
1.3066233273965995E+001 2.4218750000000007E+001 2.1467183524132565E+001 9.7926933839515584E-001
1.2936221002583249E+001 2.5000000000000007E+001 2.1253579707972037E+001 9.7926933839515584E-001
1.3001227138274622E+001 2.5000000000000007E+001 2.1360381616052301E+001 9.7926933839515584E-001
1.3066233273965995E+001 2.5000000000000007E+001 2.1467183524132565E+001 9.7926933839515584E-001
1.3849145563168184E+001 0.0000000000000000E+000 2.0670239830544638E+001 9.8398085239625677E-001
1.3918739259465511E+001 0.0000000000000000E+000 2.0774110382456918E+001 9.8398085239625677E-001
1.3988332955762838E+001 0.0000000000000000E+000 2.0877980934369209E+001 9.8398085239625677E-001
1.3849145563168184E+001 7.8125000000000022E-001 2.0670239830544638E+001 9.8398085239625677E-001
1.3918739259465511E+001 7.8125000000000022E-001 2.0774110382456918E+001 9.8398085239625677E-001
1.3988332955762838E+001 7.8125000000000022E-001 2.0877980934369209E+001 9.8398085239625677E-001
1.3849145563168184E+001 2.3437500000000009E+000 2.0670239830544638E+001 9.8398085239625677E-001
1.3918739259465511E+001 2.3437500000000009E+000 2.0774110382456918E+001 9.8398085239625677E-001
1.3988332955762838E+001 2.3437500000000009E+000 2.0877980934369209E+001 9.8398085239625677E-001
1.3849145563168184E+001 3.9062500000000013E+000 2.0670239830544638E+001 9.8398085239625677E-001
1.3918739259465511E+001 3.9062500000000013E+000 2.0774110382456918E+001 9.8398085239625677E-001
1.3988332955762838E+001 3.9062500000000013E+000 2.0877980934369209E+001 9.8398085239625677E-001
1.3849145563168184E+001 5.4687500000000018E+000 2.0670239830544638E+001 9.8398085239625677E-001
1.3918739259465511E+001 5.4687500000000018E+000 2.0774110382456918E+001 9.8398085239625677E-001
1.3988332955762838E+001 5.4687500000000018E+000 2.0877980934369209E+001 9.8398085239625677E-001
1.3849145563168184E+001 7.0312500000000009E+000 2.0670239830544638E+001 9.8398085239625677E-001
1.3918739259465511E+001 7.0312500000000009E+000 2.0774110382456918E+001 9.8398085239625677E-001
1.3988332955762838E+001 7.0312500000000009E+000 2.0877980934369209E+001 9.8398085239625677E-001
1.3849145563168184E+001 8.5937500000000018E+000 2.0670239830544638E+001 9.8398085239625677E-001
1.3918739259465511E+001 8.5937500000000018E+000 2.0774110382456918E+001 9.8398085239625677E-001
1.3988332955762838E+001 8.5937500000000018E+000 2.0877980934369209E+001 9.8398085239625677E-001
1.3849145563168184E+001 1.0156250000000004E+001 2.0670239830544638E+001 9.8398085239625677E-001
1.3918739259465511E+001 1.0156250000000004E+001 2.0774110382456918E+001 9.8398085239625677E-001
1.3988332955762838E+001 1.0156250000000004E+001 2.0877980934369209E+001 9.8398085239625677E-001
1.3849145563168184E+001 1.1718750000000004E+001 2.0670239830544638E+001 9.8398085239625677E-001
1.3918739259465511E+001 1.1718750000000004E+001 2.0774110382456918E+001 9.8398085239625677E-001
1.3988332955762838E+001 1.1718750000000004E+001 2.0877980934369209E+001 9.8398085239625677E-001
1.3849145563168184E+001 1.3281250000000002E+001 2.0670239830544638E+001 9.8398085239625677E-001
1.3918739259465511E+001 1.3281250000000002E+001 2.0774110382456918E+001 9.8398085239625677E-001
1.3988332955762838E+001 1.3281250000000002E+001 2.0877980934369209E+001 9.8398085239625677E-001
1.3849145563168184E+001 1.4843750000000004E+001 2.0670239830544638E+001 9.8398085239625677E-001
1.3918739259465511E+001 1.4843750000000004E+001 2.0774110382456918E+001 9.8398085239625677E-001
1.3988332955762838E+001 1.4843750000000004E+001 2.0877980934369209E+001 9.8398085239625677E-001
1.3849145563168184E+001 1.6406250000000000E+001 2.0670239830544638E+001 9.8398085239625677E-001
1.3918739259465511E+001 1.6406250000000000E+001 2.0774110382456918E+001 9.8398085239625677E-001
1.3988332955762838E+001 1.6406250000000000E+001 2.0877980934369209E+001 9.8398085239625677E-001
1.3849145563168184E+001 1.7968750000000000E+001 2.0670239830544638E+001 9.8398085239625677E-001
1.3918739259465511E+001 1.7968750000000000E+001 2.0774110382456918E+001 9.8398085239625677E-001
1.3988332955762838E+001 1.7968750000000000E+001 2.0877980934369209E+001 9.8398085239625677E-001
1.3849145563168184E+001 1.9531250000000004E+001 2.0670239830544638E+001 9.8398085239625677E-001
1.3918739259465511E+001 1.9531250000000004E+001 2.0774110382456918E+001 9.8398085239625677E-001
1.3988332955762838E+001 1.9531250000000004E+001 2.0877980934369209E+001 9.8398085239625677E-001
1.3849145563168184E+001 2.1093750000000004E+001 2.0670239830544638E+001 9.8398085239625677E-001
1.3918739259465511E+001 2.1093750000000004E+001 2.0774110382456918E+001 9.8398085239625677E-001
1.3988332955762838E+001 2.1093750000000004E+001 2.0877980934369209E+001 9.8398085239625677E-001
1.3849145563168184E+001 2.2656250000000007E+001 2.0670239830544638E+001 9.8398085239625677E-001
1.3918739259465511E+001 2.2656250000000007E+001 2.0774110382456918E+001 9.8398085239625677E-001
1.3988332955762838E+001 2.2656250000000007E+001 2.0877980934369209E+001 9.8398085239625677E-001
1.3849145563168184E+001 2.4218750000000007E+001 2.0670239830544638E+001 9.8398085239625677E-001
1.3918739259465511E+001 2.4218750000000007E+001 2.0774110382456918E+001 9.8398085239625677E-001
1.3988332955762838E+001 2.4218750000000007E+001 2.0877980934369209E+001 9.8398085239625677E-001
1.3849145563168184E+001 2.5000000000000007E+001 2.0670239830544638E+001 9.8398085239625677E-001
1.3918739259465511E+001 2.5000000000000007E+001 2.0774110382456918E+001 9.8398085239625677E-001
1.3988332955762838E+001 2.5000000000000007E+001 2.0877980934369209E+001 9.8398085239625677E-001
1.4731220627150453E+001 0.0000000000000000E+000 2.0051071272593290E+001 9.8963466919757792E-001
1.4805246861457745E+001 0.0000000000000000E+000 2.0151830424716877E+001 9.8963466919757792E-001
1.4879273095765033E+001 0.0000000000000000E+000 2.0252589576840460E+001 9.8963466919757792E-001
1.4731220627150453E+001 7.8125000000000011E-001 2.0051071272593290E+001 9.8963466919757792E-001
1.4805246861457745E+001 7.8125000000000011E-001 2.0151830424716877E+001 9.8963466919757792E-001
1.4879273095765033E+001 7.8125000000000011E-001 2.0252589576840460E+001 9.8963466919757792E-001
1.4731220627150453E+001 2.3437500000000004E+000 2.0051071272593290E+001 9.8963466919757792E-001
1.4805246861457745E+001 2.3437500000000004E+000 2.0151830424716877E+001 9.8963466919757792E-001
1.4879273095765033E+001 2.3437500000000004E+000 2.0252589576840460E+001 9.8963466919757792E-001
1.4731220627150453E+001 3.9062500000000004E+000 2.0051071272593290E+001 9.8963466919757792E-001
1.4805246861457745E+001 3.9062500000000004E+000 2.0151830424716877E+001 9.8963466919757792E-001
1.4879273095765029E+001 3.9062500000000004E+000 2.0252589576840460E+001 9.8963466919757792E-001
1.4731220627150453E+001 5.4687500000000009E+000 2.0051071272593290E+001 9.8963466919757792E-001
1.4805246861457745E+001 5.4687500000000009E+000 2.0151830424716877E+001 9.8963466919757792E-001
1.4879273095765029E+001 5.4687500000000009E+000 2.0252589576840460E+001 9.8963466919757792E-001
1.4731220627150453E+001 7.0312500000000009E+000 2.0051071272593290E+001 9.8963466919757792E-001
1.4805246861457745E+001 7.0312500000000009E+000 2.0151830424716877E+001 9.8963466919757792E-001
1.4879273095765033E+001 7.0312500000000009E+000 2.0252589576840460E+001 9.8963466919757792E-001
1.4731220627150453E+001 8.5937500000000000E+000 2.0051071272593290E+001 9.8963466919757792E-001
1.4805246861457745E+001 8.5937500000000000E+000 2.0151830424716877E+001 9.8963466919757792E-001
1.4879273095765033E+001 8.5937500000000000E+000 2.0252589576840460E+001 9.8963466919757792E-001
1.4731220627150453E+001 1.0156250000000002E+001 2.0051071272593290E+001 9.8963466919757792E-001
1.4805246861457745E+001 1.0156250000000002E+001 2.0151830424716877E+001 9.8963466919757792E-001
1.4879273095765029E+001 1.0156250000000002E+001 2.0252589576840460E+001 9.8963466919757792E-001
1.4731220627150453E+001 1.1718750000000004E+001 2.0051071272593290E+001 9.8963466919757792E-001
1.4805246861457745E+001 1.1718750000000004E+001 2.0151830424716877E+001 9.8963466919757792E-001
1.4879273095765029E+001 1.1718750000000004E+001 2.0252589576840460E+001 9.8963466919757792E-001
1.4731220627150453E+001 1.3281250000000002E+001 2.0051071272593290E+001 9.8963466919757792E-001
1.4805246861457745E+001 1.3281250000000002E+001 2.0151830424716877E+001 9.8963466919757792E-001
1.4879273095765033E+001 1.3281250000000002E+001 2.0252589576840460E+001 9.8963466919757792E-001
1.4731220627150453E+001 1.4843750000000002E+001 2.0051071272593290E+001 9.8963466919757792E-001
1.4805246861457745E+001 1.4843750000000002E+001 2.0151830424716877E+001 9.8963466919757792E-001
1.4879273095765033E+001 1.4843750000000002E+001 2.0252589576840460E+001 9.8963466919757792E-001
1.4731220627150453E+001 1.6406250000000004E+001 2.0051071272593290E+001 9.8963466919757792E-001
1.4805246861457745E+001 1.6406250000000004E+001 2.0151830424716877E+001 9.8963466919757792E-001
1.4879273095765029E+001 1.6406250000000004E+001 2.0252589576840460E+001 9.8963466919757792E-001
1.4731220627150453E+001 1.7968750000000000E+001 2.0051071272593290E+001 9.8963466919757792E-001
1.4805246861457745E+001 1.7968750000000000E+001 2.0151830424716877E+001 9.8963466919757792E-001
1.4879273095765029E+001 1.7968750000000000E+001 2.0252589576840460E+001 9.8963466919757792E-001
1.4731220627150453E+001 1.9531250000000004E+001 2.0051071272593290E+001 9.8963466919757792E-001
1.4805246861457745E+001 1.9531250000000004E+001 2.0151830424716877E+001 9.8963466919757792E-001
1.4879273095765033E+001 1.9531250000000004E+001 2.0252589576840460E+001 9.8963466919757792E-001
1.4731220627150453E+001 2.1093750000000000E+001 2.0051071272593290E+001 9.8963466919757792E-001
1.4805246861457745E+001 2.1093750000000000E+001 2.0151830424716877E+001 9.8963466919757792E-001
1.4879273095765033E+001 2.1093750000000000E+001 2.0252589576840460E+001 9.8963466919757792E-001
1.4731220627150453E+001 2.2656250000000004E+001 2.0051071272593290E+001 9.8963466919757792E-001
1.4805246861457745E+001 2.2656250000000004E+001 2.0151830424716877E+001 9.8963466919757792E-001
1.4879273095765033E+001 2.2656250000000004E+001 2.0252589576840460E+001 9.8963466919757792E-001
1.4731220627150453E+001 2.4218750000000004E+001 2.0051071272593290E+001 9.8963466919757792E-001
1.4805246861457745E+001 2.4218750000000004E+001 2.0151830424716877E+001 9.8963466919757792E-001
1.4879273095765033E+001 2.4218750000000004E+001 2.0252589576840460E+001 9.8963466919757792E-001
1.4731220627150453E+001 2.5000000000000004E+001 2.0051071272593290E+001 9.8963466919757792E-001
1.4805246861457745E+001 2.5000000000000004E+001 2.0151830424716877E+001 9.8963466919757792E-001
1.4879273095765033E+001 2.5000000000000004E+001 2.0252589576840460E+001 9.8963466919757792E-001
1.5580468446779316E+001 0.0000000000000000E+000 1.9398440994878658E+001 9.9623078879911930E-001
1.5658762258069665E+001 0.0000000000000000E+000 1.9495920597868000E+001 9.9623078879911930E-001
1.5737056069360012E+001 0.0000000000000000E+000 1.9593400200857342E+001 9.9623078879911930E-001
1.5580468446779316E+001 7.8125000000000000E-001 1.9398440994878658E+001 9.9623078879911930E-001
1.5658762258069665E+001 7.8125000000000000E-001 1.9495920597868000E+001 9.9623078879911930E-001
1.5737056069360012E+001 7.8125000000000000E-001 1.9593400200857342E+001 9.9623078879911930E-001
1.5580468446779316E+001 2.3437500000000000E+000 1.9398440994878658E+001 9.9623078879911930E-001
1.5658762258069665E+001 2.3437500000000000E+000 1.9495920597868000E+001 9.9623078879911930E-001
1.5737056069360012E+001 2.3437500000000000E+000 1.9593400200857342E+001 9.9623078879911930E-001
1.5580468446779316E+001 3.9062499999999996E+000 1.9398440994878658E+001 9.9623078879911930E-001
1.5658762258069666E+001 3.9062499999999996E+000 1.9495920597868000E+001 9.9623078879911930E-001
1.5737056069360012E+001 3.9062499999999996E+000 1.9593400200857342E+001 9.9623078879911930E-001
1.5580468446779317E+001 5.4687500000000009E+000 1.9398440994878662E+001 9.9623078879911919E-001
1.5658762258069666E+001 5.4687500000000009E+000 1.9495920597868000E+001 9.9623078879911919E-001
1.5737056069360014E+001 5.4687500000000009E+000 1.9593400200857346E+001 9.9623078879911919E-001
1.5580468446779316E+001 7.0312500000000000E+000 1.9398440994878658E+001 9.9623078879911930E-001
1.5658762258069665E+001 7.0312500000000000E+000 1.9495920597868000E+001 9.9623078879911930E-001
1.5737056069360012E+001 7.0312500000000000E+000 1.9593400200857342E+001 9.9623078879911930E-001
1.5580468446779316E+001 8.5937500000000000E+000 1.9398440994878658E+001 9.9623078879911930E-001
1.5658762258069665E+001 8.5937500000000000E+000 1.9495920597868000E+001 9.9623078879911930E-001
1.5737056069360012E+001 8.5937500000000000E+000 1.9593400200857342E+001 9.9623078879911930E-001
1.5580468446779316E+001 1.0156250000000000E+001 1.9398440994878658E+001 9.9623078879911930E-001
1.5658762258069666E+001 1.0156250000000000E+001 1.9495920597868000E+001 9.9623078879911930E-001
1.5737056069360012E+001 1.0156250000000000E+001 1.9593400200857342E+001 9.9623078879911930E-001
1.5580468446779317E+001 1.1718750000000004E+001 1.9398440994878662E+001 9.9623078879911919E-001
1.5658762258069666E+001 1.1718750000000004E+001 1.9495920597868000E+001 9.9623078879911919E-001
1.5737056069360014E+001 1.1718750000000004E+001 1.9593400200857346E+001 9.9623078879911919E-001
1.5580468446779316E+001 1.3281250000000002E+001 1.9398440994878658E+001 9.9623078879911930E-001
1.5658762258069665E+001 1.3281250000000002E+001 1.9495920597868000E+001 9.9623078879911930E-001
1.5737056069360012E+001 1.3281250000000002E+001 1.9593400200857342E+001 9.9623078879911930E-001
1.5580468446779316E+001 1.4843750000000000E+001 1.9398440994878658E+001 9.9623078879911930E-001
1.5658762258069665E+001 1.4843750000000000E+001 1.9495920597868000E+001 9.9623078879911930E-001
1.5737056069360012E+001 1.4843750000000000E+001 1.9593400200857342E+001 9.9623078879911930E-001
1.5580468446779316E+001 1.6406250000000000E+001 1.9398440994878658E+001 9.9623078879911930E-001
1.5658762258069666E+001 1.6406250000000000E+001 1.9495920597868000E+001 9.9623078879911930E-001
1.5737056069360012E+001 1.6406250000000000E+001 1.9593400200857342E+001 9.9623078879911930E-001
1.5580468446779317E+001 1.7968750000000000E+001 1.9398440994878662E+001 9.9623078879911919E-001
1.5658762258069666E+001 1.7968750000000000E+001 1.9495920597868000E+001 9.9623078879911919E-001
1.5737056069360014E+001 1.7968750000000000E+001 1.9593400200857346E+001 9.9623078879911919E-001
1.5580468446779316E+001 1.9531249999999996E+001 1.9398440994878658E+001 9.9623078879911930E-001
1.5658762258069665E+001 1.9531249999999996E+001 1.9495920597868000E+001 9.9623078879911930E-001
1.5737056069360012E+001 1.9531249999999996E+001 1.9593400200857342E+001 9.9623078879911930E-001
1.5580468446779316E+001 2.1093750000000000E+001 1.9398440994878658E+001 9.9623078879911930E-001
1.5658762258069665E+001 2.1093750000000000E+001 1.9495920597868000E+001 9.9623078879911930E-001
1.5737056069360012E+001 2.1093750000000000E+001 1.9593400200857342E+001 9.9623078879911930E-001
1.5580468446779316E+001 2.2656250000000004E+001 1.9398440994878658E+001 9.9623078879911930E-001
1.5658762258069665E+001 2.2656250000000004E+001 1.9495920597868000E+001 9.9623078879911930E-001
1.5737056069360012E+001 2.2656250000000004E+001 1.9593400200857342E+001 9.9623078879911930E-001
1.5580468446779316E+001 2.4218750000000000E+001 1.9398440994878658E+001 9.9623078879911930E-001
1.5658762258069665E+001 2.4218750000000000E+001 1.9495920597868000E+001 9.9623078879911930E-001
1.5737056069360012E+001 2.4218750000000000E+001 1.9593400200857342E+001 9.9623078879911930E-001
1.5580468446779316E+001 2.5000000000000000E+001 1.9398440994878658E+001 9.9623078879911930E-001
1.5658762258069665E+001 2.5000000000000000E+001 1.9495920597868000E+001 9.9623078879911930E-001
1.5737056069360012E+001 2.5000000000000000E+001 1.9593400200857342E+001 9.9623078879911930E-001
1.5989341790952663E+001 0.0000000000000000E+000 1.9055355522584584E+001 1.0000000000000000E+000
1.6069690242163482E+001 0.0000000000000000E+000 1.9151111077974456E+001 1.0000000000000000E+000
1.6150038693374299E+001 0.0000000000000000E+000 1.9246866633364331E+001 1.0000000000000000E+000
1.5989341790952663E+001 7.8125000000000000E-001 1.9055355522584584E+001 1.0000000000000000E+000
1.6069690242163482E+001 7.8125000000000000E-001 1.9151111077974456E+001 1.0000000000000000E+000
1.6150038693374299E+001 7.8125000000000000E-001 1.9246866633364331E+001 1.0000000000000000E+000
1.5989341790952663E+001 2.3437500000000000E+000 1.9055355522584584E+001 1.0000000000000000E+000
1.6069690242163482E+001 2.3437500000000000E+000 1.9151111077974456E+001 1.0000000000000000E+000
1.6150038693374299E+001 2.3437500000000000E+000 1.9246866633364331E+001 1.0000000000000000E+000
1.5989341790952663E+001 3.9062500000000000E+000 1.9055355522584584E+001 1.0000000000000000E+000
1.6069690242163482E+001 3.9062500000000000E+000 1.9151111077974456E+001 1.0000000000000000E+000
1.6150038693374299E+001 3.9062500000000000E+000 1.9246866633364331E+001 1.0000000000000000E+000
1.5989341790952663E+001 5.4687500000000000E+000 1.9055355522584584E+001 1.0000000000000000E+000
1.6069690242163482E+001 5.4687500000000000E+000 1.9151111077974456E+001 1.0000000000000000E+000
1.6150038693374299E+001 5.4687500000000000E+000 1.9246866633364331E+001 1.0000000000000000E+000
1.5989341790952663E+001 7.0312500000000000E+000 1.9055355522584584E+001 1.0000000000000000E+000
1.6069690242163482E+001 7.0312500000000000E+000 1.9151111077974456E+001 1.0000000000000000E+000
1.6150038693374299E+001 7.0312500000000000E+000 1.9246866633364331E+001 1.0000000000000000E+000
1.5989341790952663E+001 8.5937500000000000E+000 1.9055355522584584E+001 1.0000000000000000E+000
1.6069690242163482E+001 8.5937500000000000E+000 1.9151111077974456E+001 1.0000000000000000E+000
1.6150038693374299E+001 8.5937500000000000E+000 1.9246866633364331E+001 1.0000000000000000E+000
1.5989341790952663E+001 1.0156250000000000E+001 1.9055355522584584E+001 1.0000000000000000E+000
1.6069690242163482E+001 1.0156250000000000E+001 1.9151111077974456E+001 1.0000000000000000E+000
1.6150038693374299E+001 1.0156250000000000E+001 1.9246866633364331E+001 1.0000000000000000E+000
1.5989341790952663E+001 1.1718750000000000E+001 1.9055355522584584E+001 1.0000000000000000E+000
1.6069690242163482E+001 1.1718750000000000E+001 1.9151111077974456E+001 1.0000000000000000E+000
1.6150038693374299E+001 1.1718750000000000E+001 1.9246866633364331E+001 1.0000000000000000E+000
1.5989341790952663E+001 1.3281250000000000E+001 1.9055355522584584E+001 1.0000000000000000E+000
1.6069690242163482E+001 1.3281250000000000E+001 1.9151111077974456E+001 1.0000000000000000E+000
1.6150038693374299E+001 1.3281250000000000E+001 1.9246866633364331E+001 1.0000000000000000E+000
1.5989341790952663E+001 1.4843750000000000E+001 1.9055355522584584E+001 1.0000000000000000E+000
1.6069690242163482E+001 1.4843750000000000E+001 1.9151111077974456E+001 1.0000000000000000E+000
1.6150038693374299E+001 1.4843750000000000E+001 1.9246866633364331E+001 1.0000000000000000E+000
1.5989341790952663E+001 1.6406250000000000E+001 1.9055355522584584E+001 1.0000000000000000E+000
1.6069690242163482E+001 1.6406250000000000E+001 1.9151111077974456E+001 1.0000000000000000E+000
1.6150038693374299E+001 1.6406250000000000E+001 1.9246866633364331E+001 1.0000000000000000E+000
1.5989341790952663E+001 1.7968750000000000E+001 1.9055355522584584E+001 1.0000000000000000E+000
1.6069690242163482E+001 1.7968750000000000E+001 1.9151111077974456E+001 1.0000000000000000E+000
1.6150038693374299E+001 1.7968750000000000E+001 1.9246866633364331E+001 1.0000000000000000E+000
1.5989341790952663E+001 1.9531250000000000E+001 1.9055355522584584E+001 1.0000000000000000E+000
1.6069690242163482E+001 1.9531250000000000E+001 1.9151111077974456E+001 1.0000000000000000E+000
1.6150038693374299E+001 1.9531250000000000E+001 1.9246866633364331E+001 1.0000000000000000E+000
1.5989341790952663E+001 2.1093750000000000E+001 1.9055355522584584E+001 1.0000000000000000E+000
1.6069690242163482E+001 2.1093750000000000E+001 1.9151111077974456E+001 1.0000000000000000E+000
1.6150038693374299E+001 2.1093750000000000E+001 1.9246866633364331E+001 1.0000000000000000E+000
1.5989341790952663E+001 2.2656250000000000E+001 1.9055355522584584E+001 1.0000000000000000E+000
1.6069690242163482E+001 2.2656250000000000E+001 1.9151111077974456E+001 1.0000000000000000E+000
1.6150038693374299E+001 2.2656250000000000E+001 1.9246866633364331E+001 1.0000000000000000E+000
1.5989341790952663E+001 2.4218750000000000E+001 1.9055355522584584E+001 1.0000000000000000E+000
1.6069690242163482E+001 2.4218750000000000E+001 1.9151111077974456E+001 1.0000000000000000E+000
1.6150038693374299E+001 2.4218750000000000E+001 1.9246866633364331E+001 1.0000000000000000E+000
1.5989341790952663E+001 2.5000000000000000E+001 1.9055355522584584E+001 1.0000000000000000E+000
1.6069690242163482E+001 2.5000000000000000E+001 1.9151111077974456E+001 1.0000000000000000E+000
1.6150038693374299E+001 2.5000000000000000E+001 1.9246866633364331E+001 1.0000000000000000E+000
--------------------------------------------------------
*material
5
4.32e8, 0.0, 360.0, 1.0, 1e15,
--------------------------------------------------------
*bcdof
143
1	,	1
19	,	1
37	,	1
55	,	1
73	,	1
91	,	1
109	,	1
127	,	1
145	,	1
163	,	1
181	,	1
199	,	1
217	,	1
235	,	1
253	,	1
271	,	1
289	,	1
307	,	1
325	,	1
343	,	1
361	,	1
379	,	1
397	,	1
415	,	1
433	,	1
451	,	1
469	,	1
487	,	1
505	,	1
523	,	1
541	,	1
559	,	1
577	,	1
595	,	1
613	,	1
631	,	1
649	,	1
667	,	1
685	,	1
703	,	1
721	,	1
739	,	1
757	,	1
775	,	1
793	,	1
811	,	1
829	,	1
847	,	1
865	,	1
883	,	1
901	,	1
919	,	1
937	,	1
955	,	1
307	,	2
308	,	2
309	,	2
310	,	2
311	,	2
312	,	2
313	,	2
314	,	2
315	,	2
316	,	2
317	,	2
318	,	2
319	,	2
320	,	2
321	,	2
322	,	2
323	,	2
324	,	2
631	,	2
632	,	2
633	,	2
634	,	2
635	,	2
636	,	2
637	,	2
638	,	2
639	,	2
640	,	2
641	,	2
642	,	2
643	,	2
644	,	2
645	,	2
646	,	2
647	,	2
648	,	2
955	,	2
956	,	2
957	,	2
958	,	2
959	,	2
960	,	2
961	,	2
962	,	2
963	,	2
964	,	2
965	,	2
966	,	2
967	,	2
968	,	2
969	,	2
970	,	2
971	,	2
972	,	2
1	,	3
2	,	3
3	,	3
4	,	3
5	,	3
6	,	3
7	,	3
8	,	3
9	,	3
10	,	3
11	,	3
12	,	3
13	,	3
14	,	3
15	,	3
16	,	3
17	,	3
18	,	3
2	,	1
3	,	1
4	,	1
5	,	1
6	,	1
7	,	1
8	,	1
9	,	1
10	,	1
11	,	1
12	,	1
13	,	1
14	,	1
15	,	1
16	,	1
17	,	1
18	,	1
*gravity
1.0, 3
*end