!---------------------------------------------------------------------------
!
! Sphere with 18º hole
! 4x4x1 mesh
!
!---------------------------------------------------------------------------
*begin
3           !problem dimension
3, 3, 3     !degree of each dimension
7, 4, 7     !control points in each direction
0, 0, 0     !open(0) or closed(1) knot vector
--------------------------------------------------------
*knots    !knot spans
0.0, 0.0, 0.0, 0.0, 0.25, 0.5, 0.75, 1.0, 1.0, 1.0, 1.0
0.0, 0.0, 0.0, 0.0, 1.0, 1.0, 1.0, 1.0
0.0, 0.0, 0.0, 0.0, 0.25, 0.5, 0.75, 1.0, 1.0, 1.0, 1.0
--------------------------------------------------------
*element
Hex64
*bnet     !nurbs control points
9.5295862932774380E+000 3.0963502836369732E+000 0.0000000000000000E+000 1.0000000000000000E+000
9.2162821603379435E+000 4.0606012557138209E+000 0.0000000000000000E+000 9.6816949906249117E-001
8.2743004946429242E+000 5.9454525183864684E+000 4.5269004382782286E-017 9.2042374765622792E-001
5.9941584470861908E+000 8.2502513150090007E+000 2.5560921731907664E-016 8.9655087195309635E-001
3.0975618905251854E+000 9.7065732706451140E+000 5.8849705697616957E-016 9.2042374765622792E-001
1.0138734718238338E+000 1.0020000000000000E+001 8.6073082672019328E-016 9.6816949906249117E-001
0.0000000000000000E+000 1.0020000000000000E+001 1.0000000000000001E-015 1.0000000000000000E+000
9.5169055397268369E+000 3.0922300570453070E+000 0.0000000000000000E+000 1.0000000000000000E+000
9.2040183118211960E+000 4.0551979273629053E+000 0.0000000000000000E+000 9.6816949906249117E-001
8.2632901147431994E+000 5.9375410712562156E+000 4.5269004382782286E-017 9.2042374765622792E-001
5.9861821883409014E+000 8.2392729366789830E+000 2.5560921731907664E-016 8.9655087195309635E-001
3.0934400516821707E+000 9.6936570054812492E+000 5.8849705697616957E-016 9.2042374765622792E-001
1.0125243387941281E+000 1.0006666666666669E+001 8.6073082672019328E-016 9.6816949906249117E-001
0.0000000000000000E+000 1.0006666666666668E+001 1.0000000000000001E-015 1.0000000000000000E+000
9.5042247861762359E+000 3.0881098304536412E+000 0.0000000000000000E+000 1.0000000000000000E+000
9.1917544633044468E+000 4.0497945990119879E+000 0.0000000000000000E+000 9.6816949906249117E-001
8.2522797348434764E+000 5.9296296241259592E+000 4.5269004382782286E-017 9.2042374765622792E-001
5.9782059295956103E+000 8.2282945583489635E+000 2.5560921731907664E-016 8.9655087195309635E-001
3.0893182128391574E+000 9.6807407403173844E+000 5.8849705697616957E-016 9.2042374765622792E-001
1.0111752057644225E+000 9.9933333333333358E+000 8.6073082672019328E-016 9.6816949906249117E-001
0.0000000000000000E+000 9.9933333333333341E+000 1.0000000000000001E-015 1.0000000000000000E+000
9.4915440326256348E+000 3.0839896038619758E+000 0.0000000000000000E+000 1.0000000000000000E+000
9.1794906147876976E+000 4.0443912706610723E+000 0.0000000000000000E+000 9.6816949906249117E-001
8.2412693549437535E+000 5.9217181769957055E+000 4.5269004382782286E-017 9.2042374765622792E-001
5.9702296708503200E+000 8.2173161800189458E+000 2.5560921731907664E-016 8.9655087195309635E-001
3.0851963739961432E+000 9.6678244751535178E+000 5.8849705697616957E-016 9.2042374765622792E-001
1.0098260727347170E+000 9.9800000000000022E+000 8.6073082672019328E-016 9.6816949906249117E-001
0.0000000000000000E+000 9.9800000000000022E+000 1.0000000000000001E-015 1.0000000000000000E+000
9.5295862932774380E+000 3.0963502836369736E+000 3.8363576614793787E-001 9.5118446353109132E-001
9.2162821603379435E+000 4.0606012557138218E+000 5.0310582817111638E-001 9.2090778557292108E-001
8.2743004946429224E+000 5.9454525183864693E+000 7.3663766145613507E-001 8.7549276863566572E-001
5.9941584470861935E+000 8.2502513150090007E+000 1.0222007183337134E+000 8.5278526016703804E-001
3.0975618905251849E+000 9.7065732706451140E+000 1.2026380519781092E+000 8.7549276863566572E-001
1.0138734718238338E+000 1.0019999999999998E+001 1.2414714178549406E+000 9.2090778557292108E-001
0.0000000000000000E+000 1.0019999999999998E+001 1.2414714178549406E+000 9.5118446353109132E-001
9.5169055397268352E+000 3.0922300570453070E+000 3.8312527277981029E-001 9.5118446353109132E-001
9.2040183118211925E+000 4.0551979273629044E+000 5.0243635933788822E-001 9.2090778557292108E-001
8.2632901147431994E+000 5.9375410712562147E+000 7.3565743835373176E-001 8.7549276863566572E-001
5.9861821883409014E+000 8.2392729366789830E+000 1.0208405044703288E+000 8.5278526016703804E-001
3.0934400516821707E+000 9.6936570054812474E+000 1.2010377352090102E+000 8.7549276863566572E-001
1.0125243387941281E+000 1.0006666666666668E+001 1.2398194266136169E+000 9.2090778557292108E-001
0.0000000000000000E+000 1.0006666666666666E+001 1.2398194266136167E+000 9.5118446353109132E-001
9.5042247861762359E+000 3.0881098304536412E+000 3.8261477941168270E-001 9.5118446353109132E-001
9.1917544633044432E+000 4.0497945990119879E+000 5.0176689050465983E-001 9.2090778557292108E-001
8.2522797348434764E+000 5.9296296241259592E+000 7.3467721525132834E-001 8.7549276863566572E-001
5.9782059295956111E+000 8.2282945583489653E+000 1.0194802906069438E+000 8.5278526016703804E-001
3.0893182128391574E+000 9.6807407403173826E+000 1.1994374184399108E+000 8.7549276863566572E-001
1.0111752057644225E+000 9.9933333333333323E+000 1.2381674353722927E+000 9.2090778557292108E-001
0.0000000000000000E+000 9.9933333333333341E+000 1.2381674353722927E+000 9.5118446353109132E-001
9.4915440326256348E+000 3.0839896038619758E+000 3.8210428604355512E-001 9.5118446353109132E-001
9.1794906147876958E+000 4.0443912706610723E+000 5.0109742167143168E-001 9.2090778557292108E-001
8.2412693549437535E+000 5.9217181769957046E+000 7.3369699214892525E-001 8.7549276863566572E-001
5.9702296708503200E+000 8.2173161800189458E+000 1.0181200767435594E+000 8.5278526016703804E-001
3.0851963739961432E+000 9.6678244751535178E+000 1.1978371016708118E+000 8.7549276863566572E-001
1.0098260727347170E+000 9.9800000000000022E+000 1.2365154441309689E+000 9.2090778557292108E-001
0.0000000000000000E+000 9.9800000000000022E+000 1.2365154441309687E+000 9.5118446353109132E-001
9.5295862932774362E+000 2.9494023305819619E+000 1.1860268939218224E+000 8.7796115882772829E-001
9.2162821603379417E+000 3.8678914560981026E+000 1.5553738607094745E+000 8.5001521533856594E-001
8.2743004946429242E+000 5.6632906188818568E+000 2.2773478248265020E+000 8.0809630010482225E-001
5.9941584470861926E+000 7.8587072609215696E+000 3.1601786118723862E+000 7.8713684248795057E-001
3.0975618905251849E+000 9.2459144489227896E+000 3.7180085882549156E+000 8.0809630010482247E-001
1.0138734718238338E+000 9.5444664347595332E+000 3.8380636518739508E+000 8.5001521533856594E-001
4.7458439644757022E-017 9.5444664347595332E+000 3.8380636518739508E+000 8.7796115882772829E-001
9.5169055397268352E+000 2.9454776435153192E+000 1.1844486811554595E+000 8.7796115882772829E-001
9.2040183118211925E+000 3.8627445612796083E+000 1.5533041682800546E+000 8.5001521533856594E-001
8.2632901147431994E+000 5.6557546366877371E+000 2.2743174218659883E+000 8.0809630010482225E-001
5.9861821883409023E+000 7.8482498992969223E+000 3.1559734507122101E+000 7.8713684248795057E-001
3.0934400516821707E+000 9.2336111695496381E+000 3.7130611383703447E+000 8.0809630010482247E-001
1.0125243387941281E+000 9.5317658806214620E+000 3.8329564480790421E+000 8.5001521533856594E-001
4.7458439644757022E-017 9.5317658806214638E+000 3.8329564480790421E+000 8.7796115882772829E-001
9.5042247861762359E+000 2.9415529564486764E+000 1.1828704683890967E+000 8.7796115882772829E-001
9.1917544633044450E+000 3.8575976664611149E+000 1.5512344758506340E+000 8.5001521533856594E-001
8.2522797348434764E+000 5.6482186544936157E+000 2.2712870189054737E+000 8.0809630010482225E-001
5.9782059295956111E+000 7.8377925376722786E+000 3.1517682895520345E+000 7.8713684248795057E-001
3.0893182128391570E+000 9.2213078901764884E+000 3.7081136884857746E+000 8.0809630010482247E-001
1.0111752057644223E+000 9.5190653264833962E+000 3.8278492442841330E+000 8.5001521533856594E-001
4.7458439644757022E-017 9.5190653264833927E+000 3.8278492442841330E+000 8.7796115882772829E-001
9.4915440326256331E+000 2.9376282693820333E+000 1.1812922556227341E+000 8.7796115882772829E-001
9.1794906147876940E+000 3.8524507716426206E+000 1.5491647834212141E+000 8.5001521533856594E-001
8.2412693549437535E+000 5.6406826722994952E+000 2.2682566159449600E+000 8.0809630010482225E-001
5.9702296708503209E+000 7.8273351760476331E+000 3.1475631283918588E+000 7.8713684248795057E-001
3.0851963739961423E+000 9.2090046108033388E+000 3.7031662386012041E+000 8.0809630010482247E-001
1.0098260727347168E+000 9.5063647723453251E+000 3.8227420404892238E+000 8.5001521533856594E-001
4.7458439644757022E-017 9.5063647723453251E+000 3.8227420404892238E+000 8.7796115882772829E-001
9.5295862932774362E+000 2.2529668052232084E+000 2.2529668052232066E+000 8.4134950647604678E-001
9.2162821603379435E+000 2.9545752257800775E+000 2.9545752257800757E+000 8.1456893022138832E-001
8.2743004946429259E+000 4.3260309522286304E+000 4.3260309522286295E+000 7.7439806583940052E-001
5.9941584470861926E+000 6.0030489591867084E+000 6.0030489591867084E+000 7.5431263364840673E-001
3.0975618905251854E+000 7.0626981342509669E+000 7.0626981342509669E+000 7.7439806583940074E-001
1.0138734718238338E+000 7.2907537327528278E+000 7.2907537327528278E+000 8.1456893022138832E-001
2.7237986699073558E-016 7.2907537327528278E+000 7.2907537327528278E+000 8.4134950647604678E-001
9.5169055397268334E+000 2.2499688454025519E+000 2.2499688454025510E+000 8.4134950647604678E-001
9.2040183118211925E+000 2.9506436552866906E+000 2.9506436552866897E+000 8.1456893022138832E-001
8.2632901147431994E+000 4.3202744240154178E+000 4.3202744240154178E+000 7.7439806583940052E-001
5.9861821883409014E+000 5.9950608700859958E+000 5.9950608700859940E+000 7.5431263364840673E-001
3.0934400516821707E+000 7.0532999996744508E+000 7.0532999996744508E+000 7.7439806583940074E-001
1.0125243387941283E+000 7.2810521309793703E+000 7.2810521309793703E+000 8.1456893022138832E-001
2.7237986699073558E-016 7.2810521309793694E+000 7.2810521309793712E+000 8.4134950647604678E-001
9.5042247861762323E+000 2.2469708855818955E+000 2.2469708855818951E+000 8.4134950647604678E-001
9.1917544633044432E+000 2.9467120847933037E+000 2.9467120847933028E+000 8.1456893022138832E-001
8.2522797348434782E+000 4.3145178958022061E+000 4.3145178958022061E+000 7.7439806583940052E-001
5.9782059295956120E+000 5.9870727809852813E+000 5.9870727809852813E+000 7.5431263364840673E-001
3.0893182128391570E+000 7.0439018650979381E+000 7.0439018650979381E+000 7.7439806583940074E-001
1.0111752057644225E+000 7.2713505292059155E+000 7.2713505292059137E+000 8.1456893022138832E-001
2.7237986699073558E-016 7.2713505292059155E+000 7.2713505292059128E+000 8.4134950647604678E-001
9.4915440326256313E+000 2.2439729257612395E+000 2.2439729257612395E+000 8.4134950647604678E-001
9.1794906147876940E+000 2.9427805142999173E+000 2.9427805142999168E+000 8.1456893022138832E-001
8.2412693549437535E+000 4.3087613675889953E+000 4.3087613675889944E+000 7.7439806583940052E-001
5.9702296708503217E+000 5.9790846918845677E+000 5.9790846918845659E+000 7.5431263364840673E-001
3.0851963739961437E+000 7.0345037305214246E+000 7.0345037305214220E+000 7.7439806583940074E-001
1.0098260727347170E+000 7.2616489274324589E+000 7.2616489274324572E+000 8.1456893022138832E-001
2.7237986699073558E-016 7.2616489274324589E+000 7.2616489274324554E+000 8.4134950647604678E-001
9.5295862932774362E+000 1.1860268939218244E+000 2.9494023305819614E+000 8.7796115882772829E-001
9.2162821603379417E+000 1.5553738607094763E+000 3.8678914560981021E+000 8.5001521533856594E-001
8.2743004946429242E+000 2.2773478248265033E+000 5.6632906188818568E+000 8.0809630010482225E-001
5.9941584470861917E+000 3.1601786118723876E+000 7.8587072609215696E+000 7.8713684248795057E-001
3.0975618905251849E+000 3.7180085882549174E+000 9.2459144489227896E+000 8.0809630010482247E-001
1.0138734718238340E+000 3.8380636518739513E+000 9.5444664347595332E+000 8.5001521533856594E-001
6.1695971538184114E-016 3.8380636518739513E+000 9.5444664347595314E+000 8.7796115882772829E-001
9.5169055397268352E+000 1.1844486811554613E+000 2.9454776435153192E+000 8.7796115882772829E-001
9.2040183118211925E+000 1.5533041682800557E+000 3.8627445612796083E+000 8.5001521533856594E-001
8.2632901147431994E+000 2.2743174218659892E+000 5.6557546366877371E+000 8.0809630010482225E-001
5.9861821883409005E+000 3.1559734507122124E+000 7.8482498992969223E+000 7.8713684248795057E-001
3.0934400516821707E+000 3.7130611383703469E+000 9.2336111695496381E+000 8.0809630010482247E-001
1.0125243387941285E+000 3.8329564480790435E+000 9.5317658806214620E+000 8.5001521533856594E-001
6.1695971538184114E-016 3.8329564480790426E+000 9.5317658806214638E+000 8.7796115882772829E-001
9.5042247861762359E+000 1.1828704683890983E+000 2.9415529564486764E+000 8.7796115882772829E-001
9.1917544633044450E+000 1.5512344758506356E+000 3.8575976664611149E+000 8.5001521533856594E-001
8.2522797348434764E+000 2.2712870189054755E+000 5.6482186544936157E+000 8.0809630010482225E-001
5.9782059295956111E+000 3.1517682895520363E+000 7.8377925376722777E+000 7.8713684248795057E-001
3.0893182128391570E+000 3.7081136884857759E+000 9.2213078901764867E+000 8.0809630010482247E-001
1.0111752057644228E+000 3.8278492442841348E+000 9.5190653264833909E+000 8.5001521533856594E-001
6.1695971538184114E-016 3.8278492442841343E+000 9.5190653264833909E+000 8.7796115882772829E-001
9.4915440326256331E+000 1.1812922556227350E+000 2.9376282693820341E+000 8.7796115882772829E-001
9.1794906147876940E+000 1.5491647834212150E+000 3.8524507716426215E+000 8.5001521533856594E-001
8.2412693549437535E+000 2.2682566159449613E+000 5.6406826722994952E+000 8.0809630010482225E-001
5.9702296708503209E+000 3.1475631283918606E+000 7.8273351760476331E+000 7.8713684248795057E-001
3.0851963739961432E+000 3.7031662386012063E+000 9.2090046108033388E+000 8.0809630010482247E-001
1.0098260727347173E+000 3.8227420404892269E+000 9.5063647723453251E+000 8.5001521533856594E-001
6.1695971538184114E-016 3.8227420404892265E+000 9.5063647723453233E+000 8.7796115882772829E-001
9.5295862932774380E+000 3.8363576614793987E-001 3.0963502836369736E+000 9.5118446353109132E-001
9.2162821603379435E+000 5.0310582817111849E-001 4.0606012557138218E+000 9.2090778557292108E-001
8.2743004946429224E+000 7.3663766145613718E-001 5.9454525183864693E+000 8.7549276863566572E-001
5.9941584470861935E+000 1.0222007183337156E+000 8.2502513150090007E+000 8.5278526016703804E-001
3.0975618905251858E+000 1.2026380519781112E+000 9.7065732706451140E+000 8.7549276863566572E-001
1.0138734718238345E+000 1.2414714178549426E+000 1.0019999999999998E+001 9.2090778557292108E-001
8.7610065690070460E-016 1.2414714178549424E+000 1.0019999999999998E+001 9.5118446353109132E-001
9.5169055397268352E+000 3.8312527277981218E-001 3.0922300570453074E+000 9.5118446353109132E-001
9.2040183118211925E+000 5.0243635933788999E-001 4.0551979273629044E+000 9.2090778557292108E-001
8.2632901147431994E+000 7.3565743835373376E-001 5.9375410712562147E+000 8.7549276863566572E-001
5.9861821883409014E+000 1.0208405044703310E+000 8.2392729366789830E+000 8.5278526016703804E-001
3.0934400516821716E+000 1.2010377352090122E+000 9.6936570054812474E+000 8.7549276863566572E-001
1.0125243387941287E+000 1.2398194266136189E+000 1.0006666666666668E+001 9.2090778557292108E-001
8.7610065690070460E-016 1.2398194266136187E+000 1.0006666666666666E+001 9.5118446353109132E-001
9.5042247861762359E+000 3.8261477941168454E-001 3.0881098304536425E+000 9.5118446353109132E-001
9.1917544633044432E+000 5.0176689050466172E-001 4.0497945990119888E+000 9.2090778557292108E-001
8.2522797348434764E+000 7.3467721525133056E-001 5.9296296241259601E+000 8.7549276863566572E-001
5.9782059295956111E+000 1.0194802906069462E+000 8.2282945583489653E+000 8.5278526016703804E-001
3.0893182128391579E+000 1.1994374184399130E+000 9.6807407403173826E+000 8.7549276863566572E-001
1.0111752057644232E+000 1.2381674353722947E+000 9.9933333333333323E+000 9.2090778557292108E-001
8.7610065690070460E-016 1.2381674353722947E+000 9.9933333333333323E+000 9.5118446353109132E-001
9.4915440326256348E+000 3.8210428604355690E-001 3.0839896038619767E+000 9.5118446353109132E-001
9.1794906147876958E+000 5.0109742167143345E-001 4.0443912706610732E+000 9.2090778557292108E-001
8.2412693549437535E+000 7.3369699214892714E-001 5.9217181769957055E+000 8.7549276863566572E-001
5.9702296708503209E+000 1.0181200767435614E+000 8.2173161800189458E+000 8.5278526016703804E-001
3.0851963739961437E+000 1.1978371016708138E+000 9.6678244751535178E+000 8.7549276863566572E-001
1.0098260727347177E+000 1.2365154441309711E+000 9.9800000000000022E+000 9.2090778557292108E-001
8.7610065690070460E-016 1.2365154441309711E+000 9.9800000000000022E+000 9.5118446353109132E-001
9.5295862932774380E+000 2.0000000000000002E-015 3.0963502836369741E+000 1.0000000000000000E+000
9.2162821603379435E+000 2.0657539841284639E-015 4.0606012557138218E+000 9.6816949906249117E-001
8.2743004946429242E+000 2.2181812147563314E-015 5.9454525183864702E+000 9.2042374765622792E-001
5.9941584470861908E+000 2.4863805684673816E-015 8.2502513150090007E+000 8.9655087195309635E-001
3.0975618905251858E+000 2.7614092673497186E-015 9.7065732706451140E+000 9.2042374765622792E-001
1.0138734718238347E+000 2.9264848108486571E-015 1.0020000000000000E+001 9.6816949906249117E-001
1.0000000000000001E-015 2.9999999999999998E-015 1.0020000000000000E+001 1.0000000000000000E+000
9.5169055397268369E+000 2.0000000000000002E-015 3.0922300570453078E+000 1.0000000000000000E+000
9.2040183118211960E+000 2.0657539841284639E-015 4.0551979273629053E+000 9.6816949906249117E-001
8.2632901147431994E+000 2.2181812147563314E-015 5.9375410712562156E+000 9.2042374765622792E-001
5.9861821883409014E+000 2.4863805684673816E-015 8.2392729366789830E+000 8.9655087195309635E-001
3.0934400516821716E+000 2.7614092673497186E-015 9.6936570054812492E+000 9.2042374765622792E-001
1.0125243387941290E+000 2.9264848108486571E-015 1.0006666666666669E+001 9.6816949906249117E-001
1.0000000000000001E-015 2.9999999999999998E-015 1.0006666666666668E+001 1.0000000000000000E+000
9.5042247861762359E+000 2.0000000000000002E-015 3.0881098304536425E+000 1.0000000000000000E+000
9.1917544633044468E+000 2.0657539841284639E-015 4.0497945990119888E+000 9.6816949906249117E-001
8.2522797348434764E+000 2.2181812147563314E-015 5.9296296241259610E+000 9.2042374765622792E-001
5.9782059295956103E+000 2.4863805684673816E-015 8.2282945583489653E+000 8.9655087195309635E-001
3.0893182128391574E+000 2.7614092673497186E-015 9.6807407403173844E+000 9.2042374765622792E-001
1.0111752057644234E+000 2.9264848108486571E-015 9.9933333333333358E+000 9.6816949906249117E-001
1.0000000000000001E-015 2.9999999999999998E-015 9.9933333333333341E+000 1.0000000000000000E+000
9.4915440326256348E+000 2.0000000000000002E-015 3.0839896038619772E+000 1.0000000000000000E+000
9.1794906147876976E+000 2.0657539841284639E-015 4.0443912706610732E+000 9.6816949906249117E-001
8.2412693549437535E+000 2.2181812147563314E-015 5.9217181769957055E+000 9.2042374765622792E-001
5.9702296708503200E+000 2.4863805684673816E-015 8.2173161800189458E+000 8.9655087195309635E-001
3.0851963739961437E+000 2.7614092673497186E-015 9.6678244751535178E+000 9.2042374765622792E-001
1.0098260727347177E+000 2.9264848108486571E-015 9.9800000000000022E+000 9.6816949906249117E-001
1.0000000000000001E-015 2.9999999999999998E-015 9.9800000000000022E+000 1.0000000000000000E+000
 --------------------------------------------------------
*material
5
6.825e7, 0.30, 1.0, 1.0, 1e15
!Young Modulus, Poisson coef, thickness (set to 1.0 if not used), density, Yield Stress
*bcdof
63
1	,	1
2	,	1
3	,	1
4	,	1
5	,	1
6	,	1
7	,	1
7	,	2
14	,	2
21	,	2
28	,	2
35	,	2
42	,	2
49	,	2
56	,	2
63	,	2
70	,	2
77	,	2
84	,	2
91	,	2
98	,	2
105	,	2
112	,	2
119	,	2
126	,	2
133	,	2
140	,	2
147	,	2
154	,	2
161	,	2
168	,	2
175	,	2
182	,	2
189	,	2
196	,	2
1	,	3
8	,	3
15	,	3
22	,	3
29	,	3
36	,	3
43	,	3
50	,	3
57	,	3
64	,	3
71	,	3
78	,	3
85	,	3
92	,	3
99	,	3
106	,	3
113	,	3
120	,	3
127	,	3
134	,	3
141	,	3
148	,	3
155	,	3
162	,	3
169	,	3
176	,	3
183	,	3
190	,	3
*loaddof
2
190, 2,  1.0
196, 3, -1.0
*end