*begin
3        !problem dimension
1, 1, 1     !degree of each dimension
3, 2, 2     !control points in each direction
0, 0, 0     !open(0) or closed(1) knot vector
--------------------------------------------------------
*knots    !knot spans
0.0, 0.0, 0.5, 1.0, 1.0  
0.0, 0.0, 1.0, 1.0
0.0, 0.0, 1.0, 1.0
--------------------------------------------------------
*element
Hex8
*bnet     !nurbs control points
 0.0, 0.0, 0.0, 1.0     (1,1,1)
 0.0, 0.0, 1.0, 1.0     (1,1,2)
 0.0, 1.0, 0.0, 1.0     (1,2,1)
 0.0, 1.0, 1.0, 1.0     (1,2,2)
 1.0, 0.0, 0.0, 1.0     (2,1,1)
 1.0, 0.0, 1.0, 1.0     (2,1,2)
 1.0, 1.0, 0.0, 1.0     (2,2,1)
 1.0, 1.0, 1.0, 1.0     (2,2,2)
 2.0, 0.0, 0.0, 1.0     (2,1,1)
 2.0, 0.0, 1.0, 1.0     (2,1,2)
 2.0, 1.0, 0.0, 1.0     (2,2,1)
 2.0, 1.0, 1.0, 1.0     (2,2,2)
 --------------------------------------------------------
*material
5
1000.0, 0.0, 1.0, 0.0, 1.0e25
!Young Modulus, Poisson coef, thickness (set to 1.0 if not used), density, Yield Stress
*boundary   !boundary condition
12
1, 1, 1, 1
1, 1, 1, 2
1, 1, 1, 3
1, 1, 2, 1
1, 1, 2, 2
1, 1, 2, 3
1, 2, 1, 1
1, 2, 1, 2
1, 2, 1, 3
1, 2, 2, 1
1, 2, 2, 2
1, 2, 2, 3
--------------------------------------------------------
*pressure
1
2, S6, 10.0
*end