*begin
3        !problem dimension
2, 2, 2     !degree of each dimension
3, 3, 3     !control points in each direction
0, 0, 0     !open(0) or closed(1) knot vector
--------------------------------------------------------
*knots    !knot spans
0.0, 0.0, 0.0 1.0 1.0, 1.0  
0.0, 0.0, 0.0 1.0 1.0, 1.0 
0.0, 0.0, 0.0 1.0 1.0, 1.0 
--------------------------------------------------------
*element
Hex27ANS
*bnet     !nurbs control points
0.0000000000000000E+000 0.0000000000000000E+000 0.0000000000000000E+000 1.0000000000000000E+000
0.0000000000000000E+000 0.0000000000000000E+000 5.0000000000000000E-001 1.0000000000000000E+000
0.0000000000000000E+000 0.0000000000000000E+000 1.0000000000000000E+000 1.0000000000000000E+000
0.0000000000000000E+000 5.0000000000000000E-001 0.0000000000000000E+000 1.0000000000000000E+000
0.0000000000000000E+000 5.0000000000000000E-001 5.0000000000000000E-001 1.0000000000000000E+000
0.0000000000000000E+000 5.0000000000000000E-001 1.0000000000000000E+000 1.0000000000000000E+000
0.0000000000000000E+000 1.0000000000000000E+000 0.0000000000000000E+000 1.0000000000000000E+000
0.0000000000000000E+000 1.0000000000000000E+000 5.0000000000000000E-001 1.0000000000000000E+000
0.0000000000000000E+000 1.0000000000000000E+000 1.0000000000000000E+000 1.0000000000000000E+000
1.0000000000000000E+000 0.0000000000000000E+000 0.0000000000000000E+000 1.0000000000000000E+000
1.0000000000000000E+000 0.0000000000000000E+000 5.0000000000000000E-001 1.0000000000000000E+000
1.0000000000000000E+000 0.0000000000000000E+000 1.0000000000000000E+000 1.0000000000000000E+000
1.0000000000000000E+000 5.0000000000000000E-001 0.0000000000000000E+000 1.0000000000000000E+000
1.0000000000000000E+000 5.0000000000000000E-001 5.0000000000000000E-001 1.0000000000000000E+000
1.0000000000000000E+000 5.0000000000000000E-001 1.0000000000000000E+000 1.0000000000000000E+000
1.0000000000000000E+000 1.0000000000000000E+000 0.0000000000000000E+000 1.0000000000000000E+000
1.0000000000000000E+000 1.0000000000000000E+000 5.0000000000000000E-001 1.0000000000000000E+000
1.0000000000000000E+000 1.0000000000000000E+000 1.0000000000000000E+000 1.0000000000000000E+000
2.0000000000000000E+000 0.0000000000000000E+000 0.0000000000000000E+000 1.0000000000000000E+000
2.0000000000000000E+000 0.0000000000000000E+000 5.0000000000000000E-001 1.0000000000000000E+000
2.0000000000000000E+000 0.0000000000000000E+000 1.0000000000000000E+000 1.0000000000000000E+000
2.0000000000000000E+000 5.0000000000000000E-001 0.0000000000000000E+000 1.0000000000000000E+000
2.0000000000000000E+000 5.0000000000000000E-001 5.0000000000000000E-001 1.0000000000000000E+000
2.0000000000000000E+000 5.0000000000000000E-001 1.0000000000000000E+000 1.0000000000000000E+000
2.0000000000000000E+000 1.0000000000000000E+000 0.0000000000000000E+000 1.0000000000000000E+000
2.0000000000000000E+000 1.0000000000000000E+000 5.0000000000000000E-001 1.0000000000000000E+000
2.0000000000000000E+000 1.0000000000000000E+000 1.0000000000000000E+000 1.0000000000000000E+000
 --------------------------------------------------------
*material
9
1000.0, 0.3, 1.0, 0.0, 0.5e25, 0.5, 0.0, 5.0, 100.0 
!Young Modulus, Poisson coef, thickness (set to 1.0 if not used), density, Yield Stress
*boundary   !boundary condition
12
1, 1, 1, 1
1, 1, 1, 2
1, 1, 1, 3
1, 1, 2, 1
1, 1, 2, 2
1, 1, 2, 3
1, 2, 1, 1
1, 2, 1, 2
1, 2, 1, 3
1, 2, 2, 1
1, 2, 2, 2
1, 2, 2, 3
--------------------------------------------------------
*pressure
1
1, S5, 1.0
2, S5, 1.0
*end



!gravity constant, direction
*gravity
10, 1