   0.9960000000000000E+00    0.4000000000000000E-02   -0.2000000000000000E+01    0.2000000000000000E+01
   0.9920000000000000E+00    0.8000000000000000E-02   -0.2000000000000000E+01    0.2000000000000000E+01
   0.9880000000000000E+00    0.1200000000000000E-01   -0.2000000000000000E+01    0.2000000000000000E+01
   0.9840000000000000E+00    0.1600000000000000E-01   -0.2000000000000000E+01    0.2000000000000000E+01
   0.9800000000000000E+00    0.2000000000000000E-01   -0.2000000000000000E+01    0.2000000000000000E+01
   0.9760000000000000E+00    0.2400000000000000E-01   -0.2000000000000000E+01    0.2000000000000000E+01
   0.9720000000000000E+00    0.2800000000000000E-01   -0.2000000000000000E+01    0.2000000000000000E+01
   0.9680000000000000E+00    0.3200000000000000E-01   -0.2000000000000000E+01    0.2000000000000000E+01
   0.9640000000000000E+00    0.3600000000000000E-01   -0.2000000000000000E+01    0.2000000000000000E+01
   0.9600000000000000E+00    0.4000000000000001E-01   -0.2000000000000000E+01    0.2000000000000000E+01
   0.9560000000000000E+00    0.4400000000000001E-01   -0.2000000000000000E+01    0.2000000000000000E+01
   0.9520000000000000E+00    0.4800000000000001E-01   -0.2000000000000000E+01    0.2000000000000000E+01
   0.9480000000000000E+00    0.5200000000000002E-01   -0.2000000000000000E+01    0.2000000000000000E+01
   0.9440000000000000E+00    0.5600000000000002E-01   -0.2000000000000000E+01    0.2000000000000000E+01
   0.9399999999999999E+00    0.6000000000000003E-01   -0.2000000000000000E+01    0.2000000000000000E+01
   0.9359999999999999E+00    0.6400000000000003E-01   -0.2000000000000000E+01    0.2000000000000000E+01
   0.9319999999999999E+00    0.6800000000000003E-01   -0.2000000000000000E+01    0.2000000000000000E+01
   0.9279999999999999E+00    0.7200000000000004E-01   -0.2000000000000000E+01    0.2000000000000000E+01
   0.9239999999999999E+00    0.7600000000000004E-01   -0.2000000000000000E+01    0.2000000000000000E+01
   0.9199999999999999E+00    0.8000000000000004E-01   -0.2000000000000000E+01    0.2000000000000000E+01
   0.9159999999999999E+00    0.8400000000000005E-01   -0.2000000000000000E+01    0.2000000000000000E+01
   0.9119999999999999E+00    0.8800000000000005E-01   -0.2000000000000000E+01    0.2000000000000000E+01
   0.9079999999999999E+00    0.9200000000000005E-01   -0.2000000000000000E+01    0.2000000000000000E+01
   0.9039999999999999E+00    0.9600000000000006E-01   -0.2000000000000000E+01    0.2000000000000000E+01
   0.8999999999999999E+00    0.1000000000000001E+00   -0.2000000000000000E+01    0.2000000000000000E+01
   0.8959999999999999E+00    0.1040000000000001E+00   -0.2000000000000000E+01    0.2000000000000000E+01
   0.8919999999999999E+00    0.1080000000000001E+00   -0.2000000000000000E+01    0.2000000000000000E+01
   0.8879999999999999E+00    0.1120000000000001E+00   -0.2000000000000000E+01    0.2000000000000000E+01
   0.8839999999999999E+00    0.1160000000000001E+00   -0.2000000000000000E+01    0.2000000000000000E+01
   0.8799999999999999E+00    0.1200000000000001E+00   -0.2000000000000000E+01    0.2000000000000000E+01
   0.8759999999999999E+00    0.1240000000000001E+00   -0.2000000000000000E+01    0.2000000000000000E+01
   0.8719999999999999E+00    0.1280000000000001E+00   -0.2000000000000000E+01    0.2000000000000000E+01
   0.8679999999999999E+00    0.1320000000000001E+00   -0.2000000000000000E+01    0.2000000000000000E+01
   0.8639999999999999E+00    0.1360000000000001E+00   -0.2000000000000000E+01    0.2000000000000000E+01
   0.8599999999999999E+00    0.1400000000000001E+00   -0.2000000000000000E+01    0.2000000000000000E+01
   0.8559999999999999E+00    0.1440000000000001E+00   -0.2000000000000000E+01    0.2000000000000000E+01
   0.8519999999999999E+00    0.1480000000000001E+00   -0.2000000000000000E+01    0.2000000000000000E+01
   0.8479999999999999E+00    0.1520000000000001E+00   -0.2000000000000000E+01    0.2000000000000000E+01
   0.8439999999999999E+00    0.1560000000000001E+00   -0.2000000000000000E+01    0.2000000000000000E+01
   0.8399999999999999E+00    0.1600000000000001E+00   -0.2000000000000000E+01    0.2000000000000000E+01
   0.8359999999999999E+00    0.1640000000000001E+00   -0.2000000000000000E+01    0.2000000000000000E+01
   0.8319999999999999E+00    0.1680000000000001E+00   -0.2000000000000000E+01    0.2000000000000000E+01
   0.8279999999999998E+00    0.1720000000000001E+00   -0.2000000000000000E+01    0.2000000000000000E+01
   0.8239999999999998E+00    0.1760000000000001E+00   -0.2000000000000000E+01    0.2000000000000000E+01
   0.8199999999999998E+00    0.1800000000000001E+00   -0.2000000000000000E+01    0.2000000000000000E+01
   0.8159999999999998E+00    0.1840000000000001E+00   -0.2000000000000000E+01    0.2000000000000000E+01
   0.8119999999999998E+00    0.1880000000000001E+00   -0.2000000000000000E+01    0.2000000000000000E+01
   0.8079999999999998E+00    0.1920000000000001E+00   -0.2000000000000000E+01    0.2000000000000000E+01
   0.8039999999999998E+00    0.1960000000000001E+00   -0.2000000000000000E+01    0.2000000000000000E+01
   0.7999999999999998E+00    0.2000000000000001E+00   -0.2000000000000000E+01    0.2000000000000000E+01
   0.7959999999999998E+00    0.2040000000000002E+00   -0.2000000000000000E+01    0.2000000000000000E+01
   0.7919999999999998E+00    0.2080000000000002E+00   -0.2000000000000000E+01    0.2000000000000000E+01
   0.7879999999999998E+00    0.2120000000000002E+00   -0.2000000000000000E+01    0.2000000000000000E+01
   0.7839999999999998E+00    0.2160000000000002E+00   -0.2000000000000000E+01    0.2000000000000000E+01
   0.7799999999999998E+00    0.2200000000000002E+00   -0.2000000000000000E+01    0.2000000000000000E+01
   0.7759999999999998E+00    0.2240000000000002E+00   -0.2000000000000000E+01    0.2000000000000000E+01
   0.7719999999999998E+00    0.2280000000000002E+00   -0.2000000000000000E+01    0.2000000000000000E+01
   0.7679999999999998E+00    0.2320000000000002E+00   -0.2000000000000000E+01    0.2000000000000000E+01
   0.7639999999999998E+00    0.2360000000000002E+00   -0.2000000000000000E+01    0.2000000000000000E+01
   0.7599999999999998E+00    0.2400000000000002E+00   -0.2000000000000000E+01    0.2000000000000000E+01
   0.7559999999999998E+00    0.2440000000000002E+00   -0.2000000000000000E+01    0.2000000000000000E+01
   0.7519999999999998E+00    0.2480000000000002E+00   -0.2000000000000000E+01    0.2000000000000000E+01
   0.7479999999999998E+00    0.2520000000000002E+00   -0.2000000000000000E+01    0.2000000000000000E+01
   0.7439999999999998E+00    0.2560000000000002E+00   -0.2000000000000000E+01    0.2000000000000000E+01
   0.7399999999999998E+00    0.2600000000000002E+00   -0.2000000000000000E+01    0.2000000000000000E+01
   0.7359999999999998E+00    0.2640000000000002E+00   -0.2000000000000000E+01    0.2000000000000000E+01
   0.7319999999999998E+00    0.2680000000000002E+00   -0.2000000000000000E+01    0.2000000000000000E+01
   0.7279999999999998E+00    0.2720000000000002E+00   -0.2000000000000000E+01    0.2000000000000000E+01
   0.7239999999999998E+00    0.2760000000000002E+00   -0.2000000000000000E+01    0.2000000000000000E+01
   0.7199999999999998E+00    0.2800000000000002E+00   -0.2000000000000000E+01    0.2000000000000000E+01
   0.7159999999999997E+00    0.2840000000000002E+00   -0.2000000000000000E+01    0.2000000000000000E+01
   0.7119999999999997E+00    0.2880000000000002E+00   -0.2000000000000000E+01    0.2000000000000000E+01
   0.7079999999999997E+00    0.2920000000000002E+00   -0.2000000000000000E+01    0.2000000000000000E+01
   0.7039999999999997E+00    0.2960000000000002E+00   -0.2000000000000000E+01    0.2000000000000000E+01
   0.6999999999999997E+00    0.3000000000000002E+00   -0.2000000000000000E+01    0.2000000000000000E+01
   0.6959999999999997E+00    0.3040000000000002E+00   -0.2000000000000000E+01    0.2000000000000000E+01
   0.6919999999999997E+00    0.3080000000000002E+00   -0.2000000000000000E+01    0.2000000000000000E+01
   0.6879999999999997E+00    0.3120000000000002E+00   -0.2000000000000000E+01    0.2000000000000000E+01
   0.6839999999999997E+00    0.3160000000000002E+00   -0.2000000000000000E+01    0.2000000000000000E+01
   0.6799999999999997E+00    0.3200000000000002E+00   -0.2000000000000000E+01    0.2000000000000000E+01
   0.6759999999999997E+00    0.3240000000000002E+00   -0.2000000000000000E+01    0.2000000000000000E+01
   0.6719999999999997E+00    0.3280000000000002E+00   -0.2000000000000000E+01    0.2000000000000000E+01
   0.6679999999999997E+00    0.3320000000000002E+00   -0.2000000000000000E+01    0.2000000000000000E+01
   0.6639999999999997E+00    0.3360000000000002E+00   -0.2000000000000000E+01    0.2000000000000000E+01
   0.6599999999999997E+00    0.3400000000000002E+00   -0.2000000000000000E+01    0.2000000000000000E+01
   0.6559999999999997E+00    0.3440000000000003E+00   -0.2000000000000000E+01    0.2000000000000000E+01
   0.6519999999999997E+00    0.3480000000000003E+00   -0.2000000000000000E+01    0.2000000000000000E+01
   0.6479999999999997E+00    0.3520000000000003E+00   -0.2000000000000000E+01    0.2000000000000000E+01
   0.6439999999999997E+00    0.3560000000000003E+00   -0.2000000000000000E+01    0.2000000000000000E+01
   0.6399999999999997E+00    0.3600000000000003E+00   -0.2000000000000000E+01    0.2000000000000000E+01
   0.6359999999999997E+00    0.3640000000000003E+00   -0.2000000000000000E+01    0.2000000000000000E+01
   0.6319999999999997E+00    0.3680000000000003E+00   -0.2000000000000000E+01    0.2000000000000000E+01
   0.6279999999999997E+00    0.3720000000000003E+00   -0.2000000000000000E+01    0.2000000000000000E+01
   0.6239999999999997E+00    0.3760000000000003E+00   -0.2000000000000000E+01    0.2000000000000000E+01
   0.6199999999999997E+00    0.3800000000000003E+00   -0.2000000000000000E+01    0.2000000000000000E+01
   0.6159999999999997E+00    0.3840000000000003E+00   -0.2000000000000000E+01    0.2000000000000000E+01
   0.6119999999999997E+00    0.3880000000000003E+00   -0.2000000000000000E+01    0.2000000000000000E+01
   0.6079999999999997E+00    0.3920000000000003E+00   -0.2000000000000000E+01    0.2000000000000000E+01
   0.6039999999999996E+00    0.3960000000000003E+00   -0.2000000000000000E+01    0.2000000000000000E+01
   0.5999999999999996E+00    0.4000000000000003E+00   -0.2000000000000000E+01    0.2000000000000000E+01
   0.5959999999999996E+00    0.4040000000000003E+00   -0.2000000000000000E+01    0.2000000000000000E+01
   0.5919999999999996E+00    0.4080000000000003E+00   -0.2000000000000000E+01    0.2000000000000000E+01
   0.5879999999999996E+00    0.4120000000000003E+00   -0.2000000000000000E+01    0.2000000000000000E+01
   0.5839999999999996E+00    0.4160000000000003E+00   -0.2000000000000000E+01    0.2000000000000000E+01
   0.5799999999999996E+00    0.4200000000000003E+00   -0.2000000000000000E+01    0.2000000000000000E+01
   0.5759999999999996E+00    0.4240000000000003E+00   -0.2000000000000000E+01    0.2000000000000000E+01
   0.5719999999999996E+00    0.4280000000000003E+00   -0.2000000000000000E+01    0.2000000000000000E+01
   0.5679999999999996E+00    0.4320000000000003E+00   -0.2000000000000000E+01    0.2000000000000000E+01
   0.5639999999999996E+00    0.4360000000000003E+00   -0.2000000000000000E+01    0.2000000000000000E+01
   0.5599999999999996E+00    0.4400000000000003E+00   -0.2000000000000000E+01    0.2000000000000000E+01
   0.5559999999999996E+00    0.4440000000000003E+00   -0.2000000000000000E+01    0.2000000000000000E+01
   0.5519999999999996E+00    0.4480000000000003E+00   -0.2000000000000000E+01    0.2000000000000000E+01
   0.5479999999999996E+00    0.4520000000000003E+00   -0.2000000000000000E+01    0.2000000000000000E+01
   0.5439999999999996E+00    0.4560000000000003E+00   -0.2000000000000000E+01    0.2000000000000000E+01
   0.5399999999999996E+00    0.4600000000000004E+00   -0.2000000000000000E+01    0.2000000000000000E+01
   0.5359999999999996E+00    0.4640000000000004E+00   -0.2000000000000000E+01    0.2000000000000000E+01
   0.5319999999999996E+00    0.4680000000000004E+00   -0.2000000000000000E+01    0.2000000000000000E+01
   0.5279999999999996E+00    0.4720000000000004E+00   -0.2000000000000000E+01    0.2000000000000000E+01
   0.5239999999999996E+00    0.4760000000000004E+00   -0.2000000000000000E+01    0.2000000000000000E+01
   0.5199999999999996E+00    0.4800000000000004E+00   -0.2000000000000000E+01    0.2000000000000000E+01
   0.5159999999999996E+00    0.4840000000000004E+00   -0.2000000000000000E+01    0.2000000000000000E+01
   0.5119999999999996E+00    0.4880000000000004E+00   -0.2000000000000000E+01    0.2000000000000000E+01
   0.5079999999999996E+00    0.4920000000000004E+00   -0.2000000000000000E+01    0.2000000000000000E+01
   0.5039999999999996E+00    0.4960000000000004E+00   -0.2000000000000000E+01    0.2000000000000000E+01
   0.4999999999999997E+00    0.5000000000000003E+00   -0.2000000000000000E+01    0.2000000000000000E+01
   0.4959999999999997E+00    0.5040000000000003E+00   -0.2000000000000000E+01    0.2000000000000000E+01
   0.4919999999999997E+00    0.5080000000000003E+00   -0.2000000000000000E+01    0.2000000000000000E+01
   0.4879999999999997E+00    0.5120000000000003E+00   -0.2000000000000000E+01    0.2000000000000000E+01
   0.4839999999999997E+00    0.5160000000000003E+00   -0.2000000000000000E+01    0.2000000000000000E+01
   0.4799999999999996E+00    0.5200000000000004E+00   -0.2000000000000000E+01    0.2000000000000000E+01
   0.4759999999999996E+00    0.5240000000000004E+00   -0.2000000000000000E+01    0.2000000000000000E+01
   0.4719999999999996E+00    0.5280000000000004E+00   -0.2000000000000000E+01    0.2000000000000000E+01
   0.4679999999999996E+00    0.5320000000000004E+00   -0.2000000000000000E+01    0.2000000000000000E+01
   0.4639999999999996E+00    0.5360000000000004E+00   -0.2000000000000000E+01    0.2000000000000000E+01
   0.4599999999999996E+00    0.5400000000000004E+00   -0.2000000000000000E+01    0.2000000000000000E+01
   0.4559999999999996E+00    0.5440000000000004E+00   -0.2000000000000000E+01    0.2000000000000000E+01
   0.4519999999999996E+00    0.5480000000000004E+00   -0.2000000000000000E+01    0.2000000000000000E+01
   0.4479999999999996E+00    0.5520000000000004E+00   -0.2000000000000000E+01    0.2000000000000000E+01
   0.4439999999999996E+00    0.5560000000000004E+00   -0.2000000000000000E+01    0.2000000000000000E+01
   0.4399999999999996E+00    0.5600000000000004E+00   -0.2000000000000000E+01    0.2000000000000000E+01
   0.4359999999999996E+00    0.5640000000000004E+00   -0.2000000000000000E+01    0.2000000000000000E+01
   0.4319999999999996E+00    0.5680000000000004E+00   -0.2000000000000000E+01    0.2000000000000000E+01
   0.4279999999999996E+00    0.5720000000000004E+00   -0.2000000000000000E+01    0.2000000000000000E+01
   0.4239999999999996E+00    0.5760000000000004E+00   -0.2000000000000000E+01    0.2000000000000000E+01
   0.4199999999999996E+00    0.5800000000000004E+00   -0.2000000000000000E+01    0.2000000000000000E+01
   0.4159999999999996E+00    0.5840000000000004E+00   -0.2000000000000000E+01    0.2000000000000000E+01
   0.4119999999999996E+00    0.5880000000000004E+00   -0.2000000000000000E+01    0.2000000000000000E+01
   0.4079999999999996E+00    0.5920000000000004E+00   -0.2000000000000000E+01    0.2000000000000000E+01
   0.4039999999999996E+00    0.5960000000000004E+00   -0.2000000000000000E+01    0.2000000000000000E+01
   0.3999999999999996E+00    0.6000000000000004E+00   -0.2000000000000000E+01    0.2000000000000000E+01
   0.3959999999999996E+00    0.6040000000000004E+00   -0.2000000000000000E+01    0.2000000000000000E+01
   0.3919999999999996E+00    0.6080000000000004E+00   -0.2000000000000000E+01    0.2000000000000000E+01
   0.3879999999999996E+00    0.6120000000000004E+00   -0.2000000000000000E+01    0.2000000000000000E+01
   0.3839999999999996E+00    0.6160000000000004E+00   -0.2000000000000000E+01    0.2000000000000000E+01
   0.3799999999999996E+00    0.6200000000000004E+00   -0.2000000000000000E+01    0.2000000000000000E+01
   0.3759999999999996E+00    0.6240000000000004E+00   -0.2000000000000000E+01    0.2000000000000000E+01
   0.3719999999999996E+00    0.6280000000000004E+00   -0.2000000000000000E+01    0.2000000000000000E+01
   0.3679999999999995E+00    0.6320000000000005E+00   -0.2000000000000000E+01    0.2000000000000000E+01
   0.3639999999999995E+00    0.6360000000000005E+00   -0.2000000000000000E+01    0.2000000000000000E+01
   0.3599999999999995E+00    0.6400000000000005E+00   -0.2000000000000000E+01    0.2000000000000000E+01
   0.3559999999999995E+00    0.6440000000000005E+00   -0.2000000000000000E+01    0.2000000000000000E+01
   0.3519999999999995E+00    0.6480000000000005E+00   -0.2000000000000000E+01    0.2000000000000000E+01
   0.3479999999999995E+00    0.6520000000000005E+00   -0.2000000000000000E+01    0.2000000000000000E+01
   0.3439999999999995E+00    0.6560000000000005E+00   -0.2000000000000000E+01    0.2000000000000000E+01
   0.3399999999999995E+00    0.6600000000000005E+00   -0.2000000000000000E+01    0.2000000000000000E+01
   0.3359999999999995E+00    0.6640000000000005E+00   -0.2000000000000000E+01    0.2000000000000000E+01
   0.3319999999999995E+00    0.6680000000000005E+00   -0.2000000000000000E+01    0.2000000000000000E+01
   0.3279999999999995E+00    0.6720000000000005E+00   -0.2000000000000000E+01    0.2000000000000000E+01
   0.3239999999999995E+00    0.6760000000000005E+00   -0.2000000000000000E+01    0.2000000000000000E+01
   0.3199999999999995E+00    0.6800000000000005E+00   -0.2000000000000000E+01    0.2000000000000000E+01
   0.3159999999999995E+00    0.6840000000000005E+00   -0.2000000000000000E+01    0.2000000000000000E+01
   0.3119999999999995E+00    0.6880000000000005E+00   -0.2000000000000000E+01    0.2000000000000000E+01
   0.3079999999999995E+00    0.6920000000000005E+00   -0.2000000000000000E+01    0.2000000000000000E+01
   0.3039999999999995E+00    0.6960000000000005E+00   -0.2000000000000000E+01    0.2000000000000000E+01
   0.2999999999999995E+00    0.7000000000000005E+00   -0.2000000000000000E+01    0.2000000000000000E+01
   0.2959999999999995E+00    0.7040000000000005E+00   -0.2000000000000000E+01    0.2000000000000000E+01
   0.2919999999999995E+00    0.7080000000000005E+00   -0.2000000000000000E+01    0.2000000000000000E+01
   0.2879999999999995E+00    0.7120000000000005E+00   -0.2000000000000000E+01    0.2000000000000000E+01
   0.2839999999999995E+00    0.7160000000000005E+00   -0.2000000000000000E+01    0.2000000000000000E+01
   0.2799999999999995E+00    0.7200000000000005E+00   -0.2000000000000000E+01    0.2000000000000000E+01
   0.2759999999999995E+00    0.7240000000000005E+00   -0.2000000000000000E+01    0.2000000000000000E+01
   0.2719999999999995E+00    0.7280000000000005E+00   -0.2000000000000000E+01    0.2000000000000000E+01
   0.2679999999999995E+00    0.7320000000000005E+00   -0.2000000000000000E+01    0.2000000000000000E+01
   0.2639999999999995E+00    0.7360000000000005E+00   -0.2000000000000000E+01    0.2000000000000000E+01
   0.2599999999999995E+00    0.7400000000000005E+00   -0.2000000000000000E+01    0.2000000000000000E+01
   0.2559999999999995E+00    0.7440000000000005E+00   -0.2000000000000000E+01    0.2000000000000000E+01
   0.2519999999999994E+00    0.7480000000000006E+00   -0.2000000000000000E+01    0.2000000000000000E+01
   0.2479999999999994E+00    0.7520000000000006E+00   -0.2000000000000000E+01    0.2000000000000000E+01
   0.2439999999999994E+00    0.7560000000000006E+00   -0.2000000000000000E+01    0.2000000000000000E+01
   0.2399999999999994E+00    0.7600000000000006E+00   -0.2000000000000000E+01    0.2000000000000000E+01
   0.2359999999999994E+00    0.7640000000000006E+00   -0.2000000000000000E+01    0.2000000000000000E+01
   0.2319999999999994E+00    0.7680000000000006E+00   -0.2000000000000000E+01    0.2000000000000000E+01
   0.2279999999999994E+00    0.7720000000000006E+00   -0.2000000000000000E+01    0.2000000000000000E+01
   0.2239999999999994E+00    0.7760000000000006E+00   -0.2000000000000000E+01    0.2000000000000000E+01
   0.2199999999999994E+00    0.7800000000000006E+00   -0.2000000000000000E+01    0.2000000000000000E+01
   0.2159999999999994E+00    0.7840000000000006E+00   -0.2000000000000000E+01    0.2000000000000000E+01
   0.2119999999999994E+00    0.7880000000000006E+00   -0.2000000000000000E+01    0.2000000000000000E+01
   0.2079999999999994E+00    0.7920000000000006E+00   -0.2000000000000000E+01    0.2000000000000000E+01
   0.2039999999999994E+00    0.7960000000000006E+00   -0.2000000000000000E+01    0.2000000000000000E+01
   0.1999999999999994E+00    0.8000000000000006E+00   -0.2000000000000000E+01    0.2000000000000000E+01
   0.1959999999999994E+00    0.8040000000000006E+00   -0.2000000000000000E+01    0.2000000000000000E+01
   0.1919999999999994E+00    0.8080000000000006E+00   -0.2000000000000000E+01    0.2000000000000000E+01
   0.1879999999999994E+00    0.8120000000000006E+00   -0.2000000000000000E+01    0.2000000000000000E+01
   0.1839999999999994E+00    0.8160000000000006E+00   -0.2000000000000000E+01    0.2000000000000000E+01
   0.1799999999999994E+00    0.8200000000000006E+00   -0.2000000000000000E+01    0.2000000000000000E+01
   0.1759999999999994E+00    0.8240000000000006E+00   -0.2000000000000000E+01    0.2000000000000000E+01
   0.1719999999999994E+00    0.8280000000000006E+00   -0.2000000000000000E+01    0.2000000000000000E+01
   0.1679999999999994E+00    0.8320000000000006E+00   -0.2000000000000000E+01    0.2000000000000000E+01
   0.1639999999999994E+00    0.8360000000000006E+00   -0.2000000000000000E+01    0.2000000000000000E+01
   0.1599999999999994E+00    0.8400000000000006E+00   -0.2000000000000000E+01    0.2000000000000000E+01
   0.1559999999999994E+00    0.8440000000000006E+00   -0.2000000000000000E+01    0.2000000000000000E+01
   0.1519999999999994E+00    0.8480000000000006E+00   -0.2000000000000000E+01    0.2000000000000000E+01
   0.1479999999999994E+00    0.8520000000000006E+00   -0.2000000000000000E+01    0.2000000000000000E+01
   0.1439999999999994E+00    0.8560000000000006E+00   -0.2000000000000000E+01    0.2000000000000000E+01
   0.1399999999999993E+00    0.8600000000000007E+00   -0.2000000000000000E+01    0.2000000000000000E+01
   0.1359999999999993E+00    0.8640000000000007E+00   -0.2000000000000000E+01    0.2000000000000000E+01
   0.1319999999999993E+00    0.8680000000000007E+00   -0.2000000000000000E+01    0.2000000000000000E+01
   0.1279999999999993E+00    0.8720000000000007E+00   -0.2000000000000000E+01    0.2000000000000000E+01
   0.1239999999999993E+00    0.8760000000000007E+00   -0.2000000000000000E+01    0.2000000000000000E+01
   0.1199999999999993E+00    0.8800000000000007E+00   -0.2000000000000000E+01    0.2000000000000000E+01
   0.1159999999999993E+00    0.8840000000000007E+00   -0.2000000000000000E+01    0.2000000000000000E+01
   0.1119999999999993E+00    0.8880000000000007E+00   -0.2000000000000000E+01    0.2000000000000000E+01
   0.1079999999999993E+00    0.8920000000000007E+00   -0.2000000000000000E+01    0.2000000000000000E+01
   0.1039999999999993E+00    0.8960000000000007E+00   -0.2000000000000000E+01    0.2000000000000000E+01
   0.9999999999999931E-01    0.9000000000000007E+00   -0.2000000000000000E+01    0.2000000000000000E+01
   0.9599999999999931E-01    0.9040000000000007E+00   -0.2000000000000000E+01    0.2000000000000000E+01
   0.9199999999999930E-01    0.9080000000000007E+00   -0.2000000000000000E+01    0.2000000000000000E+01
   0.8799999999999930E-01    0.9120000000000007E+00   -0.2000000000000000E+01    0.2000000000000000E+01
   0.8399999999999930E-01    0.9160000000000007E+00   -0.2000000000000000E+01    0.2000000000000000E+01
   0.7999999999999929E-01    0.9200000000000007E+00   -0.2000000000000000E+01    0.2000000000000000E+01
   0.7599999999999929E-01    0.9240000000000007E+00   -0.2000000000000000E+01    0.2000000000000000E+01
   0.7199999999999929E-01    0.9280000000000007E+00   -0.2000000000000000E+01    0.2000000000000000E+01
   0.6799999999999928E-01    0.9320000000000007E+00   -0.2000000000000000E+01    0.2000000000000000E+01
   0.6399999999999928E-01    0.9360000000000007E+00   -0.2000000000000000E+01    0.2000000000000000E+01
   0.5999999999999928E-01    0.9400000000000007E+00   -0.2000000000000000E+01    0.2000000000000000E+01
   0.5599999999999927E-01    0.9440000000000007E+00   -0.2000000000000000E+01    0.2000000000000000E+01
   0.5199999999999927E-01    0.9480000000000007E+00   -0.2000000000000000E+01    0.2000000000000000E+01
   0.4799999999999927E-01    0.9520000000000007E+00   -0.2000000000000000E+01    0.2000000000000000E+01
   0.4399999999999926E-01    0.9560000000000007E+00   -0.2000000000000000E+01    0.2000000000000000E+01
   0.3999999999999926E-01    0.9600000000000007E+00   -0.2000000000000000E+01    0.2000000000000000E+01
   0.3599999999999925E-01    0.9640000000000007E+00   -0.2000000000000000E+01    0.2000000000000000E+01
   0.3199999999999925E-01    0.9680000000000007E+00   -0.2000000000000000E+01    0.2000000000000000E+01
   0.2799999999999925E-01    0.9720000000000008E+00   -0.2000000000000000E+01    0.2000000000000000E+01
   0.2399999999999924E-01    0.9760000000000008E+00   -0.2000000000000000E+01    0.2000000000000000E+01
   0.1999999999999924E-01    0.9800000000000008E+00   -0.2000000000000000E+01    0.2000000000000000E+01
   0.1599999999999924E-01    0.9840000000000008E+00   -0.2000000000000000E+01    0.2000000000000000E+01
   0.1199999999999923E-01    0.9880000000000008E+00   -0.2000000000000000E+01    0.2000000000000000E+01
   0.7999999999999230E-02    0.9920000000000008E+00   -0.2000000000000000E+01    0.2000000000000000E+01
   0.3999999999999226E-02    0.9960000000000008E+00   -0.2000000000000000E+01    0.2000000000000000E+01
   0.9999999999999993E+00    0.6661338147750939E-15   -0.2000000000000000E+01    0.2000000000000000E+01
   0.9959999999999993E+00    0.4000000000000670E-02   -0.2000000000000000E+01    0.2000000000000000E+01
   0.9919999999999993E+00    0.8000000000000673E-02   -0.2000000000000000E+01    0.2000000000000000E+01
   0.9879999999999993E+00    0.1200000000000068E-01   -0.2000000000000000E+01    0.2000000000000000E+01
   0.9839999999999993E+00    0.1600000000000068E-01   -0.2000000000000000E+01    0.2000000000000000E+01
   0.9799999999999993E+00    0.2000000000000068E-01   -0.2000000000000000E+01    0.2000000000000000E+01
   0.9759999999999993E+00    0.2400000000000069E-01   -0.2000000000000000E+01    0.2000000000000000E+01
   0.9719999999999993E+00    0.2800000000000069E-01   -0.2000000000000000E+01    0.2000000000000000E+01
   0.9679999999999993E+00    0.3200000000000069E-01   -0.2000000000000000E+01    0.2000000000000000E+01
   0.9639999999999993E+00    0.3600000000000070E-01   -0.2000000000000000E+01    0.2000000000000000E+01
   0.9599999999999993E+00    0.4000000000000070E-01   -0.2000000000000000E+01    0.2000000000000000E+01
   0.9559999999999993E+00    0.4400000000000071E-01   -0.2000000000000000E+01    0.2000000000000000E+01
   0.9519999999999993E+00    0.4800000000000071E-01   -0.2000000000000000E+01    0.2000000000000000E+01
   0.9479999999999993E+00    0.5200000000000071E-01   -0.2000000000000000E+01    0.2000000000000000E+01
   0.9439999999999993E+00    0.5600000000000072E-01   -0.2000000000000000E+01    0.2000000000000000E+01
   0.9399999999999993E+00    0.6000000000000072E-01   -0.2000000000000000E+01    0.2000000000000000E+01
   0.9359999999999993E+00    0.6400000000000072E-01   -0.2000000000000000E+01    0.2000000000000000E+01
   0.9319999999999993E+00    0.6800000000000073E-01   -0.2000000000000000E+01    0.2000000000000000E+01
   0.9279999999999993E+00    0.7200000000000073E-01   -0.2000000000000000E+01    0.2000000000000000E+01
   0.9239999999999993E+00    0.7600000000000073E-01   -0.2000000000000000E+01    0.2000000000000000E+01
   0.9199999999999993E+00    0.8000000000000074E-01   -0.2000000000000000E+01    0.2000000000000000E+01
   0.9159999999999993E+00    0.8400000000000074E-01   -0.2000000000000000E+01    0.2000000000000000E+01
   0.9119999999999993E+00    0.8800000000000074E-01   -0.2000000000000000E+01    0.2000000000000000E+01
   0.9079999999999993E+00    0.9200000000000075E-01   -0.2000000000000000E+01    0.2000000000000000E+01
   0.9039999999999992E+00    0.9600000000000075E-01   -0.2000000000000000E+01    0.2000000000000000E+01
   0.8999999999999992E+00    0.1000000000000008E+00   -0.2000000000000000E+01    0.2000000000000000E+01
   0.8959999999999992E+00    0.1040000000000008E+00   -0.2000000000000000E+01    0.2000000000000000E+01
   0.8919999999999992E+00    0.1080000000000008E+00   -0.2000000000000000E+01    0.2000000000000000E+01
   0.8879999999999992E+00    0.1120000000000008E+00   -0.2000000000000000E+01    0.2000000000000000E+01
   0.8839999999999992E+00    0.1160000000000008E+00   -0.2000000000000000E+01    0.2000000000000000E+01
   0.8799999999999992E+00    0.1200000000000008E+00   -0.2000000000000000E+01    0.2000000000000000E+01
   0.8759999999999992E+00    0.1240000000000008E+00   -0.2000000000000000E+01    0.2000000000000000E+01
   0.8719999999999992E+00    0.1280000000000008E+00   -0.2000000000000000E+01    0.2000000000000000E+01
   0.8679999999999992E+00    0.1320000000000008E+00   -0.2000000000000000E+01    0.2000000000000000E+01
   0.8639999999999992E+00    0.1360000000000008E+00   -0.2000000000000000E+01    0.2000000000000000E+01
   0.8599999999999992E+00    0.1400000000000008E+00   -0.2000000000000000E+01    0.2000000000000000E+01
   0.8559999999999992E+00    0.1440000000000008E+00   -0.2000000000000000E+01    0.2000000000000000E+01
   0.8519999999999992E+00    0.1480000000000008E+00   -0.2000000000000000E+01    0.2000000000000000E+01
   0.8479999999999992E+00    0.1520000000000008E+00   -0.2000000000000000E+01    0.2000000000000000E+01
   0.8439999999999992E+00    0.1560000000000008E+00   -0.2000000000000000E+01    0.2000000000000000E+01
   0.8399999999999992E+00    0.1600000000000008E+00   -0.2000000000000000E+01    0.2000000000000000E+01
   0.8359999999999992E+00    0.1640000000000008E+00   -0.2000000000000000E+01    0.2000000000000000E+01
   0.8319999999999992E+00    0.1680000000000008E+00   -0.2000000000000000E+01    0.2000000000000000E+01
   0.8279999999999992E+00    0.1720000000000008E+00   -0.2000000000000000E+01    0.2000000000000000E+01
   0.8239999999999992E+00    0.1760000000000008E+00   -0.2000000000000000E+01    0.2000000000000000E+01
   0.8199999999999992E+00    0.1800000000000008E+00   -0.2000000000000000E+01    0.2000000000000000E+01
   0.8159999999999992E+00    0.1840000000000008E+00   -0.2000000000000000E+01    0.2000000000000000E+01
   0.8119999999999992E+00    0.1880000000000008E+00   -0.2000000000000000E+01    0.2000000000000000E+01
   0.8079999999999992E+00    0.1920000000000008E+00   -0.2000000000000000E+01    0.2000000000000000E+01
   0.8039999999999992E+00    0.1960000000000008E+00   -0.2000000000000000E+01    0.2000000000000000E+01
   0.7999999999999992E+00    0.2000000000000008E+00   -0.2000000000000000E+01    0.2000000000000000E+01
   0.7959999999999992E+00    0.2040000000000008E+00   -0.2000000000000000E+01    0.2000000000000000E+01
   0.7919999999999991E+00    0.2080000000000009E+00   -0.2000000000000000E+01    0.2000000000000000E+01
   0.7879999999999991E+00    0.2120000000000009E+00   -0.2000000000000000E+01    0.2000000000000000E+01
   0.7839999999999991E+00    0.2160000000000009E+00   -0.2000000000000000E+01    0.2000000000000000E+01
   0.7799999999999991E+00    0.2200000000000009E+00   -0.2000000000000000E+01    0.2000000000000000E+01
   0.7759999999999991E+00    0.2240000000000009E+00   -0.2000000000000000E+01    0.2000000000000000E+01
   0.7719999999999991E+00    0.2280000000000009E+00   -0.2000000000000000E+01    0.2000000000000000E+01
   0.7679999999999991E+00    0.2320000000000009E+00   -0.2000000000000000E+01    0.2000000000000000E+01
   0.7639999999999991E+00    0.2360000000000009E+00   -0.2000000000000000E+01    0.2000000000000000E+01
   0.7599999999999991E+00    0.2400000000000009E+00   -0.2000000000000000E+01    0.2000000000000000E+01
   0.7559999999999991E+00    0.2440000000000009E+00   -0.2000000000000000E+01    0.2000000000000000E+01
   0.7519999999999991E+00    0.2480000000000009E+00   -0.2000000000000000E+01    0.2000000000000000E+01
   0.7479999999999991E+00    0.2520000000000009E+00   -0.2000000000000000E+01    0.2000000000000000E+01
   0.7439999999999991E+00    0.2560000000000009E+00   -0.2000000000000000E+01    0.2000000000000000E+01
   0.7399999999999991E+00    0.2600000000000009E+00   -0.2000000000000000E+01    0.2000000000000000E+01
   0.7359999999999991E+00    0.2640000000000009E+00   -0.2000000000000000E+01    0.2000000000000000E+01
   0.7319999999999991E+00    0.2680000000000009E+00   -0.2000000000000000E+01    0.2000000000000000E+01
   0.7279999999999991E+00    0.2720000000000009E+00   -0.2000000000000000E+01    0.2000000000000000E+01
   0.7239999999999991E+00    0.2760000000000009E+00   -0.2000000000000000E+01    0.2000000000000000E+01
   0.7199999999999991E+00    0.2800000000000009E+00   -0.2000000000000000E+01    0.2000000000000000E+01
   0.7159999999999991E+00    0.2840000000000009E+00   -0.2000000000000000E+01    0.2000000000000000E+01
   0.7119999999999991E+00    0.2880000000000009E+00   -0.2000000000000000E+01    0.2000000000000000E+01
   0.7079999999999991E+00    0.2920000000000009E+00   -0.2000000000000000E+01    0.2000000000000000E+01
   0.7039999999999991E+00    0.2960000000000009E+00   -0.2000000000000000E+01    0.2000000000000000E+01
   0.6999999999999991E+00    0.3000000000000009E+00   -0.2000000000000000E+01    0.2000000000000000E+01
   0.6959999999999991E+00    0.3040000000000009E+00   -0.2000000000000000E+01    0.2000000000000000E+01
   0.6919999999999991E+00    0.3080000000000009E+00   -0.2000000000000000E+01    0.2000000000000000E+01
   0.6879999999999991E+00    0.3120000000000009E+00   -0.2000000000000000E+01    0.2000000000000000E+01
   0.6839999999999991E+00    0.3160000000000009E+00   -0.2000000000000000E+01    0.2000000000000000E+01
   0.6799999999999990E+00    0.3200000000000010E+00   -0.2000000000000000E+01    0.2000000000000000E+01
   0.6759999999999990E+00    0.3240000000000010E+00   -0.2000000000000000E+01    0.2000000000000000E+01
   0.6719999999999990E+00    0.3280000000000010E+00   -0.2000000000000000E+01    0.2000000000000000E+01
   0.6679999999999990E+00    0.3320000000000010E+00   -0.2000000000000000E+01    0.2000000000000000E+01
   0.6639999999999990E+00    0.3360000000000010E+00   -0.2000000000000000E+01    0.2000000000000000E+01
   0.6599999999999990E+00    0.3400000000000010E+00   -0.2000000000000000E+01    0.2000000000000000E+01
   0.6559999999999990E+00    0.3440000000000010E+00   -0.2000000000000000E+01    0.2000000000000000E+01
   0.6519999999999990E+00    0.3480000000000010E+00   -0.2000000000000000E+01    0.2000000000000000E+01
   0.6479999999999990E+00    0.3520000000000010E+00   -0.2000000000000000E+01    0.2000000000000000E+01
   0.6439999999999990E+00    0.3560000000000010E+00   -0.2000000000000000E+01    0.2000000000000000E+01
   0.6399999999999990E+00    0.3600000000000010E+00   -0.2000000000000000E+01    0.2000000000000000E+01
   0.6359999999999990E+00    0.3640000000000010E+00   -0.2000000000000000E+01    0.2000000000000000E+01
   0.6319999999999990E+00    0.3680000000000010E+00   -0.2000000000000000E+01    0.2000000000000000E+01
   0.6279999999999990E+00    0.3720000000000010E+00   -0.2000000000000000E+01    0.2000000000000000E+01
   0.6239999999999990E+00    0.3760000000000010E+00   -0.2000000000000000E+01    0.2000000000000000E+01
   0.6199999999999990E+00    0.3800000000000010E+00   -0.2000000000000000E+01    0.2000000000000000E+01
   0.6159999999999990E+00    0.3840000000000010E+00   -0.2000000000000000E+01    0.2000000000000000E+01
   0.6119999999999990E+00    0.3880000000000010E+00   -0.2000000000000000E+01    0.2000000000000000E+01
   0.6079999999999990E+00    0.3920000000000010E+00   -0.2000000000000000E+01    0.2000000000000000E+01
   0.6039999999999990E+00    0.3960000000000010E+00   -0.2000000000000000E+01    0.2000000000000000E+01
   0.5999999999999990E+00    0.4000000000000010E+00   -0.2000000000000000E+01    0.2000000000000000E+01
   0.5959999999999990E+00    0.4040000000000010E+00   -0.2000000000000000E+01    0.2000000000000000E+01
   0.5919999999999990E+00    0.4080000000000010E+00   -0.2000000000000000E+01    0.2000000000000000E+01
   0.5879999999999990E+00    0.4120000000000010E+00   -0.2000000000000000E+01    0.2000000000000000E+01
   0.5839999999999990E+00    0.4160000000000010E+00   -0.2000000000000000E+01    0.2000000000000000E+01
   0.5799999999999990E+00    0.4200000000000010E+00   -0.2000000000000000E+01    0.2000000000000000E+01
   0.5759999999999990E+00    0.4240000000000010E+00   -0.2000000000000000E+01    0.2000000000000000E+01
   0.5719999999999990E+00    0.4280000000000010E+00   -0.2000000000000000E+01    0.2000000000000000E+01
   0.5679999999999990E+00    0.4320000000000010E+00   -0.2000000000000000E+01    0.2000000000000000E+01
   0.5639999999999989E+00    0.4360000000000011E+00   -0.2000000000000000E+01    0.2000000000000000E+01
   0.5599999999999989E+00    0.4400000000000011E+00   -0.2000000000000000E+01    0.2000000000000000E+01
   0.5559999999999989E+00    0.4440000000000011E+00   -0.2000000000000000E+01    0.2000000000000000E+01
   0.5519999999999989E+00    0.4480000000000011E+00   -0.2000000000000000E+01    0.2000000000000000E+01
   0.5479999999999989E+00    0.4520000000000011E+00   -0.2000000000000000E+01    0.2000000000000000E+01
   0.5439999999999989E+00    0.4560000000000011E+00   -0.2000000000000000E+01    0.2000000000000000E+01
   0.5399999999999989E+00    0.4600000000000011E+00   -0.2000000000000000E+01    0.2000000000000000E+01
   0.5359999999999989E+00    0.4640000000000011E+00   -0.2000000000000000E+01    0.2000000000000000E+01
   0.5319999999999989E+00    0.4680000000000011E+00   -0.2000000000000000E+01    0.2000000000000000E+01
   0.5279999999999989E+00    0.4720000000000011E+00   -0.2000000000000000E+01    0.2000000000000000E+01
   0.5239999999999989E+00    0.4760000000000011E+00   -0.2000000000000000E+01    0.2000000000000000E+01
   0.5199999999999989E+00    0.4800000000000011E+00   -0.2000000000000000E+01    0.2000000000000000E+01
   0.5159999999999989E+00    0.4840000000000011E+00   -0.2000000000000000E+01    0.2000000000000000E+01
   0.5119999999999989E+00    0.4880000000000011E+00   -0.2000000000000000E+01    0.2000000000000000E+01
   0.5079999999999989E+00    0.4920000000000011E+00   -0.2000000000000000E+01    0.2000000000000000E+01
   0.5039999999999989E+00    0.4960000000000011E+00   -0.2000000000000000E+01    0.2000000000000000E+01
   0.4999999999999989E+00    0.5000000000000011E+00   -0.2000000000000000E+01    0.2000000000000000E+01
   0.4959999999999989E+00    0.5040000000000011E+00   -0.2000000000000000E+01    0.2000000000000000E+01
   0.4919999999999989E+00    0.5080000000000011E+00   -0.2000000000000000E+01    0.2000000000000000E+01
   0.4879999999999989E+00    0.5120000000000011E+00   -0.2000000000000000E+01    0.2000000000000000E+01
   0.4839999999999989E+00    0.5160000000000011E+00   -0.2000000000000000E+01    0.2000000000000000E+01
   0.4799999999999989E+00    0.5200000000000011E+00   -0.2000000000000000E+01    0.2000000000000000E+01
   0.4759999999999989E+00    0.5240000000000011E+00   -0.2000000000000000E+01    0.2000000000000000E+01
   0.4719999999999989E+00    0.5280000000000011E+00   -0.2000000000000000E+01    0.2000000000000000E+01
   0.4679999999999989E+00    0.5320000000000011E+00   -0.2000000000000000E+01    0.2000000000000000E+01
   0.4639999999999989E+00    0.5360000000000011E+00   -0.2000000000000000E+01    0.2000000000000000E+01
   0.4599999999999989E+00    0.5400000000000011E+00   -0.2000000000000000E+01    0.2000000000000000E+01
   0.4559999999999989E+00    0.5440000000000011E+00   -0.2000000000000000E+01    0.2000000000000000E+01
   0.4519999999999988E+00    0.5480000000000012E+00   -0.2000000000000000E+01    0.2000000000000000E+01
   0.4479999999999988E+00    0.5520000000000012E+00   -0.2000000000000000E+01    0.2000000000000000E+01
   0.4439999999999988E+00    0.5560000000000012E+00   -0.2000000000000000E+01    0.2000000000000000E+01
   0.4399999999999988E+00    0.5600000000000012E+00   -0.2000000000000000E+01    0.2000000000000000E+01
   0.4359999999999988E+00    0.5640000000000012E+00   -0.2000000000000000E+01    0.2000000000000000E+01
   0.4319999999999988E+00    0.5680000000000012E+00   -0.2000000000000000E+01    0.2000000000000000E+01
   0.4279999999999988E+00    0.5720000000000012E+00   -0.2000000000000000E+01    0.2000000000000000E+01
   0.4239999999999988E+00    0.5760000000000012E+00   -0.2000000000000000E+01    0.2000000000000000E+01
   0.4199999999999988E+00    0.5800000000000012E+00   -0.2000000000000000E+01    0.2000000000000000E+01
   0.4159999999999988E+00    0.5840000000000012E+00   -0.2000000000000000E+01    0.2000000000000000E+01
   0.4119999999999988E+00    0.5880000000000012E+00   -0.2000000000000000E+01    0.2000000000000000E+01
   0.4079999999999988E+00    0.5920000000000012E+00   -0.2000000000000000E+01    0.2000000000000000E+01
   0.4039999999999988E+00    0.5960000000000012E+00   -0.2000000000000000E+01    0.2000000000000000E+01
   0.3999999999999988E+00    0.6000000000000012E+00   -0.2000000000000000E+01    0.2000000000000000E+01
   0.3959999999999988E+00    0.6040000000000012E+00   -0.2000000000000000E+01    0.2000000000000000E+01
   0.3919999999999988E+00    0.6080000000000012E+00   -0.2000000000000000E+01    0.2000000000000000E+01
   0.3879999999999988E+00    0.6120000000000012E+00   -0.2000000000000000E+01    0.2000000000000000E+01
   0.3839999999999988E+00    0.6160000000000012E+00   -0.2000000000000000E+01    0.2000000000000000E+01
   0.3799999999999988E+00    0.6200000000000012E+00   -0.2000000000000000E+01    0.2000000000000000E+01
   0.3759999999999988E+00    0.6240000000000012E+00   -0.2000000000000000E+01    0.2000000000000000E+01
   0.3719999999999988E+00    0.6280000000000012E+00   -0.2000000000000000E+01    0.2000000000000000E+01
   0.3679999999999988E+00    0.6320000000000012E+00   -0.2000000000000000E+01    0.2000000000000000E+01
   0.3639999999999988E+00    0.6360000000000012E+00   -0.2000000000000000E+01    0.2000000000000000E+01
   0.3599999999999988E+00    0.6400000000000012E+00   -0.2000000000000000E+01    0.2000000000000000E+01
   0.3559999999999988E+00    0.6440000000000012E+00   -0.2000000000000000E+01    0.2000000000000000E+01
   0.3519999999999988E+00    0.6480000000000012E+00   -0.2000000000000000E+01    0.2000000000000000E+01
   0.3479999999999988E+00    0.6520000000000012E+00   -0.2000000000000000E+01    0.2000000000000000E+01
   0.3439999999999988E+00    0.6560000000000012E+00   -0.2000000000000000E+01    0.2000000000000000E+01
   0.3399999999999987E+00    0.6600000000000013E+00   -0.2000000000000000E+01    0.2000000000000000E+01
   0.3359999999999987E+00    0.6640000000000013E+00   -0.2000000000000000E+01    0.2000000000000000E+01
   0.3319999999999987E+00    0.6680000000000013E+00   -0.2000000000000000E+01    0.2000000000000000E+01
   0.3279999999999987E+00    0.6720000000000013E+00   -0.2000000000000000E+01    0.2000000000000000E+01
   0.3239999999999987E+00    0.6760000000000013E+00   -0.2000000000000000E+01    0.2000000000000000E+01
   0.3199999999999987E+00    0.6800000000000013E+00   -0.2000000000000000E+01    0.2000000000000000E+01
   0.3159999999999987E+00    0.6840000000000013E+00   -0.2000000000000000E+01    0.2000000000000000E+01
   0.3119999999999987E+00    0.6880000000000013E+00   -0.2000000000000000E+01    0.2000000000000000E+01
   0.3079999999999987E+00    0.6920000000000013E+00   -0.2000000000000000E+01    0.2000000000000000E+01
   0.3039999999999987E+00    0.6960000000000013E+00   -0.2000000000000000E+01    0.2000000000000000E+01
   0.2999999999999987E+00    0.7000000000000013E+00   -0.2000000000000000E+01    0.2000000000000000E+01
   0.2959999999999987E+00    0.7040000000000013E+00   -0.2000000000000000E+01    0.2000000000000000E+01
   0.2919999999999987E+00    0.7080000000000013E+00   -0.2000000000000000E+01    0.2000000000000000E+01
   0.2879999999999987E+00    0.7120000000000013E+00   -0.2000000000000000E+01    0.2000000000000000E+01
   0.2839999999999987E+00    0.7160000000000013E+00   -0.2000000000000000E+01    0.2000000000000000E+01
   0.2799999999999987E+00    0.7200000000000013E+00   -0.2000000000000000E+01    0.2000000000000000E+01
   0.2759999999999987E+00    0.7240000000000013E+00   -0.2000000000000000E+01    0.2000000000000000E+01
   0.2719999999999987E+00    0.7280000000000013E+00   -0.2000000000000000E+01    0.2000000000000000E+01
   0.2679999999999987E+00    0.7320000000000013E+00   -0.2000000000000000E+01    0.2000000000000000E+01
   0.2639999999999987E+00    0.7360000000000013E+00   -0.2000000000000000E+01    0.2000000000000000E+01
   0.2599999999999987E+00    0.7400000000000013E+00   -0.2000000000000000E+01    0.2000000000000000E+01
   0.2559999999999987E+00    0.7440000000000013E+00   -0.2000000000000000E+01    0.2000000000000000E+01
   0.2519999999999987E+00    0.7480000000000013E+00   -0.2000000000000000E+01    0.2000000000000000E+01
   0.2479999999999987E+00    0.7520000000000013E+00   -0.2000000000000000E+01    0.2000000000000000E+01
   0.2439999999999987E+00    0.7560000000000013E+00   -0.2000000000000000E+01    0.2000000000000000E+01
   0.2399999999999987E+00    0.7600000000000013E+00   -0.2000000000000000E+01    0.2000000000000000E+01
   0.2359999999999987E+00    0.7640000000000013E+00   -0.2000000000000000E+01    0.2000000000000000E+01
   0.2319999999999987E+00    0.7680000000000013E+00   -0.2000000000000000E+01    0.2000000000000000E+01
   0.2279999999999986E+00    0.7720000000000014E+00   -0.2000000000000000E+01    0.2000000000000000E+01
   0.2239999999999986E+00    0.7760000000000014E+00   -0.2000000000000000E+01    0.2000000000000000E+01
   0.2199999999999986E+00    0.7800000000000014E+00   -0.2000000000000000E+01    0.2000000000000000E+01
   0.2159999999999986E+00    0.7840000000000014E+00   -0.2000000000000000E+01    0.2000000000000000E+01
   0.2119999999999986E+00    0.7880000000000014E+00   -0.2000000000000000E+01    0.2000000000000000E+01
   0.2079999999999986E+00    0.7920000000000014E+00   -0.2000000000000000E+01    0.2000000000000000E+01
   0.2039999999999986E+00    0.7960000000000014E+00   -0.2000000000000000E+01    0.2000000000000000E+01
   0.1999999999999986E+00    0.8000000000000014E+00   -0.2000000000000000E+01    0.2000000000000000E+01
   0.1959999999999986E+00    0.8040000000000014E+00   -0.2000000000000000E+01    0.2000000000000000E+01
   0.1919999999999986E+00    0.8080000000000014E+00   -0.2000000000000000E+01    0.2000000000000000E+01
   0.1879999999999986E+00    0.8120000000000014E+00   -0.2000000000000000E+01    0.2000000000000000E+01
   0.1839999999999986E+00    0.8160000000000014E+00   -0.2000000000000000E+01    0.2000000000000000E+01
   0.1799999999999986E+00    0.8200000000000014E+00   -0.2000000000000000E+01    0.2000000000000000E+01
   0.1759999999999986E+00    0.8240000000000014E+00   -0.2000000000000000E+01    0.2000000000000000E+01
   0.1719999999999986E+00    0.8280000000000014E+00   -0.2000000000000000E+01    0.2000000000000000E+01
   0.1679999999999986E+00    0.8320000000000014E+00   -0.2000000000000000E+01    0.2000000000000000E+01
   0.1639999999999986E+00    0.8360000000000014E+00   -0.2000000000000000E+01    0.2000000000000000E+01
   0.1599999999999986E+00    0.8400000000000014E+00   -0.2000000000000000E+01    0.2000000000000000E+01
   0.1559999999999986E+00    0.8440000000000014E+00   -0.2000000000000000E+01    0.2000000000000000E+01
   0.1519999999999986E+00    0.8480000000000014E+00   -0.2000000000000000E+01    0.2000000000000000E+01
   0.1479999999999986E+00    0.8520000000000014E+00   -0.2000000000000000E+01    0.2000000000000000E+01
   0.1439999999999986E+00    0.8560000000000014E+00   -0.2000000000000000E+01    0.2000000000000000E+01
   0.1399999999999986E+00    0.8600000000000014E+00   -0.2000000000000000E+01    0.2000000000000000E+01
   0.1359999999999986E+00    0.8640000000000014E+00   -0.2000000000000000E+01    0.2000000000000000E+01
   0.1319999999999986E+00    0.8680000000000014E+00   -0.2000000000000000E+01    0.2000000000000000E+01
   0.1279999999999986E+00    0.8720000000000014E+00   -0.2000000000000000E+01    0.2000000000000000E+01
   0.1239999999999986E+00    0.8760000000000014E+00   -0.2000000000000000E+01    0.2000000000000000E+01
   0.1199999999999986E+00    0.8800000000000014E+00   -0.2000000000000000E+01    0.2000000000000000E+01
   0.1159999999999985E+00    0.8840000000000015E+00   -0.2000000000000000E+01    0.2000000000000000E+01
   0.1119999999999985E+00    0.8880000000000015E+00   -0.2000000000000000E+01    0.2000000000000000E+01
   0.1079999999999985E+00    0.8920000000000015E+00   -0.2000000000000000E+01    0.2000000000000000E+01
   0.1039999999999985E+00    0.8960000000000015E+00   -0.2000000000000000E+01    0.2000000000000000E+01
   0.9999999999999853E-01    0.9000000000000015E+00   -0.2000000000000000E+01    0.2000000000000000E+01
   0.9599999999999853E-01    0.9040000000000015E+00   -0.2000000000000000E+01    0.2000000000000000E+01
   0.9199999999999853E-01    0.9080000000000015E+00   -0.2000000000000000E+01    0.2000000000000000E+01
   0.8799999999999852E-01    0.9120000000000015E+00   -0.2000000000000000E+01    0.2000000000000000E+01
   0.8399999999999852E-01    0.9160000000000015E+00   -0.2000000000000000E+01    0.2000000000000000E+01
   0.7999999999999852E-01    0.9200000000000015E+00   -0.2000000000000000E+01    0.2000000000000000E+01
   0.7599999999999851E-01    0.9240000000000015E+00   -0.2000000000000000E+01    0.2000000000000000E+01
   0.7199999999999851E-01    0.9280000000000015E+00   -0.2000000000000000E+01    0.2000000000000000E+01
   0.6799999999999851E-01    0.9320000000000015E+00   -0.2000000000000000E+01    0.2000000000000000E+01
   0.6399999999999850E-01    0.9360000000000015E+00   -0.2000000000000000E+01    0.2000000000000000E+01
   0.5999999999999850E-01    0.9400000000000015E+00   -0.2000000000000000E+01    0.2000000000000000E+01
   0.5599999999999850E-01    0.9440000000000015E+00   -0.2000000000000000E+01    0.2000000000000000E+01
   0.5199999999999849E-01    0.9480000000000015E+00   -0.2000000000000000E+01    0.2000000000000000E+01
   0.4799999999999849E-01    0.9520000000000015E+00   -0.2000000000000000E+01    0.2000000000000000E+01
   0.4399999999999848E-01    0.9560000000000015E+00   -0.2000000000000000E+01    0.2000000000000000E+01
   0.3999999999999848E-01    0.9600000000000015E+00   -0.2000000000000000E+01    0.2000000000000000E+01
   0.3599999999999848E-01    0.9640000000000015E+00   -0.2000000000000000E+01    0.2000000000000000E+01
   0.3199999999999847E-01    0.9680000000000015E+00   -0.2000000000000000E+01    0.2000000000000000E+01
   0.2799999999999847E-01    0.9720000000000015E+00   -0.2000000000000000E+01    0.2000000000000000E+01
   0.2399999999999847E-01    0.9760000000000015E+00   -0.2000000000000000E+01    0.2000000000000000E+01
   0.1999999999999846E-01    0.9800000000000015E+00   -0.2000000000000000E+01    0.2000000000000000E+01
   0.1599999999999846E-01    0.9840000000000015E+00   -0.2000000000000000E+01    0.2000000000000000E+01
   0.1199999999999846E-01    0.9880000000000015E+00   -0.2000000000000000E+01    0.2000000000000000E+01
   0.7999999999998453E-02    0.9920000000000015E+00   -0.2000000000000000E+01    0.2000000000000000E+01
   0.3999999999998449E-02    0.9960000000000016E+00   -0.2000000000000000E+01    0.2000000000000000E+01
