!---------------------------------------------------------------------------
!
! Beam bending problem for assessment of trapezoidal locking
! Thickness 3.0
!
!---------------------------------------------------------------------------
*begin
3           !problem dimension
2, 1, 1     !degree of each dimension
6, 2, 2     !control points in each direction
0, 0, 0     !open(0) or closed(1) knot vector
--------------------------------------------------------
*knots    !knot spans
0.0, 0.0, 0.0, 0.25 0.5, 0.75, 1.0, 1.0, 1.0
0.0, 0.0, 1.0, 1.0
0.0, 0.0, 1.0, 1.0
--------------------------------------------------------
*element
Hex8
*bnet     !nurbs control points
0.000000E+000 8.500000E+000 0.000000E+000 1.000000E+000
0.000000E+000 8.500000E+000 1.000000E+000 1.000000E+000
0.000000E+000 1.150000E+001 0.000000E+000 1.000000E+000
0.000000E+000 1.150000E+001 1.000000E+000 1.000000E+000
1.621320E+000 8.500000E+000 0.000000E+000 9.267767E-001
1.621320E+000 8.500000E+000 1.000000E+000 9.267767E-001
2.193551E+000 1.150000E+001 0.000000E+000 9.267767E-001
2.193551E+000 1.150000E+001 1.000000E+000 9.267767E-001
4.765611E+000 7.255204E+000 0.000000E+000 8.535534E-001
4.765611E+000 7.255204E+000 1.000000E+000 8.535534E-001
6.447592E+000 9.815864E+000 0.000000E+000 8.535534E-001
6.447592E+000 9.815864E+000 1.000000E+000 8.535534E-001
7.255204E+000 4.765611E+000 0.000000E+000 8.535534E-001
7.255204E+000 4.765611E+000 1.000000E+000 8.535534E-001
9.815864E+000 6.447592E+000 0.000000E+000 8.535534E-001
9.815864E+000 6.447592E+000 1.000000E+000 8.535534E-001
8.500000E+000 1.621320E+000 0.000000E+000 9.267767E-001
8.500000E+000 1.621320E+000 1.000000E+000 9.267767E-001
1.150000E+001 2.193551E+000 0.000000E+000 9.267767E-001
1.150000E+001 2.193551E+000 1.000000E+000 9.267767E-001
8.500000E+000 0.000000E+000 0.000000E+000 1.000000E+000
8.500000E+000 0.000000E+000 1.000000E+000 1.000000E+000
1.150000E+001 0.000000E+000 0.000000E+000 1.000000E+000
1.150000E+001 0.000000E+000 1.000000E+000 1.000000E+000
 --------------------------------------------------------
*material
5
240.565, 0.4999, 1.0, 0.0, 1.0e25
!Young Modulus, Poisson coef, thickness (set to 1.0 if not used), density, Yield Stress
*boundary   !boundary condition *38
12
1, 1, 1, 1
1, 1, 1, 2
1, 1, 1, 3
1, 1, 2, 1
1, 1, 2, 2
1, 1, 2, 3
1, 2, 1, 1
1, 2, 1, 2
1, 2, 1, 3
1, 2, 2, 1
1, 2, 2, 2
1, 2, 2, 3
--------------------------------------------------------
*load       !load vector
4
6, 1, 1, 2,  4.5
6, 1, 2, 2,  4.5
6, 2, 1, 2, -4.5
6, 2, 1, 2, -4.5
*end