!---------------------------------------------------------------------------
!
! Beam bending problem for assessment of trapezoidal locking
! Thickness 3.0
!
!---------------------------------------------------------------------------
*begin
3           !problem dimension
2, 1, 1     !degree of each dimension
6, 2, 2     !control points in each direction
0, 0, 0     !open(0) or closed(1) knot vector
--------------------------------------------------------
*knots    !knot spans
0.0, 0.0, 0.0, 0.25 0.5, 0.75, 1.0, 1.0, 1.0
0.0, 0.0, 1.0, 1.0
0.0, 0.0, 1.0, 1.0
--------------------------------------------------------
*element
Hex27
*bnet     !nurbs control points
0.000000E+000 9.995000E+000 0.000000E+000 1.000000E+000
0.000000E+000 9.995000E+000 1.000000E+000 1.000000E+000
0.000000E+000 1.000500E+001 0.000000E+000 1.000000E+000
0.000000E+000 1.000500E+001 1.000000E+000 1.000000E+000
1.906482E+000 9.995000E+000 0.000000E+000 9.267767E-001
1.906482E+000 9.995000E+000 1.000000E+000 9.267767E-001
1.908389E+000 1.000500E+001 0.000000E+000 9.267767E-001
1.908389E+000 1.000500E+001 1.000000E+000 9.267767E-001
5.603798E+000 8.531266E+000 0.000000E+000 8.535534E-001
5.603798E+000 8.531266E+000 1.000000E+000 8.535534E-001
5.609405E+000 8.539802E+000 0.000000E+000 8.535534E-001
5.609405E+000 8.539802E+000 1.000000E+000 8.535534E-001
8.531266E+000 5.603798E+000 0.000000E+000 8.535534E-001
8.531266E+000 5.603798E+000 1.000000E+000 8.535534E-001
8.539802E+000 5.609405E+000 0.000000E+000 8.535534E-001
8.539802E+000 5.609405E+000 1.000000E+000 8.535534E-001
9.995000E+000 1.906482E+000 0.000000E+000 9.267767E-001
9.995000E+000 1.906482E+000 1.000000E+000 9.267767E-001
1.000500E+001 1.908389E+000 0.000000E+000 9.267767E-001
1.000500E+001 1.908389E+000 1.000000E+000 9.267767E-001
9.995000E+000 0.000000E+000 0.000000E+000 1.000000E+000
9.995000E+000 0.000000E+000 1.000000E+000 1.000000E+000
1.000500E+001 0.000000E+000 0.000000E+000 1.000000E+000
1.000500E+001 0.000000E+000 1.000000E+000 1.000000E+000
 --------------------------------------------------------
*material
5
1000.0, 0.0, 1.0, 0.0, 1.0e25
!Young Modulus, Poisson coef, thickness (set to 1.0 if not used), density, Yield Stress
*boundary
12
1, 1, 1, 1
1, 1, 1, 2
1, 1, 1, 3
1, 1, 2, 1
1, 1, 2, 2
1, 1, 2, 3
1, 2, 1, 1
1, 2, 1, 2
1, 2, 1, 3
1, 2, 2, 1
1, 2, 2, 2
1, 2, 2, 3
--------------------------------------------------------
*load       !load vector
4
6, 1, 1, 2,  0.00005
6, 1, 2, 2,  0.00005
6, 2, 1, 2, -0.00005
6, 2, 2, 2, -0.00005
*end