!---------------------------------------------------------------------------
!
! Timoshenko Straight Cantilever
!
!---------------------------------------------------------------------------
*begin
3           !problem dimension
2, 2, 2     !degree of each dimension
3, 10, 3     !control points in each direction
0, 0, 0     !open(0) or closed(1) knot vector
--------------------------------------------------------
*knots    !knot spans
0.0, 0.0, 0.0, 1.0, 1.0, 1.0
0.0, 0.0, 0.0, 0.125, 0.25, 0.375, 0.5, 0.625, 0.75, 0.875, 1.0, 1.0, 1.0
0.0, 0.0, 0.0, 1.0, 1.0, 1.0
--------------------------------------------------------
*element
Hex27
*bnet     !nurbs control points
0.000000E+00	0.000000E+00	0.000000E+00	1.000000E+00
0.000000E+00	0.000000E+00	5.000000E-01	1.000000E+00
0.000000E+00	0.000000E+00	1.000000E+00	1.000000E+00
0.000000E+00	6.250000E+00	0.000000E+00	1.000000E+00
0.000000E+00	6.250000E+00	5.000000E-01	1.000000E+00
0.000000E+00	6.250000E+00	1.000000E+00	1.000000E+00
0.000000E+00	1.875000E+01	0.000000E+00	1.000000E+00
0.000000E+00	1.875000E+01	5.000000E-01	1.000000E+00
0.000000E+00	1.875000E+01	1.000000E+00	1.000000E+00
0.000000E+00	3.125000E+01	0.000000E+00	1.000000E+00
0.000000E+00	3.125000E+01	5.000000E-01	1.000000E+00
0.000000E+00	3.125000E+01	1.000000E+00	1.000000E+00
0.000000E+00	4.375000E+01	0.000000E+00	1.000000E+00
0.000000E+00	4.375000E+01	5.000000E-01	1.000000E+00
0.000000E+00	4.375000E+01	1.000000E+00	1.000000E+00
0.000000E+00	5.625000E+01	0.000000E+00	1.000000E+00
0.000000E+00	5.625000E+01	5.000000E-01	1.000000E+00
0.000000E+00	5.625000E+01	1.000000E+00	1.000000E+00
0.000000E+00	6.875000E+01	0.000000E+00	1.000000E+00
0.000000E+00	6.875000E+01	5.000000E-01	1.000000E+00
0.000000E+00	6.875000E+01	1.000000E+00	1.000000E+00
0.000000E+00	8.125000E+01	0.000000E+00	1.000000E+00
0.000000E+00	8.125000E+01	5.000000E-01	1.000000E+00
0.000000E+00	8.125000E+01	1.000000E+00	1.000000E+00
0.000000E+00	9.375000E+01	0.000000E+00	1.000000E+00
0.000000E+00	9.375000E+01	5.000000E-01	1.000000E+00
0.000000E+00	9.375000E+01	1.000000E+00	1.000000E+00
0.000000E+00	1.000000E+02	0.000000E+00	1.000000E+00
0.000000E+00	1.000000E+02	5.000000E-01	1.000000E+00
0.000000E+00	1.000000E+02	1.000000E+00	1.000000E+00
5.000000E-01	0.000000E+00	0.000000E+00	1.000000E+00
5.000000E-01	0.000000E+00	5.000000E-01	1.000000E+00
5.000000E-01	0.000000E+00	1.000000E+00	1.000000E+00
5.000000E-01	6.250000E+00	0.000000E+00	1.000000E+00
5.000000E-01	6.250000E+00	5.000000E-01	1.000000E+00
5.000000E-01	6.250000E+00	1.000000E+00	1.000000E+00
5.000000E-01	1.875000E+01	0.000000E+00	1.000000E+00
5.000000E-01	1.875000E+01	5.000000E-01	1.000000E+00
5.000000E-01	1.875000E+01	1.000000E+00	1.000000E+00
5.000000E-01	3.125000E+01	0.000000E+00	1.000000E+00
5.000000E-01	3.125000E+01	5.000000E-01	1.000000E+00
5.000000E-01	3.125000E+01	1.000000E+00	1.000000E+00
5.000000E-01	4.375000E+01	0.000000E+00	1.000000E+00
5.000000E-01	4.375000E+01	5.000000E-01	1.000000E+00
5.000000E-01	4.375000E+01	1.000000E+00	1.000000E+00
5.000000E-01	5.625000E+01	0.000000E+00	1.000000E+00
5.000000E-01	5.625000E+01	5.000000E-01	1.000000E+00
5.000000E-01	5.625000E+01	1.000000E+00	1.000000E+00
5.000000E-01	6.875000E+01	0.000000E+00	1.000000E+00
5.000000E-01	6.875000E+01	5.000000E-01	1.000000E+00
5.000000E-01	6.875000E+01	1.000000E+00	1.000000E+00
5.000000E-01	8.125000E+01	0.000000E+00	1.000000E+00
5.000000E-01	8.125000E+01	5.000000E-01	1.000000E+00
5.000000E-01	8.125000E+01	1.000000E+00	1.000000E+00
5.000000E-01	9.375000E+01	0.000000E+00	1.000000E+00
5.000000E-01	9.375000E+01	5.000000E-01	1.000000E+00
5.000000E-01	9.375000E+01	1.000000E+00	1.000000E+00
5.000000E-01	1.000000E+02	0.000000E+00	1.000000E+00
5.000000E-01	1.000000E+02	5.000000E-01	1.000000E+00
5.000000E-01	1.000000E+02	1.000000E+00	1.000000E+00
1.000000E+00	0.000000E+00	0.000000E+00	1.000000E+00
1.000000E+00	0.000000E+00	5.000000E-01	1.000000E+00
1.000000E+00	0.000000E+00	1.000000E+00	1.000000E+00
1.000000E+00	6.250000E+00	0.000000E+00	1.000000E+00
1.000000E+00	6.250000E+00	5.000000E-01	1.000000E+00
1.000000E+00	6.250000E+00	1.000000E+00	1.000000E+00
1.000000E+00	1.875000E+01	0.000000E+00	1.000000E+00
1.000000E+00	1.875000E+01	5.000000E-01	1.000000E+00
1.000000E+00	1.875000E+01	1.000000E+00	1.000000E+00
1.000000E+00	3.125000E+01	0.000000E+00	1.000000E+00
1.000000E+00	3.125000E+01	5.000000E-01	1.000000E+00
1.000000E+00	3.125000E+01	1.000000E+00	1.000000E+00
1.000000E+00	4.375000E+01	0.000000E+00	1.000000E+00
1.000000E+00	4.375000E+01	5.000000E-01	1.000000E+00
1.000000E+00	4.375000E+01	1.000000E+00	1.000000E+00
1.000000E+00	5.625000E+01	0.000000E+00	1.000000E+00
1.000000E+00	5.625000E+01	5.000000E-01	1.000000E+00
1.000000E+00	5.625000E+01	1.000000E+00	1.000000E+00
1.000000E+00	6.875000E+01	0.000000E+00	1.000000E+00
1.000000E+00	6.875000E+01	5.000000E-01	1.000000E+00
1.000000E+00	6.875000E+01	1.000000E+00	1.000000E+00
1.000000E+00	8.125000E+01	0.000000E+00	1.000000E+00
1.000000E+00	8.125000E+01	5.000000E-01	1.000000E+00
1.000000E+00	8.125000E+01	1.000000E+00	1.000000E+00
1.000000E+00	9.375000E+01	0.000000E+00	1.000000E+00
1.000000E+00	9.375000E+01	5.000000E-01	1.000000E+00
1.000000E+00	9.375000E+01	1.000000E+00	1.000000E+00
1.000000E+00	1.000000E+02	0.000000E+00	1.000000E+00
1.000000E+00	1.000000E+02	5.000000E-01	1.000000E+00
1.000000E+00	1.000000E+02	1.000000E+00	1.000000E+00
 --------------------------------------------------------
*material
5
1000.0, 0.0, 1.0, 0.0, 1.0e25
!Young Modulus, Poisson coef, thickness (set to 1.0 if not used), density, Yield Stress
*bcdof
27
1	,	1
2	,	1
3	,	1
31	,	1
32	,	1
33	,	1
61	,	1
62	,	1
63	,	1
1	,	2
2	,	2
3	,	2
31	,	2
32	,	2
33	,	2
61	,	2
62	,	2
63	,	2
1	,	3
2	,	3
3	,	3
31	,	3
32	,	3
33	,	3
61	,	3
62	,	3
63	,	3
--------------------------------------------------------
*loaddof       !load vector
9
 28, 3, -8.33333333333333E-03
 29, 3, -8.33333333333333E-03
 30, 3, -8.33333333333333E-03
 58, 3, -1.66666666666667E-02
 59, 3, -1.66666666666667E-02
 60, 3, -1.66666666666667E-02
 88, 3, -8.33333333333333E-03
 89, 3, -8.33333333333333E-03
 90, 3, -8.33333333333333E-03
*end