!---------------------------------------------------------------------------
!
! Bernoulli Straight Cantilever
!
!---------------------------------------------------------------------------
*begin
3           !problem dimension
3, 3, 3     !degree of each dimension
4, 5, 4     !control points in each direction
0, 0, 0     !open(0) or closed(1) knot vector
--------------------------------------------------------
*knots    !knot spans
0.0, 0.0, 0.0, 0.0, 1.0, 1.0, 1.0, 1.0
0.0, 0.0, 0.0, 0.0, 0.5, 1.0, 1.0, 1.0, 1.0
0.0, 0.0, 0.0, 0.0, 1.0, 1.0, 1.0, 1.0
--------------------------------------------------------
*element
Hex64
*bnet     !nurbs control points
0.0000000000000000E+000 0.0000000000000000E+000 0.0000000000000000E+000 1.0000000000000000E+000
0.0000000000000000E+000 0.0000000000000000E+000 3.3333333333333331E-001 1.0000000000000000E+000
0.0000000000000000E+000 0.0000000000000000E+000 6.6666666666666663E-001 1.0000000000000000E+000
0.0000000000000000E+000 0.0000000000000000E+000 1.0000000000000000E+000 1.0000000000000000E+000
0.0000000000000000E+000 1.6666666666666664E+001 0.0000000000000000E+000 1.0000000000000000E+000
0.0000000000000000E+000 1.6666666666666664E+001 3.3333333333333331E-001 1.0000000000000000E+000
0.0000000000000000E+000 1.6666666666666664E+001 6.6666666666666663E-001 1.0000000000000000E+000
0.0000000000000000E+000 1.6666666666666664E+001 1.0000000000000000E+000 1.0000000000000000E+000
0.0000000000000000E+000 4.9999999999999993E+001 0.0000000000000000E+000 1.0000000000000000E+000
0.0000000000000000E+000 4.9999999999999993E+001 3.3333333333333331E-001 1.0000000000000000E+000
0.0000000000000000E+000 4.9999999999999993E+001 6.6666666666666663E-001 1.0000000000000000E+000
0.0000000000000000E+000 4.9999999999999993E+001 1.0000000000000000E+000 1.0000000000000000E+000
0.0000000000000000E+000 8.3333333333333329E+001 0.0000000000000000E+000 1.0000000000000000E+000
0.0000000000000000E+000 8.3333333333333314E+001 3.3333333333333331E-001 1.0000000000000000E+000
0.0000000000000000E+000 8.3333333333333314E+001 6.6666666666666663E-001 1.0000000000000000E+000
0.0000000000000000E+000 8.3333333333333329E+001 1.0000000000000000E+000 1.0000000000000000E+000
0.0000000000000000E+000 1.0000000000000000E+002 0.0000000000000000E+000 1.0000000000000000E+000
0.0000000000000000E+000 9.9999999999999986E+001 3.3333333333333331E-001 1.0000000000000000E+000
0.0000000000000000E+000 9.9999999999999986E+001 6.6666666666666663E-001 1.0000000000000000E+000
0.0000000000000000E+000 1.0000000000000000E+002 1.0000000000000000E+000 1.0000000000000000E+000
3.3333333333333331E-001 0.0000000000000000E+000 0.0000000000000000E+000 1.0000000000000000E+000
3.3333333333333331E-001 0.0000000000000000E+000 3.3333333333333331E-001 1.0000000000000000E+000
3.3333333333333331E-001 0.0000000000000000E+000 6.6666666666666663E-001 1.0000000000000000E+000
3.3333333333333331E-001 0.0000000000000000E+000 1.0000000000000000E+000 1.0000000000000000E+000
3.3333333333333331E-001 1.6666666666666664E+001 0.0000000000000000E+000 1.0000000000000000E+000
3.3333333333333331E-001 1.6666666666666664E+001 3.3333333333333331E-001 1.0000000000000000E+000
3.3333333333333331E-001 1.6666666666666664E+001 6.6666666666666663E-001 1.0000000000000000E+000
3.3333333333333331E-001 1.6666666666666664E+001 1.0000000000000000E+000 1.0000000000000000E+000
3.3333333333333331E-001 4.9999999999999993E+001 0.0000000000000000E+000 1.0000000000000000E+000
3.3333333333333331E-001 4.9999999999999993E+001 3.3333333333333331E-001 1.0000000000000000E+000
3.3333333333333331E-001 4.9999999999999993E+001 6.6666666666666663E-001 1.0000000000000000E+000
3.3333333333333331E-001 4.9999999999999993E+001 1.0000000000000000E+000 1.0000000000000000E+000
3.3333333333333331E-001 8.3333333333333314E+001 0.0000000000000000E+000 1.0000000000000000E+000
3.3333333333333331E-001 8.3333333333333314E+001 3.3333333333333331E-001 1.0000000000000000E+000
3.3333333333333331E-001 8.3333333333333314E+001 6.6666666666666663E-001 1.0000000000000000E+000
3.3333333333333331E-001 8.3333333333333314E+001 1.0000000000000000E+000 1.0000000000000000E+000
3.3333333333333331E-001 9.9999999999999986E+001 0.0000000000000000E+000 1.0000000000000000E+000
3.3333333333333331E-001 9.9999999999999986E+001 3.3333333333333331E-001 1.0000000000000000E+000
3.3333333333333331E-001 9.9999999999999986E+001 6.6666666666666663E-001 1.0000000000000000E+000
3.3333333333333331E-001 9.9999999999999986E+001 1.0000000000000000E+000 1.0000000000000000E+000
6.6666666666666663E-001 0.0000000000000000E+000 0.0000000000000000E+000 1.0000000000000000E+000
6.6666666666666663E-001 0.0000000000000000E+000 3.3333333333333331E-001 1.0000000000000000E+000
6.6666666666666663E-001 0.0000000000000000E+000 6.6666666666666663E-001 1.0000000000000000E+000
6.6666666666666663E-001 0.0000000000000000E+000 1.0000000000000000E+000 1.0000000000000000E+000
6.6666666666666663E-001 1.6666666666666664E+001 0.0000000000000000E+000 1.0000000000000000E+000
6.6666666666666663E-001 1.6666666666666664E+001 3.3333333333333331E-001 1.0000000000000000E+000
6.6666666666666663E-001 1.6666666666666664E+001 6.6666666666666663E-001 1.0000000000000000E+000
6.6666666666666663E-001 1.6666666666666664E+001 1.0000000000000000E+000 1.0000000000000000E+000
6.6666666666666663E-001 4.9999999999999993E+001 0.0000000000000000E+000 1.0000000000000000E+000
6.6666666666666663E-001 4.9999999999999993E+001 3.3333333333333331E-001 1.0000000000000000E+000
6.6666666666666663E-001 4.9999999999999993E+001 6.6666666666666663E-001 1.0000000000000000E+000
6.6666666666666663E-001 4.9999999999999993E+001 1.0000000000000000E+000 1.0000000000000000E+000
6.6666666666666663E-001 8.3333333333333314E+001 0.0000000000000000E+000 1.0000000000000000E+000
6.6666666666666663E-001 8.3333333333333314E+001 3.3333333333333331E-001 1.0000000000000000E+000
6.6666666666666663E-001 8.3333333333333314E+001 6.6666666666666663E-001 1.0000000000000000E+000
6.6666666666666663E-001 8.3333333333333314E+001 1.0000000000000000E+000 1.0000000000000000E+000
6.6666666666666663E-001 9.9999999999999986E+001 0.0000000000000000E+000 1.0000000000000000E+000
6.6666666666666663E-001 9.9999999999999986E+001 3.3333333333333331E-001 1.0000000000000000E+000
6.6666666666666663E-001 9.9999999999999986E+001 6.6666666666666663E-001 1.0000000000000000E+000
6.6666666666666663E-001 9.9999999999999986E+001 1.0000000000000000E+000 1.0000000000000000E+000
1.0000000000000000E+000 0.0000000000000000E+000 0.0000000000000000E+000 1.0000000000000000E+000
1.0000000000000000E+000 0.0000000000000000E+000 3.3333333333333331E-001 1.0000000000000000E+000
1.0000000000000000E+000 0.0000000000000000E+000 6.6666666666666663E-001 1.0000000000000000E+000
1.0000000000000000E+000 0.0000000000000000E+000 1.0000000000000000E+000 1.0000000000000000E+000
1.0000000000000000E+000 1.6666666666666664E+001 0.0000000000000000E+000 1.0000000000000000E+000
1.0000000000000000E+000 1.6666666666666664E+001 3.3333333333333331E-001 1.0000000000000000E+000
1.0000000000000000E+000 1.6666666666666664E+001 6.6666666666666663E-001 1.0000000000000000E+000
1.0000000000000000E+000 1.6666666666666664E+001 1.0000000000000000E+000 1.0000000000000000E+000
1.0000000000000000E+000 4.9999999999999993E+001 0.0000000000000000E+000 1.0000000000000000E+000
1.0000000000000000E+000 4.9999999999999993E+001 3.3333333333333331E-001 1.0000000000000000E+000
1.0000000000000000E+000 4.9999999999999993E+001 6.6666666666666663E-001 1.0000000000000000E+000
1.0000000000000000E+000 4.9999999999999993E+001 1.0000000000000000E+000 1.0000000000000000E+000
1.0000000000000000E+000 8.3333333333333329E+001 0.0000000000000000E+000 1.0000000000000000E+000
1.0000000000000000E+000 8.3333333333333314E+001 3.3333333333333331E-001 1.0000000000000000E+000
1.0000000000000000E+000 8.3333333333333314E+001 6.6666666666666663E-001 1.0000000000000000E+000
1.0000000000000000E+000 8.3333333333333329E+001 1.0000000000000000E+000 1.0000000000000000E+000
1.0000000000000000E+000 1.0000000000000000E+002 0.0000000000000000E+000 1.0000000000000000E+000
1.0000000000000000E+000 9.9999999999999986E+001 3.3333333333333331E-001 1.0000000000000000E+000
1.0000000000000000E+000 9.9999999999999986E+001 6.6666666666666663E-001 1.0000000000000000E+000
1.0000000000000000E+000 1.0000000000000000E+002 1.0000000000000000E+000 1.0000000000000000E+000
 --------------------------------------------------------
*material
5
1000.0, 0.0, 1.0, 0.0, 1.0e25
!Young Modulus, Poisson coef, thickness (set to 1.0 if not used), density, Yield Stress
*bcdof
48
1	,	1
2	,	1
3	,	1
4	,	1
21	,	1
22	,	1
23	,	1
24	,	1
41	,	1
42	,	1
43	,	1
44	,	1
61	,	1
62	,	1
63	,	1
64	,	1
1	,	2
2	,	2
3	,	2
4	,	2
21	,	2
22	,	2
23	,	2
24	,	2
41	,	2
42	,	2
43	,	2
44	,	2
61	,	2
62	,	2
63	,	2
64	,	2
1	,	3
2	,	3
3	,	3
4	,	3
21	,	3
22	,	3
23	,	3
24	,	3
41	,	3
42	,	3
43	,	3
44	,	3
61	,	3
62	,	3
63	,	3
64	,	3
--------------------------------------------------------
*loaddof       !load vector
16
 17, 3, -4.16666666666667E-03
 18, 3, -4.16666666666667E-03
 19, 3, -4.16666666666667E-03
 20, 3, -4.16666666666667E-03
 77, 3, -4.16666666666667E-03
 78, 3, -4.16666666666667E-03
 79, 3, -4.16666666666667E-03
 80, 3, -4.16666666666667E-03
 37, 3, -8.33333333333333E-03
 38, 3, -8.33333333333333E-03
 39, 3, -8.33333333333333E-03
 40, 3, -8.33333333333333E-03
 57, 3, -8.33333333333333E-03
 58, 3, -8.33333333333333E-03
 59, 3, -8.33333333333333E-03
 60, 3, -8.33333333333333E-03
*end