!---------------------------------------------------------------------------
!
! Cook Membrane in plane strain conditions, with 16 elements per side
!
!---------------------------------------------------------------------------
*begin
3           !problem dimension
1, 1, 1     !degree of each dimension
17, 17, 2     !control points in each direction
0, 0, 0     !open(0) or closed(1) knot vector
--------------------------------------------------------
*knots    !knot spans
0.0 0.0 0.0625	0.125	0.1875	0.25	0.3125	0.375	0.4375	0.5	0.5625	0.625	0.6875	0.75	0.8125	0.875	0.9375 1.0 1.0
0.0 0.0 0.0625	0.125	0.1875	0.25	0.3125	0.375	0.4375	0.5	0.5625	0.625	0.6875	0.75	0.8125	0.875	0.9375 1.0 1.0
0.0, 0.0, 1.0, 1.0
--------------------------------------------------------
*element
Hex8BBar
*bnet     !nurbs control points
0.000000E+000 0.000000E+000 0.000000E+000 1.000000E+000
0.000000E+000 0.000000E+000 1.000000E+000 1.000000E+000
0.000000E+000 2.750000E+000 0.000000E+000 1.000000E+000
0.000000E+000 2.750000E+000 1.000000E+000 1.000000E+000
0.000000E+000 5.500000E+000 0.000000E+000 1.000000E+000
0.000000E+000 5.500000E+000 1.000000E+000 1.000000E+000
0.000000E+000 8.250000E+000 0.000000E+000 1.000000E+000
0.000000E+000 8.250000E+000 1.000000E+000 1.000000E+000
0.000000E+000 1.100000E+001 0.000000E+000 1.000000E+000
0.000000E+000 1.100000E+001 1.000000E+000 1.000000E+000
0.000000E+000 1.375000E+001 0.000000E+000 1.000000E+000
0.000000E+000 1.375000E+001 1.000000E+000 1.000000E+000
0.000000E+000 1.650000E+001 0.000000E+000 1.000000E+000
0.000000E+000 1.650000E+001 1.000000E+000 1.000000E+000
0.000000E+000 1.925000E+001 0.000000E+000 1.000000E+000
0.000000E+000 1.925000E+001 1.000000E+000 1.000000E+000
0.000000E+000 2.200000E+001 0.000000E+000 1.000000E+000
0.000000E+000 2.200000E+001 1.000000E+000 1.000000E+000
0.000000E+000 2.475000E+001 0.000000E+000 1.000000E+000
0.000000E+000 2.475000E+001 1.000000E+000 1.000000E+000
0.000000E+000 2.750000E+001 0.000000E+000 1.000000E+000
0.000000E+000 2.750000E+001 1.000000E+000 1.000000E+000
0.000000E+000 3.025000E+001 0.000000E+000 1.000000E+000
0.000000E+000 3.025000E+001 1.000000E+000 1.000000E+000
0.000000E+000 3.300000E+001 0.000000E+000 1.000000E+000
0.000000E+000 3.300000E+001 1.000000E+000 1.000000E+000
0.000000E+000 3.575000E+001 0.000000E+000 1.000000E+000
0.000000E+000 3.575000E+001 1.000000E+000 1.000000E+000
0.000000E+000 3.850000E+001 0.000000E+000 1.000000E+000
0.000000E+000 3.850000E+001 1.000000E+000 1.000000E+000
0.000000E+000 4.125000E+001 0.000000E+000 1.000000E+000
0.000000E+000 4.125000E+001 1.000000E+000 1.000000E+000
0.000000E+000 4.400000E+001 0.000000E+000 1.000000E+000
0.000000E+000 4.400000E+001 1.000000E+000 1.000000E+000
3.000000E+000 2.750000E+000 0.000000E+000 1.000000E+000
3.000000E+000 2.750000E+000 1.000000E+000 1.000000E+000
3.000000E+000 5.390625E+000 0.000000E+000 1.000000E+000
3.000000E+000 5.390625E+000 1.000000E+000 1.000000E+000
3.000000E+000 8.031250E+000 0.000000E+000 1.000000E+000
3.000000E+000 8.031250E+000 1.000000E+000 1.000000E+000
3.000000E+000 1.067188E+001 0.000000E+000 1.000000E+000
3.000000E+000 1.067188E+001 1.000000E+000 1.000000E+000
3.000000E+000 1.331250E+001 0.000000E+000 1.000000E+000
3.000000E+000 1.331250E+001 1.000000E+000 1.000000E+000
3.000000E+000 1.595313E+001 0.000000E+000 1.000000E+000
3.000000E+000 1.595313E+001 1.000000E+000 1.000000E+000
3.000000E+000 1.859375E+001 0.000000E+000 1.000000E+000
3.000000E+000 1.859375E+001 1.000000E+000 1.000000E+000
3.000000E+000 2.123438E+001 0.000000E+000 1.000000E+000
3.000000E+000 2.123438E+001 1.000000E+000 1.000000E+000
3.000000E+000 2.387500E+001 0.000000E+000 1.000000E+000
3.000000E+000 2.387500E+001 1.000000E+000 1.000000E+000
3.000000E+000 2.651563E+001 0.000000E+000 1.000000E+000
3.000000E+000 2.651563E+001 1.000000E+000 1.000000E+000
3.000000E+000 2.915625E+001 0.000000E+000 1.000000E+000
3.000000E+000 2.915625E+001 1.000000E+000 1.000000E+000
3.000000E+000 3.179688E+001 0.000000E+000 1.000000E+000
3.000000E+000 3.179688E+001 1.000000E+000 1.000000E+000
3.000000E+000 3.443750E+001 0.000000E+000 1.000000E+000
3.000000E+000 3.443750E+001 1.000000E+000 1.000000E+000
3.000000E+000 3.707813E+001 0.000000E+000 1.000000E+000
3.000000E+000 3.707813E+001 1.000000E+000 1.000000E+000
3.000000E+000 3.971875E+001 0.000000E+000 1.000000E+000
3.000000E+000 3.971875E+001 1.000000E+000 1.000000E+000
3.000000E+000 4.235938E+001 0.000000E+000 1.000000E+000
3.000000E+000 4.235938E+001 1.000000E+000 1.000000E+000
3.000000E+000 4.500000E+001 0.000000E+000 1.000000E+000
3.000000E+000 4.500000E+001 1.000000E+000 1.000000E+000
6.000000E+000 5.500000E+000 0.000000E+000 1.000000E+000
6.000000E+000 5.500000E+000 1.000000E+000 1.000000E+000
6.000000E+000 8.031250E+000 0.000000E+000 1.000000E+000
6.000000E+000 8.031250E+000 1.000000E+000 1.000000E+000
6.000000E+000 1.056250E+001 0.000000E+000 1.000000E+000
6.000000E+000 1.056250E+001 1.000000E+000 1.000000E+000
6.000000E+000 1.309375E+001 0.000000E+000 1.000000E+000
6.000000E+000 1.309375E+001 1.000000E+000 1.000000E+000
6.000000E+000 1.562500E+001 0.000000E+000 1.000000E+000
6.000000E+000 1.562500E+001 1.000000E+000 1.000000E+000
6.000000E+000 1.815625E+001 0.000000E+000 1.000000E+000
6.000000E+000 1.815625E+001 1.000000E+000 1.000000E+000
6.000000E+000 2.068750E+001 0.000000E+000 1.000000E+000
6.000000E+000 2.068750E+001 1.000000E+000 1.000000E+000
6.000000E+000 2.321875E+001 0.000000E+000 1.000000E+000
6.000000E+000 2.321875E+001 1.000000E+000 1.000000E+000
6.000000E+000 2.575000E+001 0.000000E+000 1.000000E+000
6.000000E+000 2.575000E+001 1.000000E+000 1.000000E+000
6.000000E+000 2.828125E+001 0.000000E+000 1.000000E+000
6.000000E+000 2.828125E+001 1.000000E+000 1.000000E+000
6.000000E+000 3.081250E+001 0.000000E+000 1.000000E+000
6.000000E+000 3.081250E+001 1.000000E+000 1.000000E+000
6.000000E+000 3.334375E+001 0.000000E+000 1.000000E+000
6.000000E+000 3.334375E+001 1.000000E+000 1.000000E+000
6.000000E+000 3.587500E+001 0.000000E+000 1.000000E+000
6.000000E+000 3.587500E+001 1.000000E+000 1.000000E+000
6.000000E+000 3.840625E+001 0.000000E+000 1.000000E+000
6.000000E+000 3.840625E+001 1.000000E+000 1.000000E+000
6.000000E+000 4.093750E+001 0.000000E+000 1.000000E+000
6.000000E+000 4.093750E+001 1.000000E+000 1.000000E+000
6.000000E+000 4.346875E+001 0.000000E+000 1.000000E+000
6.000000E+000 4.346875E+001 1.000000E+000 1.000000E+000
6.000000E+000 4.600000E+001 0.000000E+000 1.000000E+000
6.000000E+000 4.600000E+001 1.000000E+000 1.000000E+000
9.000000E+000 8.250000E+000 0.000000E+000 1.000000E+000
9.000000E+000 8.250000E+000 1.000000E+000 1.000000E+000
9.000000E+000 1.067188E+001 0.000000E+000 1.000000E+000
9.000000E+000 1.067188E+001 1.000000E+000 1.000000E+000
9.000000E+000 1.309375E+001 0.000000E+000 1.000000E+000
9.000000E+000 1.309375E+001 1.000000E+000 1.000000E+000
9.000000E+000 1.551563E+001 0.000000E+000 1.000000E+000
9.000000E+000 1.551563E+001 1.000000E+000 1.000000E+000
9.000000E+000 1.793750E+001 0.000000E+000 1.000000E+000
9.000000E+000 1.793750E+001 1.000000E+000 1.000000E+000
9.000000E+000 2.035938E+001 0.000000E+000 1.000000E+000
9.000000E+000 2.035938E+001 1.000000E+000 1.000000E+000
9.000000E+000 2.278125E+001 0.000000E+000 1.000000E+000
9.000000E+000 2.278125E+001 1.000000E+000 1.000000E+000
9.000000E+000 2.520313E+001 0.000000E+000 1.000000E+000
9.000000E+000 2.520313E+001 1.000000E+000 1.000000E+000
9.000000E+000 2.762500E+001 0.000000E+000 1.000000E+000
9.000000E+000 2.762500E+001 1.000000E+000 1.000000E+000
9.000000E+000 3.004688E+001 0.000000E+000 1.000000E+000
9.000000E+000 3.004688E+001 1.000000E+000 1.000000E+000
9.000000E+000 3.246875E+001 0.000000E+000 1.000000E+000
9.000000E+000 3.246875E+001 1.000000E+000 1.000000E+000
9.000000E+000 3.489063E+001 0.000000E+000 1.000000E+000
9.000000E+000 3.489063E+001 1.000000E+000 1.000000E+000
9.000000E+000 3.731250E+001 0.000000E+000 1.000000E+000
9.000000E+000 3.731250E+001 1.000000E+000 1.000000E+000
9.000000E+000 3.973438E+001 0.000000E+000 1.000000E+000
9.000000E+000 3.973438E+001 1.000000E+000 1.000000E+000
9.000000E+000 4.215625E+001 0.000000E+000 1.000000E+000
9.000000E+000 4.215625E+001 1.000000E+000 1.000000E+000
9.000000E+000 4.457813E+001 0.000000E+000 1.000000E+000
9.000000E+000 4.457813E+001 1.000000E+000 1.000000E+000
9.000000E+000 4.700000E+001 0.000000E+000 1.000000E+000
9.000000E+000 4.700000E+001 1.000000E+000 1.000000E+000
1.200000E+001 1.100000E+001 0.000000E+000 1.000000E+000
1.200000E+001 1.100000E+001 1.000000E+000 1.000000E+000
1.200000E+001 1.331250E+001 0.000000E+000 1.000000E+000
1.200000E+001 1.331250E+001 1.000000E+000 1.000000E+000
1.200000E+001 1.562500E+001 0.000000E+000 1.000000E+000
1.200000E+001 1.562500E+001 1.000000E+000 1.000000E+000
1.200000E+001 1.793750E+001 0.000000E+000 1.000000E+000
1.200000E+001 1.793750E+001 1.000000E+000 1.000000E+000
1.200000E+001 2.025000E+001 0.000000E+000 1.000000E+000
1.200000E+001 2.025000E+001 1.000000E+000 1.000000E+000
1.200000E+001 2.256250E+001 0.000000E+000 1.000000E+000
1.200000E+001 2.256250E+001 1.000000E+000 1.000000E+000
1.200000E+001 2.487500E+001 0.000000E+000 1.000000E+000
1.200000E+001 2.487500E+001 1.000000E+000 1.000000E+000
1.200000E+001 2.718750E+001 0.000000E+000 1.000000E+000
1.200000E+001 2.718750E+001 1.000000E+000 1.000000E+000
1.200000E+001 2.950000E+001 0.000000E+000 1.000000E+000
1.200000E+001 2.950000E+001 1.000000E+000 1.000000E+000
1.200000E+001 3.181250E+001 0.000000E+000 1.000000E+000
1.200000E+001 3.181250E+001 1.000000E+000 1.000000E+000
1.200000E+001 3.412500E+001 0.000000E+000 1.000000E+000
1.200000E+001 3.412500E+001 1.000000E+000 1.000000E+000
1.200000E+001 3.643750E+001 0.000000E+000 1.000000E+000
1.200000E+001 3.643750E+001 1.000000E+000 1.000000E+000
1.200000E+001 3.875000E+001 0.000000E+000 1.000000E+000
1.200000E+001 3.875000E+001 1.000000E+000 1.000000E+000
1.200000E+001 4.106250E+001 0.000000E+000 1.000000E+000
1.200000E+001 4.106250E+001 1.000000E+000 1.000000E+000
1.200000E+001 4.337500E+001 0.000000E+000 1.000000E+000
1.200000E+001 4.337500E+001 1.000000E+000 1.000000E+000
1.200000E+001 4.568750E+001 0.000000E+000 1.000000E+000
1.200000E+001 4.568750E+001 1.000000E+000 1.000000E+000
1.200000E+001 4.800000E+001 0.000000E+000 1.000000E+000
1.200000E+001 4.800000E+001 1.000000E+000 1.000000E+000
1.500000E+001 1.375000E+001 0.000000E+000 1.000000E+000
1.500000E+001 1.375000E+001 1.000000E+000 1.000000E+000
1.500000E+001 1.595313E+001 0.000000E+000 1.000000E+000
1.500000E+001 1.595313E+001 1.000000E+000 1.000000E+000
1.500000E+001 1.815625E+001 0.000000E+000 1.000000E+000
1.500000E+001 1.815625E+001 1.000000E+000 1.000000E+000
1.500000E+001 2.035938E+001 0.000000E+000 1.000000E+000
1.500000E+001 2.035938E+001 1.000000E+000 1.000000E+000
1.500000E+001 2.256250E+001 0.000000E+000 1.000000E+000
1.500000E+001 2.256250E+001 1.000000E+000 1.000000E+000
1.500000E+001 2.476563E+001 0.000000E+000 1.000000E+000
1.500000E+001 2.476563E+001 1.000000E+000 1.000000E+000
1.500000E+001 2.696875E+001 0.000000E+000 1.000000E+000
1.500000E+001 2.696875E+001 1.000000E+000 1.000000E+000
1.500000E+001 2.917188E+001 0.000000E+000 1.000000E+000
1.500000E+001 2.917188E+001 1.000000E+000 1.000000E+000
1.500000E+001 3.137500E+001 0.000000E+000 1.000000E+000
1.500000E+001 3.137500E+001 1.000000E+000 1.000000E+000
1.500000E+001 3.357813E+001 0.000000E+000 1.000000E+000
1.500000E+001 3.357813E+001 1.000000E+000 1.000000E+000
1.500000E+001 3.578125E+001 0.000000E+000 1.000000E+000
1.500000E+001 3.578125E+001 1.000000E+000 1.000000E+000
1.500000E+001 3.798438E+001 0.000000E+000 1.000000E+000
1.500000E+001 3.798438E+001 1.000000E+000 1.000000E+000
1.500000E+001 4.018750E+001 0.000000E+000 1.000000E+000
1.500000E+001 4.018750E+001 1.000000E+000 1.000000E+000
1.500000E+001 4.239063E+001 0.000000E+000 1.000000E+000
1.500000E+001 4.239063E+001 1.000000E+000 1.000000E+000
1.500000E+001 4.459375E+001 0.000000E+000 1.000000E+000
1.500000E+001 4.459375E+001 1.000000E+000 1.000000E+000
1.500000E+001 4.679688E+001 0.000000E+000 1.000000E+000
1.500000E+001 4.679688E+001 1.000000E+000 1.000000E+000
1.500000E+001 4.900000E+001 0.000000E+000 1.000000E+000
1.500000E+001 4.900000E+001 1.000000E+000 1.000000E+000
1.800000E+001 1.650000E+001 0.000000E+000 1.000000E+000
1.800000E+001 1.650000E+001 1.000000E+000 1.000000E+000
1.800000E+001 1.859375E+001 0.000000E+000 1.000000E+000
1.800000E+001 1.859375E+001 1.000000E+000 1.000000E+000
1.800000E+001 2.068750E+001 0.000000E+000 1.000000E+000
1.800000E+001 2.068750E+001 1.000000E+000 1.000000E+000
1.800000E+001 2.278125E+001 0.000000E+000 1.000000E+000
1.800000E+001 2.278125E+001 1.000000E+000 1.000000E+000
1.800000E+001 2.487500E+001 0.000000E+000 1.000000E+000
1.800000E+001 2.487500E+001 1.000000E+000 1.000000E+000
1.800000E+001 2.696875E+001 0.000000E+000 1.000000E+000
1.800000E+001 2.696875E+001 1.000000E+000 1.000000E+000
1.800000E+001 2.906250E+001 0.000000E+000 1.000000E+000
1.800000E+001 2.906250E+001 1.000000E+000 1.000000E+000
1.800000E+001 3.115625E+001 0.000000E+000 1.000000E+000
1.800000E+001 3.115625E+001 1.000000E+000 1.000000E+000
1.800000E+001 3.325000E+001 0.000000E+000 1.000000E+000
1.800000E+001 3.325000E+001 1.000000E+000 1.000000E+000
1.800000E+001 3.534375E+001 0.000000E+000 1.000000E+000
1.800000E+001 3.534375E+001 1.000000E+000 1.000000E+000
1.800000E+001 3.743750E+001 0.000000E+000 1.000000E+000
1.800000E+001 3.743750E+001 1.000000E+000 1.000000E+000
1.800000E+001 3.953125E+001 0.000000E+000 1.000000E+000
1.800000E+001 3.953125E+001 1.000000E+000 1.000000E+000
1.800000E+001 4.162500E+001 0.000000E+000 1.000000E+000
1.800000E+001 4.162500E+001 1.000000E+000 1.000000E+000
1.800000E+001 4.371875E+001 0.000000E+000 1.000000E+000
1.800000E+001 4.371875E+001 1.000000E+000 1.000000E+000
1.800000E+001 4.581250E+001 0.000000E+000 1.000000E+000
1.800000E+001 4.581250E+001 1.000000E+000 1.000000E+000
1.800000E+001 4.790625E+001 0.000000E+000 1.000000E+000
1.800000E+001 4.790625E+001 1.000000E+000 1.000000E+000
1.800000E+001 5.000000E+001 0.000000E+000 1.000000E+000
1.800000E+001 5.000000E+001 1.000000E+000 1.000000E+000
2.100000E+001 1.925000E+001 0.000000E+000 1.000000E+000
2.100000E+001 1.925000E+001 1.000000E+000 1.000000E+000
2.100000E+001 2.123438E+001 0.000000E+000 1.000000E+000
2.100000E+001 2.123438E+001 1.000000E+000 1.000000E+000
2.100000E+001 2.321875E+001 0.000000E+000 1.000000E+000
2.100000E+001 2.321875E+001 1.000000E+000 1.000000E+000
2.100000E+001 2.520313E+001 0.000000E+000 1.000000E+000
2.100000E+001 2.520313E+001 1.000000E+000 1.000000E+000
2.100000E+001 2.718750E+001 0.000000E+000 1.000000E+000
2.100000E+001 2.718750E+001 1.000000E+000 1.000000E+000
2.100000E+001 2.917188E+001 0.000000E+000 1.000000E+000
2.100000E+001 2.917188E+001 1.000000E+000 1.000000E+000
2.100000E+001 3.115625E+001 0.000000E+000 1.000000E+000
2.100000E+001 3.115625E+001 1.000000E+000 1.000000E+000
2.100000E+001 3.314063E+001 0.000000E+000 1.000000E+000
2.100000E+001 3.314063E+001 1.000000E+000 1.000000E+000
2.100000E+001 3.512500E+001 0.000000E+000 1.000000E+000
2.100000E+001 3.512500E+001 1.000000E+000 1.000000E+000
2.100000E+001 3.710938E+001 0.000000E+000 1.000000E+000
2.100000E+001 3.710938E+001 1.000000E+000 1.000000E+000
2.100000E+001 3.909375E+001 0.000000E+000 1.000000E+000
2.100000E+001 3.909375E+001 1.000000E+000 1.000000E+000
2.100000E+001 4.107813E+001 0.000000E+000 1.000000E+000
2.100000E+001 4.107813E+001 1.000000E+000 1.000000E+000
2.100000E+001 4.306250E+001 0.000000E+000 1.000000E+000
2.100000E+001 4.306250E+001 1.000000E+000 1.000000E+000
2.100000E+001 4.504688E+001 0.000000E+000 1.000000E+000
2.100000E+001 4.504688E+001 1.000000E+000 1.000000E+000
2.100000E+001 4.703125E+001 0.000000E+000 1.000000E+000
2.100000E+001 4.703125E+001 1.000000E+000 1.000000E+000
2.100000E+001 4.901563E+001 0.000000E+000 1.000000E+000
2.100000E+001 4.901563E+001 1.000000E+000 1.000000E+000
2.100000E+001 5.100000E+001 0.000000E+000 1.000000E+000
2.100000E+001 5.100000E+001 1.000000E+000 1.000000E+000
2.400000E+001 2.200000E+001 0.000000E+000 1.000000E+000
2.400000E+001 2.200000E+001 1.000000E+000 1.000000E+000
2.400000E+001 2.387500E+001 0.000000E+000 1.000000E+000
2.400000E+001 2.387500E+001 1.000000E+000 1.000000E+000
2.400000E+001 2.575000E+001 0.000000E+000 1.000000E+000
2.400000E+001 2.575000E+001 1.000000E+000 1.000000E+000
2.400000E+001 2.762500E+001 0.000000E+000 1.000000E+000
2.400000E+001 2.762500E+001 1.000000E+000 1.000000E+000
2.400000E+001 2.950000E+001 0.000000E+000 1.000000E+000
2.400000E+001 2.950000E+001 1.000000E+000 1.000000E+000
2.400000E+001 3.137500E+001 0.000000E+000 1.000000E+000
2.400000E+001 3.137500E+001 1.000000E+000 1.000000E+000
2.400000E+001 3.325000E+001 0.000000E+000 1.000000E+000
2.400000E+001 3.325000E+001 1.000000E+000 1.000000E+000
2.400000E+001 3.512500E+001 0.000000E+000 1.000000E+000
2.400000E+001 3.512500E+001 1.000000E+000 1.000000E+000
2.400000E+001 3.700000E+001 0.000000E+000 1.000000E+000
2.400000E+001 3.700000E+001 1.000000E+000 1.000000E+000
2.400000E+001 3.887500E+001 0.000000E+000 1.000000E+000
2.400000E+001 3.887500E+001 1.000000E+000 1.000000E+000
2.400000E+001 4.075000E+001 0.000000E+000 1.000000E+000
2.400000E+001 4.075000E+001 1.000000E+000 1.000000E+000
2.400000E+001 4.262500E+001 0.000000E+000 1.000000E+000
2.400000E+001 4.262500E+001 1.000000E+000 1.000000E+000
2.400000E+001 4.450000E+001 0.000000E+000 1.000000E+000
2.400000E+001 4.450000E+001 1.000000E+000 1.000000E+000
2.400000E+001 4.637500E+001 0.000000E+000 1.000000E+000
2.400000E+001 4.637500E+001 1.000000E+000 1.000000E+000
2.400000E+001 4.825000E+001 0.000000E+000 1.000000E+000
2.400000E+001 4.825000E+001 1.000000E+000 1.000000E+000
2.400000E+001 5.012500E+001 0.000000E+000 1.000000E+000
2.400000E+001 5.012500E+001 1.000000E+000 1.000000E+000
2.400000E+001 5.200000E+001 0.000000E+000 1.000000E+000
2.400000E+001 5.200000E+001 1.000000E+000 1.000000E+000
2.700000E+001 2.475000E+001 0.000000E+000 1.000000E+000
2.700000E+001 2.475000E+001 1.000000E+000 1.000000E+000
2.700000E+001 2.651563E+001 0.000000E+000 1.000000E+000
2.700000E+001 2.651563E+001 1.000000E+000 1.000000E+000
2.700000E+001 2.828125E+001 0.000000E+000 1.000000E+000
2.700000E+001 2.828125E+001 1.000000E+000 1.000000E+000
2.700000E+001 3.004688E+001 0.000000E+000 1.000000E+000
2.700000E+001 3.004688E+001 1.000000E+000 1.000000E+000
2.700000E+001 3.181250E+001 0.000000E+000 1.000000E+000
2.700000E+001 3.181250E+001 1.000000E+000 1.000000E+000
2.700000E+001 3.357813E+001 0.000000E+000 1.000000E+000
2.700000E+001 3.357813E+001 1.000000E+000 1.000000E+000
2.700000E+001 3.534375E+001 0.000000E+000 1.000000E+000
2.700000E+001 3.534375E+001 1.000000E+000 1.000000E+000
2.700000E+001 3.710938E+001 0.000000E+000 1.000000E+000
2.700000E+001 3.710938E+001 1.000000E+000 1.000000E+000
2.700000E+001 3.887500E+001 0.000000E+000 1.000000E+000
2.700000E+001 3.887500E+001 1.000000E+000 1.000000E+000
2.700000E+001 4.064063E+001 0.000000E+000 1.000000E+000
2.700000E+001 4.064063E+001 1.000000E+000 1.000000E+000
2.700000E+001 4.240625E+001 0.000000E+000 1.000000E+000
2.700000E+001 4.240625E+001 1.000000E+000 1.000000E+000
2.700000E+001 4.417188E+001 0.000000E+000 1.000000E+000
2.700000E+001 4.417188E+001 1.000000E+000 1.000000E+000
2.700000E+001 4.593750E+001 0.000000E+000 1.000000E+000
2.700000E+001 4.593750E+001 1.000000E+000 1.000000E+000
2.700000E+001 4.770313E+001 0.000000E+000 1.000000E+000
2.700000E+001 4.770313E+001 1.000000E+000 1.000000E+000
2.700000E+001 4.946875E+001 0.000000E+000 1.000000E+000
2.700000E+001 4.946875E+001 1.000000E+000 1.000000E+000
2.700000E+001 5.123438E+001 0.000000E+000 1.000000E+000
2.700000E+001 5.123438E+001 1.000000E+000 1.000000E+000
2.700000E+001 5.300000E+001 0.000000E+000 1.000000E+000
2.700000E+001 5.300000E+001 1.000000E+000 1.000000E+000
3.000000E+001 2.750000E+001 0.000000E+000 1.000000E+000
3.000000E+001 2.750000E+001 1.000000E+000 1.000000E+000
3.000000E+001 2.915625E+001 0.000000E+000 1.000000E+000
3.000000E+001 2.915625E+001 1.000000E+000 1.000000E+000
3.000000E+001 3.081250E+001 0.000000E+000 1.000000E+000
3.000000E+001 3.081250E+001 1.000000E+000 1.000000E+000
3.000000E+001 3.246875E+001 0.000000E+000 1.000000E+000
3.000000E+001 3.246875E+001 1.000000E+000 1.000000E+000
3.000000E+001 3.412500E+001 0.000000E+000 1.000000E+000
3.000000E+001 3.412500E+001 1.000000E+000 1.000000E+000
3.000000E+001 3.578125E+001 0.000000E+000 1.000000E+000
3.000000E+001 3.578125E+001 1.000000E+000 1.000000E+000
3.000000E+001 3.743750E+001 0.000000E+000 1.000000E+000
3.000000E+001 3.743750E+001 1.000000E+000 1.000000E+000
3.000000E+001 3.909375E+001 0.000000E+000 1.000000E+000
3.000000E+001 3.909375E+001 1.000000E+000 1.000000E+000
3.000000E+001 4.075000E+001 0.000000E+000 1.000000E+000
3.000000E+001 4.075000E+001 1.000000E+000 1.000000E+000
3.000000E+001 4.240625E+001 0.000000E+000 1.000000E+000
3.000000E+001 4.240625E+001 1.000000E+000 1.000000E+000
3.000000E+001 4.406250E+001 0.000000E+000 1.000000E+000
3.000000E+001 4.406250E+001 1.000000E+000 1.000000E+000
3.000000E+001 4.571875E+001 0.000000E+000 1.000000E+000
3.000000E+001 4.571875E+001 1.000000E+000 1.000000E+000
3.000000E+001 4.737500E+001 0.000000E+000 1.000000E+000
3.000000E+001 4.737500E+001 1.000000E+000 1.000000E+000
3.000000E+001 4.903125E+001 0.000000E+000 1.000000E+000
3.000000E+001 4.903125E+001 1.000000E+000 1.000000E+000
3.000000E+001 5.068750E+001 0.000000E+000 1.000000E+000
3.000000E+001 5.068750E+001 1.000000E+000 1.000000E+000
3.000000E+001 5.234375E+001 0.000000E+000 1.000000E+000
3.000000E+001 5.234375E+001 1.000000E+000 1.000000E+000
3.000000E+001 5.400000E+001 0.000000E+000 1.000000E+000
3.000000E+001 5.400000E+001 1.000000E+000 1.000000E+000
3.300000E+001 3.025000E+001 0.000000E+000 1.000000E+000
3.300000E+001 3.025000E+001 1.000000E+000 1.000000E+000
3.300000E+001 3.179688E+001 0.000000E+000 1.000000E+000
3.300000E+001 3.179688E+001 1.000000E+000 1.000000E+000
3.300000E+001 3.334375E+001 0.000000E+000 1.000000E+000
3.300000E+001 3.334375E+001 1.000000E+000 1.000000E+000
3.300000E+001 3.489063E+001 0.000000E+000 1.000000E+000
3.300000E+001 3.489063E+001 1.000000E+000 1.000000E+000
3.300000E+001 3.643750E+001 0.000000E+000 1.000000E+000
3.300000E+001 3.643750E+001 1.000000E+000 1.000000E+000
3.300000E+001 3.798438E+001 0.000000E+000 1.000000E+000
3.300000E+001 3.798438E+001 1.000000E+000 1.000000E+000
3.300000E+001 3.953125E+001 0.000000E+000 1.000000E+000
3.300000E+001 3.953125E+001 1.000000E+000 1.000000E+000
3.300000E+001 4.107813E+001 0.000000E+000 1.000000E+000
3.300000E+001 4.107813E+001 1.000000E+000 1.000000E+000
3.300000E+001 4.262500E+001 0.000000E+000 1.000000E+000
3.300000E+001 4.262500E+001 1.000000E+000 1.000000E+000
3.300000E+001 4.417188E+001 0.000000E+000 1.000000E+000
3.300000E+001 4.417188E+001 1.000000E+000 1.000000E+000
3.300000E+001 4.571875E+001 0.000000E+000 1.000000E+000
3.300000E+001 4.571875E+001 1.000000E+000 1.000000E+000
3.300000E+001 4.726563E+001 0.000000E+000 1.000000E+000
3.300000E+001 4.726563E+001 1.000000E+000 1.000000E+000
3.300000E+001 4.881250E+001 0.000000E+000 1.000000E+000
3.300000E+001 4.881250E+001 1.000000E+000 1.000000E+000
3.300000E+001 5.035938E+001 0.000000E+000 1.000000E+000
3.300000E+001 5.035938E+001 1.000000E+000 1.000000E+000
3.300000E+001 5.190625E+001 0.000000E+000 1.000000E+000
3.300000E+001 5.190625E+001 1.000000E+000 1.000000E+000
3.300000E+001 5.345313E+001 0.000000E+000 1.000000E+000
3.300000E+001 5.345313E+001 1.000000E+000 1.000000E+000
3.300000E+001 5.500000E+001 0.000000E+000 1.000000E+000
3.300000E+001 5.500000E+001 1.000000E+000 1.000000E+000
3.600000E+001 3.300000E+001 0.000000E+000 1.000000E+000
3.600000E+001 3.300000E+001 1.000000E+000 1.000000E+000
3.600000E+001 3.443750E+001 0.000000E+000 1.000000E+000
3.600000E+001 3.443750E+001 1.000000E+000 1.000000E+000
3.600000E+001 3.587500E+001 0.000000E+000 1.000000E+000
3.600000E+001 3.587500E+001 1.000000E+000 1.000000E+000
3.600000E+001 3.731250E+001 0.000000E+000 1.000000E+000
3.600000E+001 3.731250E+001 1.000000E+000 1.000000E+000
3.600000E+001 3.875000E+001 0.000000E+000 1.000000E+000
3.600000E+001 3.875000E+001 1.000000E+000 1.000000E+000
3.600000E+001 4.018750E+001 0.000000E+000 1.000000E+000
3.600000E+001 4.018750E+001 1.000000E+000 1.000000E+000
3.600000E+001 4.162500E+001 0.000000E+000 1.000000E+000
3.600000E+001 4.162500E+001 1.000000E+000 1.000000E+000
3.600000E+001 4.306250E+001 0.000000E+000 1.000000E+000
3.600000E+001 4.306250E+001 1.000000E+000 1.000000E+000
3.600000E+001 4.450000E+001 0.000000E+000 1.000000E+000
3.600000E+001 4.450000E+001 1.000000E+000 1.000000E+000
3.600000E+001 4.593750E+001 0.000000E+000 1.000000E+000
3.600000E+001 4.593750E+001 1.000000E+000 1.000000E+000
3.600000E+001 4.737500E+001 0.000000E+000 1.000000E+000
3.600000E+001 4.737500E+001 1.000000E+000 1.000000E+000
3.600000E+001 4.881250E+001 0.000000E+000 1.000000E+000
3.600000E+001 4.881250E+001 1.000000E+000 1.000000E+000
3.600000E+001 5.025000E+001 0.000000E+000 1.000000E+000
3.600000E+001 5.025000E+001 1.000000E+000 1.000000E+000
3.600000E+001 5.168750E+001 0.000000E+000 1.000000E+000
3.600000E+001 5.168750E+001 1.000000E+000 1.000000E+000
3.600000E+001 5.312500E+001 0.000000E+000 1.000000E+000
3.600000E+001 5.312500E+001 1.000000E+000 1.000000E+000
3.600000E+001 5.456250E+001 0.000000E+000 1.000000E+000
3.600000E+001 5.456250E+001 1.000000E+000 1.000000E+000
3.600000E+001 5.600000E+001 0.000000E+000 1.000000E+000
3.600000E+001 5.600000E+001 1.000000E+000 1.000000E+000
3.900000E+001 3.575000E+001 0.000000E+000 1.000000E+000
3.900000E+001 3.575000E+001 1.000000E+000 1.000000E+000
3.900000E+001 3.707813E+001 0.000000E+000 1.000000E+000
3.900000E+001 3.707813E+001 1.000000E+000 1.000000E+000
3.900000E+001 3.840625E+001 0.000000E+000 1.000000E+000
3.900000E+001 3.840625E+001 1.000000E+000 1.000000E+000
3.900000E+001 3.973438E+001 0.000000E+000 1.000000E+000
3.900000E+001 3.973438E+001 1.000000E+000 1.000000E+000
3.900000E+001 4.106250E+001 0.000000E+000 1.000000E+000
3.900000E+001 4.106250E+001 1.000000E+000 1.000000E+000
3.900000E+001 4.239063E+001 0.000000E+000 1.000000E+000
3.900000E+001 4.239063E+001 1.000000E+000 1.000000E+000
3.900000E+001 4.371875E+001 0.000000E+000 1.000000E+000
3.900000E+001 4.371875E+001 1.000000E+000 1.000000E+000
3.900000E+001 4.504688E+001 0.000000E+000 1.000000E+000
3.900000E+001 4.504688E+001 1.000000E+000 1.000000E+000
3.900000E+001 4.637500E+001 0.000000E+000 1.000000E+000
3.900000E+001 4.637500E+001 1.000000E+000 1.000000E+000
3.900000E+001 4.770313E+001 0.000000E+000 1.000000E+000
3.900000E+001 4.770313E+001 1.000000E+000 1.000000E+000
3.900000E+001 4.903125E+001 0.000000E+000 1.000000E+000
3.900000E+001 4.903125E+001 1.000000E+000 1.000000E+000
3.900000E+001 5.035938E+001 0.000000E+000 1.000000E+000
3.900000E+001 5.035938E+001 1.000000E+000 1.000000E+000
3.900000E+001 5.168750E+001 0.000000E+000 1.000000E+000
3.900000E+001 5.168750E+001 1.000000E+000 1.000000E+000
3.900000E+001 5.301563E+001 0.000000E+000 1.000000E+000
3.900000E+001 5.301563E+001 1.000000E+000 1.000000E+000
3.900000E+001 5.434375E+001 0.000000E+000 1.000000E+000
3.900000E+001 5.434375E+001 1.000000E+000 1.000000E+000
3.900000E+001 5.567188E+001 0.000000E+000 1.000000E+000
3.900000E+001 5.567188E+001 1.000000E+000 1.000000E+000
3.900000E+001 5.700000E+001 0.000000E+000 1.000000E+000
3.900000E+001 5.700000E+001 1.000000E+000 1.000000E+000
4.200000E+001 3.850000E+001 0.000000E+000 1.000000E+000
4.200000E+001 3.850000E+001 1.000000E+000 1.000000E+000
4.200000E+001 3.971875E+001 0.000000E+000 1.000000E+000
4.200000E+001 3.971875E+001 1.000000E+000 1.000000E+000
4.200000E+001 4.093750E+001 0.000000E+000 1.000000E+000
4.200000E+001 4.093750E+001 1.000000E+000 1.000000E+000
4.200000E+001 4.215625E+001 0.000000E+000 1.000000E+000
4.200000E+001 4.215625E+001 1.000000E+000 1.000000E+000
4.200000E+001 4.337500E+001 0.000000E+000 1.000000E+000
4.200000E+001 4.337500E+001 1.000000E+000 1.000000E+000
4.200000E+001 4.459375E+001 0.000000E+000 1.000000E+000
4.200000E+001 4.459375E+001 1.000000E+000 1.000000E+000
4.200000E+001 4.581250E+001 0.000000E+000 1.000000E+000
4.200000E+001 4.581250E+001 1.000000E+000 1.000000E+000
4.200000E+001 4.703125E+001 0.000000E+000 1.000000E+000
4.200000E+001 4.703125E+001 1.000000E+000 1.000000E+000
4.200000E+001 4.825000E+001 0.000000E+000 1.000000E+000
4.200000E+001 4.825000E+001 1.000000E+000 1.000000E+000
4.200000E+001 4.946875E+001 0.000000E+000 1.000000E+000
4.200000E+001 4.946875E+001 1.000000E+000 1.000000E+000
4.200000E+001 5.068750E+001 0.000000E+000 1.000000E+000
4.200000E+001 5.068750E+001 1.000000E+000 1.000000E+000
4.200000E+001 5.190625E+001 0.000000E+000 1.000000E+000
4.200000E+001 5.190625E+001 1.000000E+000 1.000000E+000
4.200000E+001 5.312500E+001 0.000000E+000 1.000000E+000
4.200000E+001 5.312500E+001 1.000000E+000 1.000000E+000
4.200000E+001 5.434375E+001 0.000000E+000 1.000000E+000
4.200000E+001 5.434375E+001 1.000000E+000 1.000000E+000
4.200000E+001 5.556250E+001 0.000000E+000 1.000000E+000
4.200000E+001 5.556250E+001 1.000000E+000 1.000000E+000
4.200000E+001 5.678125E+001 0.000000E+000 1.000000E+000
4.200000E+001 5.678125E+001 1.000000E+000 1.000000E+000
4.200000E+001 5.800000E+001 0.000000E+000 1.000000E+000
4.200000E+001 5.800000E+001 1.000000E+000 1.000000E+000
4.500000E+001 4.125000E+001 0.000000E+000 1.000000E+000
4.500000E+001 4.125000E+001 1.000000E+000 1.000000E+000
4.500000E+001 4.235938E+001 0.000000E+000 1.000000E+000
4.500000E+001 4.235938E+001 1.000000E+000 1.000000E+000
4.500000E+001 4.346875E+001 0.000000E+000 1.000000E+000
4.500000E+001 4.346875E+001 1.000000E+000 1.000000E+000
4.500000E+001 4.457813E+001 0.000000E+000 1.000000E+000
4.500000E+001 4.457813E+001 1.000000E+000 1.000000E+000
4.500000E+001 4.568750E+001 0.000000E+000 1.000000E+000
4.500000E+001 4.568750E+001 1.000000E+000 1.000000E+000
4.500000E+001 4.679688E+001 0.000000E+000 1.000000E+000
4.500000E+001 4.679688E+001 1.000000E+000 1.000000E+000
4.500000E+001 4.790625E+001 0.000000E+000 1.000000E+000
4.500000E+001 4.790625E+001 1.000000E+000 1.000000E+000
4.500000E+001 4.901563E+001 0.000000E+000 1.000000E+000
4.500000E+001 4.901563E+001 1.000000E+000 1.000000E+000
4.500000E+001 5.012500E+001 0.000000E+000 1.000000E+000
4.500000E+001 5.012500E+001 1.000000E+000 1.000000E+000
4.500000E+001 5.123438E+001 0.000000E+000 1.000000E+000
4.500000E+001 5.123438E+001 1.000000E+000 1.000000E+000
4.500000E+001 5.234375E+001 0.000000E+000 1.000000E+000
4.500000E+001 5.234375E+001 1.000000E+000 1.000000E+000
4.500000E+001 5.345313E+001 0.000000E+000 1.000000E+000
4.500000E+001 5.345313E+001 1.000000E+000 1.000000E+000
4.500000E+001 5.456250E+001 0.000000E+000 1.000000E+000
4.500000E+001 5.456250E+001 1.000000E+000 1.000000E+000
4.500000E+001 5.567188E+001 0.000000E+000 1.000000E+000
4.500000E+001 5.567188E+001 1.000000E+000 1.000000E+000
4.500000E+001 5.678125E+001 0.000000E+000 1.000000E+000
4.500000E+001 5.678125E+001 1.000000E+000 1.000000E+000
4.500000E+001 5.789063E+001 0.000000E+000 1.000000E+000
4.500000E+001 5.789063E+001 1.000000E+000 1.000000E+000
4.500000E+001 5.900000E+001 0.000000E+000 1.000000E+000
4.500000E+001 5.900000E+001 1.000000E+000 1.000000E+000
4.800000E+001 4.400000E+001 0.000000E+000 1.000000E+000
4.800000E+001 4.400000E+001 1.000000E+000 1.000000E+000
4.800000E+001 4.500000E+001 0.000000E+000 1.000000E+000
4.800000E+001 4.500000E+001 1.000000E+000 1.000000E+000
4.800000E+001 4.600000E+001 0.000000E+000 1.000000E+000
4.800000E+001 4.600000E+001 1.000000E+000 1.000000E+000
4.800000E+001 4.700000E+001 0.000000E+000 1.000000E+000
4.800000E+001 4.700000E+001 1.000000E+000 1.000000E+000
4.800000E+001 4.800000E+001 0.000000E+000 1.000000E+000
4.800000E+001 4.800000E+001 1.000000E+000 1.000000E+000
4.800000E+001 4.900000E+001 0.000000E+000 1.000000E+000
4.800000E+001 4.900000E+001 1.000000E+000 1.000000E+000
4.800000E+001 5.000000E+001 0.000000E+000 1.000000E+000
4.800000E+001 5.000000E+001 1.000000E+000 1.000000E+000
4.800000E+001 5.100000E+001 0.000000E+000 1.000000E+000
4.800000E+001 5.100000E+001 1.000000E+000 1.000000E+000
4.800000E+001 5.200000E+001 0.000000E+000 1.000000E+000
4.800000E+001 5.200000E+001 1.000000E+000 1.000000E+000
4.800000E+001 5.300000E+001 0.000000E+000 1.000000E+000
4.800000E+001 5.300000E+001 1.000000E+000 1.000000E+000
4.800000E+001 5.400000E+001 0.000000E+000 1.000000E+000
4.800000E+001 5.400000E+001 1.000000E+000 1.000000E+000
4.800000E+001 5.500000E+001 0.000000E+000 1.000000E+000
4.800000E+001 5.500000E+001 1.000000E+000 1.000000E+000
4.800000E+001 5.600000E+001 0.000000E+000 1.000000E+000
4.800000E+001 5.600000E+001 1.000000E+000 1.000000E+000
4.800000E+001 5.700000E+001 0.000000E+000 1.000000E+000
4.800000E+001 5.700000E+001 1.000000E+000 1.000000E+000
4.800000E+001 5.800000E+001 0.000000E+000 1.000000E+000
4.800000E+001 5.800000E+001 1.000000E+000 1.000000E+000
4.800000E+001 5.900000E+001 0.000000E+000 1.000000E+000
4.800000E+001 5.900000E+001 1.000000E+000 1.000000E+000
4.800000E+001 6.000000E+001 0.000000E+000 1.000000E+000
4.800000E+001 6.000000E+001 1.000000E+000 1.000000E+000
 --------------------------------------------------------
*material
5
240.565, 0.4999, 1.0, 0.0, 1.0e25
!Young Modulus, Poisson coef, thickness (set to 1.0 if not used), density, Yield Stress
*boundary   !boundary condition *38
646
1, 1, 1, 1
1, 1, 1, 2
1, 1, 2, 1
1, 1, 2, 2
1, 2, 1, 1
1, 2, 1, 2
1, 2, 2, 1
1, 2, 2, 2
1, 3, 1, 1
1, 3, 1, 2
1, 3, 2, 1
1, 3, 2, 2
1, 4, 1, 1
1, 4, 1, 2
1, 4, 2, 1
1, 4, 2, 2
1, 5, 1, 1
1, 5, 1, 2
1, 5, 2, 1
1, 5, 2, 2
1, 6, 1, 1
1, 6, 1, 2
1, 6, 2, 1
1, 6, 2, 2
1, 7, 1, 1
1, 7, 1, 2
1, 7, 2, 1
1, 7, 2, 2
1, 8, 1, 1
1, 8, 1, 2
1, 8, 2, 1
1, 8, 2, 2
1, 9, 1, 1
1, 9, 1, 2
1, 9, 2, 1
1, 9, 2, 2
1, 10, 1, 1
1, 10, 1, 2
1, 10, 2, 1
1, 10, 2, 2
1, 11, 1, 1
1, 11, 1, 2
1, 11, 2, 1
1, 11, 2, 2
1, 12, 1, 1
1, 12, 1, 2
1, 12, 2, 1
1, 12, 2, 2
1, 13, 1, 1
1, 13, 1, 2
1, 13, 2, 1
1, 13, 2, 2
1, 14, 1, 1
1, 14, 1, 2
1, 14, 2, 1
1, 14, 2, 2
1, 15, 1, 1
1, 15, 1, 2
1, 15, 2, 1
1, 15, 2, 2
1, 16, 1, 1
1, 16, 1, 2
1, 16, 2, 1
1, 16, 2, 2
1, 17, 1, 1
1, 17, 1, 2
1, 17, 2, 1
1, 17, 2, 2
1	,	1	,	1	,	3
1	,	1	,	2	,	3
1	,	2	,	1	,	3
1	,	2	,	2	,	3
1	,	3	,	1	,	3
1	,	3	,	2	,	3
1	,	4	,	1	,	3
1	,	4	,	2	,	3
1	,	5	,	1	,	3
1	,	5	,	2	,	3
1	,	6	,	1	,	3
1	,	6	,	2	,	3
1	,	7	,	1	,	3
1	,	7	,	2	,	3
1	,	8	,	1	,	3
1	,	8	,	2	,	3
1	,	9	,	1	,	3
1	,	9	,	2	,	3
1	,	10	,	1	,	3
1	,	10	,	2	,	3
1	,	11	,	1	,	3
1	,	11	,	2	,	3
1	,	12	,	1	,	3
1	,	12	,	2	,	3
1	,	13	,	1	,	3
1	,	13	,	2	,	3
1	,	14	,	1	,	3
1	,	14	,	2	,	3
1	,	15	,	1	,	3
1	,	15	,	2	,	3
1	,	16	,	1	,	3
1	,	16	,	2	,	3
1	,	17	,	1	,	3
1	,	17	,	2	,	3
2	,	1	,	1	,	3
2	,	1	,	2	,	3
2	,	2	,	1	,	3
2	,	2	,	2	,	3
2	,	3	,	1	,	3
2	,	3	,	2	,	3
2	,	4	,	1	,	3
2	,	4	,	2	,	3
2	,	5	,	1	,	3
2	,	5	,	2	,	3
2	,	6	,	1	,	3
2	,	6	,	2	,	3
2	,	7	,	1	,	3
2	,	7	,	2	,	3
2	,	8	,	1	,	3
2	,	8	,	2	,	3
2	,	9	,	1	,	3
2	,	9	,	2	,	3
2	,	10	,	1	,	3
2	,	10	,	2	,	3
2	,	11	,	1	,	3
2	,	11	,	2	,	3
2	,	12	,	1	,	3
2	,	12	,	2	,	3
2	,	13	,	1	,	3
2	,	13	,	2	,	3
2	,	14	,	1	,	3
2	,	14	,	2	,	3
2	,	15	,	1	,	3
2	,	15	,	2	,	3
2	,	16	,	1	,	3
2	,	16	,	2	,	3
2	,	17	,	1	,	3
2	,	17	,	2	,	3
3	,	1	,	1	,	3
3	,	1	,	2	,	3
3	,	2	,	1	,	3
3	,	2	,	2	,	3
3	,	3	,	1	,	3
3	,	3	,	2	,	3
3	,	4	,	1	,	3
3	,	4	,	2	,	3
3	,	5	,	1	,	3
3	,	5	,	2	,	3
3	,	6	,	1	,	3
3	,	6	,	2	,	3
3	,	7	,	1	,	3
3	,	7	,	2	,	3
3	,	8	,	1	,	3
3	,	8	,	2	,	3
3	,	9	,	1	,	3
3	,	9	,	2	,	3
3	,	10	,	1	,	3
3	,	10	,	2	,	3
3	,	11	,	1	,	3
3	,	11	,	2	,	3
3	,	12	,	1	,	3
3	,	12	,	2	,	3
3	,	13	,	1	,	3
3	,	13	,	2	,	3
3	,	14	,	1	,	3
3	,	14	,	2	,	3
3	,	15	,	1	,	3
3	,	15	,	2	,	3
3	,	16	,	1	,	3
3	,	16	,	2	,	3
3	,	17	,	1	,	3
3	,	17	,	2	,	3
4	,	1	,	1	,	3
4	,	1	,	2	,	3
4	,	2	,	1	,	3
4	,	2	,	2	,	3
4	,	3	,	1	,	3
4	,	3	,	2	,	3
4	,	4	,	1	,	3
4	,	4	,	2	,	3
4	,	5	,	1	,	3
4	,	5	,	2	,	3
4	,	6	,	1	,	3
4	,	6	,	2	,	3
4	,	7	,	1	,	3
4	,	7	,	2	,	3
4	,	8	,	1	,	3
4	,	8	,	2	,	3
4	,	9	,	1	,	3
4	,	9	,	2	,	3
4	,	10	,	1	,	3
4	,	10	,	2	,	3
4	,	11	,	1	,	3
4	,	11	,	2	,	3
4	,	12	,	1	,	3
4	,	12	,	2	,	3
4	,	13	,	1	,	3
4	,	13	,	2	,	3
4	,	14	,	1	,	3
4	,	14	,	2	,	3
4	,	15	,	1	,	3
4	,	15	,	2	,	3
4	,	16	,	1	,	3
4	,	16	,	2	,	3
4	,	17	,	1	,	3
4	,	17	,	2	,	3
5	,	1	,	1	,	3
5	,	1	,	2	,	3
5	,	2	,	1	,	3
5	,	2	,	2	,	3
5	,	3	,	1	,	3
5	,	3	,	2	,	3
5	,	4	,	1	,	3
5	,	4	,	2	,	3
5	,	5	,	1	,	3
5	,	5	,	2	,	3
5	,	6	,	1	,	3
5	,	6	,	2	,	3
5	,	7	,	1	,	3
5	,	7	,	2	,	3
5	,	8	,	1	,	3
5	,	8	,	2	,	3
5	,	9	,	1	,	3
5	,	9	,	2	,	3
5	,	10	,	1	,	3
5	,	10	,	2	,	3
5	,	11	,	1	,	3
5	,	11	,	2	,	3
5	,	12	,	1	,	3
5	,	12	,	2	,	3
5	,	13	,	1	,	3
5	,	13	,	2	,	3
5	,	14	,	1	,	3
5	,	14	,	2	,	3
5	,	15	,	1	,	3
5	,	15	,	2	,	3
5	,	16	,	1	,	3
5	,	16	,	2	,	3
5	,	17	,	1	,	3
5	,	17	,	2	,	3
6	,	1	,	1	,	3
6	,	1	,	2	,	3
6	,	2	,	1	,	3
6	,	2	,	2	,	3
6	,	3	,	1	,	3
6	,	3	,	2	,	3
6	,	4	,	1	,	3
6	,	4	,	2	,	3
6	,	5	,	1	,	3
6	,	5	,	2	,	3
6	,	6	,	1	,	3
6	,	6	,	2	,	3
6	,	7	,	1	,	3
6	,	7	,	2	,	3
6	,	8	,	1	,	3
6	,	8	,	2	,	3
6	,	9	,	1	,	3
6	,	9	,	2	,	3
6	,	10	,	1	,	3
6	,	10	,	2	,	3
6	,	11	,	1	,	3
6	,	11	,	2	,	3
6	,	12	,	1	,	3
6	,	12	,	2	,	3
6	,	13	,	1	,	3
6	,	13	,	2	,	3
6	,	14	,	1	,	3
6	,	14	,	2	,	3
6	,	15	,	1	,	3
6	,	15	,	2	,	3
6	,	16	,	1	,	3
6	,	16	,	2	,	3
6	,	17	,	1	,	3
6	,	17	,	2	,	3
7	,	1	,	1	,	3
7	,	1	,	2	,	3
7	,	2	,	1	,	3
7	,	2	,	2	,	3
7	,	3	,	1	,	3
7	,	3	,	2	,	3
7	,	4	,	1	,	3
7	,	4	,	2	,	3
7	,	5	,	1	,	3
7	,	5	,	2	,	3
7	,	6	,	1	,	3
7	,	6	,	2	,	3
7	,	7	,	1	,	3
7	,	7	,	2	,	3
7	,	8	,	1	,	3
7	,	8	,	2	,	3
7	,	9	,	1	,	3
7	,	9	,	2	,	3
7	,	10	,	1	,	3
7	,	10	,	2	,	3
7	,	11	,	1	,	3
7	,	11	,	2	,	3
7	,	12	,	1	,	3
7	,	12	,	2	,	3
7	,	13	,	1	,	3
7	,	13	,	2	,	3
7	,	14	,	1	,	3
7	,	14	,	2	,	3
7	,	15	,	1	,	3
7	,	15	,	2	,	3
7	,	16	,	1	,	3
7	,	16	,	2	,	3
7	,	17	,	1	,	3
7	,	17	,	2	,	3
8	,	1	,	1	,	3
8	,	1	,	2	,	3
8	,	2	,	1	,	3
8	,	2	,	2	,	3
8	,	3	,	1	,	3
8	,	3	,	2	,	3
8	,	4	,	1	,	3
8	,	4	,	2	,	3
8	,	5	,	1	,	3
8	,	5	,	2	,	3
8	,	6	,	1	,	3
8	,	6	,	2	,	3
8	,	7	,	1	,	3
8	,	7	,	2	,	3
8	,	8	,	1	,	3
8	,	8	,	2	,	3
8	,	9	,	1	,	3
8	,	9	,	2	,	3
8	,	10	,	1	,	3
8	,	10	,	2	,	3
8	,	11	,	1	,	3
8	,	11	,	2	,	3
8	,	12	,	1	,	3
8	,	12	,	2	,	3
8	,	13	,	1	,	3
8	,	13	,	2	,	3
8	,	14	,	1	,	3
8	,	14	,	2	,	3
8	,	15	,	1	,	3
8	,	15	,	2	,	3
8	,	16	,	1	,	3
8	,	16	,	2	,	3
8	,	17	,	1	,	3
8	,	17	,	2	,	3
9	,	1	,	1	,	3
9	,	1	,	2	,	3
9	,	2	,	1	,	3
9	,	2	,	2	,	3
9	,	3	,	1	,	3
9	,	3	,	2	,	3
9	,	4	,	1	,	3
9	,	4	,	2	,	3
9	,	5	,	1	,	3
9	,	5	,	2	,	3
9	,	6	,	1	,	3
9	,	6	,	2	,	3
9	,	7	,	1	,	3
9	,	7	,	2	,	3
9	,	8	,	1	,	3
9	,	8	,	2	,	3
9	,	9	,	1	,	3
9	,	9	,	2	,	3
9	,	10	,	1	,	3
9	,	10	,	2	,	3
9	,	11	,	1	,	3
9	,	11	,	2	,	3
9	,	12	,	1	,	3
9	,	12	,	2	,	3
9	,	13	,	1	,	3
9	,	13	,	2	,	3
9	,	14	,	1	,	3
9	,	14	,	2	,	3
9	,	15	,	1	,	3
9	,	15	,	2	,	3
9	,	16	,	1	,	3
9	,	16	,	2	,	3
9	,	17	,	1	,	3
9	,	17	,	2	,	3
10	,	1	,	1	,	3
10	,	1	,	2	,	3
10	,	2	,	1	,	3
10	,	2	,	2	,	3
10	,	3	,	1	,	3
10	,	3	,	2	,	3
10	,	4	,	1	,	3
10	,	4	,	2	,	3
10	,	5	,	1	,	3
10	,	5	,	2	,	3
10	,	6	,	1	,	3
10	,	6	,	2	,	3
10	,	7	,	1	,	3
10	,	7	,	2	,	3
10	,	8	,	1	,	3
10	,	8	,	2	,	3
10	,	9	,	1	,	3
10	,	9	,	2	,	3
10	,	10	,	1	,	3
10	,	10	,	2	,	3
10	,	11	,	1	,	3
10	,	11	,	2	,	3
10	,	12	,	1	,	3
10	,	12	,	2	,	3
10	,	13	,	1	,	3
10	,	13	,	2	,	3
10	,	14	,	1	,	3
10	,	14	,	2	,	3
10	,	15	,	1	,	3
10	,	15	,	2	,	3
10	,	16	,	1	,	3
10	,	16	,	2	,	3
10	,	17	,	1	,	3
10	,	17	,	2	,	3
11	,	1	,	1	,	3
11	,	1	,	2	,	3
11	,	2	,	1	,	3
11	,	2	,	2	,	3
11	,	3	,	1	,	3
11	,	3	,	2	,	3
11	,	4	,	1	,	3
11	,	4	,	2	,	3
11	,	5	,	1	,	3
11	,	5	,	2	,	3
11	,	6	,	1	,	3
11	,	6	,	2	,	3
11	,	7	,	1	,	3
11	,	7	,	2	,	3
11	,	8	,	1	,	3
11	,	8	,	2	,	3
11	,	9	,	1	,	3
11	,	9	,	2	,	3
11	,	10	,	1	,	3
11	,	10	,	2	,	3
11	,	11	,	1	,	3
11	,	11	,	2	,	3
11	,	12	,	1	,	3
11	,	12	,	2	,	3
11	,	13	,	1	,	3
11	,	13	,	2	,	3
11	,	14	,	1	,	3
11	,	14	,	2	,	3
11	,	15	,	1	,	3
11	,	15	,	2	,	3
11	,	16	,	1	,	3
11	,	16	,	2	,	3
11	,	17	,	1	,	3
11	,	17	,	2	,	3
12	,	1	,	1	,	3
12	,	1	,	2	,	3
12	,	2	,	1	,	3
12	,	2	,	2	,	3
12	,	3	,	1	,	3
12	,	3	,	2	,	3
12	,	4	,	1	,	3
12	,	4	,	2	,	3
12	,	5	,	1	,	3
12	,	5	,	2	,	3
12	,	6	,	1	,	3
12	,	6	,	2	,	3
12	,	7	,	1	,	3
12	,	7	,	2	,	3
12	,	8	,	1	,	3
12	,	8	,	2	,	3
12	,	9	,	1	,	3
12	,	9	,	2	,	3
12	,	10	,	1	,	3
12	,	10	,	2	,	3
12	,	11	,	1	,	3
12	,	11	,	2	,	3
12	,	12	,	1	,	3
12	,	12	,	2	,	3
12	,	13	,	1	,	3
12	,	13	,	2	,	3
12	,	14	,	1	,	3
12	,	14	,	2	,	3
12	,	15	,	1	,	3
12	,	15	,	2	,	3
12	,	16	,	1	,	3
12	,	16	,	2	,	3
12	,	17	,	1	,	3
12	,	17	,	2	,	3
13	,	1	,	1	,	3
13	,	1	,	2	,	3
13	,	2	,	1	,	3
13	,	2	,	2	,	3
13	,	3	,	1	,	3
13	,	3	,	2	,	3
13	,	4	,	1	,	3
13	,	4	,	2	,	3
13	,	5	,	1	,	3
13	,	5	,	2	,	3
13	,	6	,	1	,	3
13	,	6	,	2	,	3
13	,	7	,	1	,	3
13	,	7	,	2	,	3
13	,	8	,	1	,	3
13	,	8	,	2	,	3
13	,	9	,	1	,	3
13	,	9	,	2	,	3
13	,	10	,	1	,	3
13	,	10	,	2	,	3
13	,	11	,	1	,	3
13	,	11	,	2	,	3
13	,	12	,	1	,	3
13	,	12	,	2	,	3
13	,	13	,	1	,	3
13	,	13	,	2	,	3
13	,	14	,	1	,	3
13	,	14	,	2	,	3
13	,	15	,	1	,	3
13	,	15	,	2	,	3
13	,	16	,	1	,	3
13	,	16	,	2	,	3
13	,	17	,	1	,	3
13	,	17	,	2	,	3
14	,	1	,	1	,	3
14	,	1	,	2	,	3
14	,	2	,	1	,	3
14	,	2	,	2	,	3
14	,	3	,	1	,	3
14	,	3	,	2	,	3
14	,	4	,	1	,	3
14	,	4	,	2	,	3
14	,	5	,	1	,	3
14	,	5	,	2	,	3
14	,	6	,	1	,	3
14	,	6	,	2	,	3
14	,	7	,	1	,	3
14	,	7	,	2	,	3
14	,	8	,	1	,	3
14	,	8	,	2	,	3
14	,	9	,	1	,	3
14	,	9	,	2	,	3
14	,	10	,	1	,	3
14	,	10	,	2	,	3
14	,	11	,	1	,	3
14	,	11	,	2	,	3
14	,	12	,	1	,	3
14	,	12	,	2	,	3
14	,	13	,	1	,	3
14	,	13	,	2	,	3
14	,	14	,	1	,	3
14	,	14	,	2	,	3
14	,	15	,	1	,	3
14	,	15	,	2	,	3
14	,	16	,	1	,	3
14	,	16	,	2	,	3
14	,	17	,	1	,	3
14	,	17	,	2	,	3
15	,	1	,	1	,	3
15	,	1	,	2	,	3
15	,	2	,	1	,	3
15	,	2	,	2	,	3
15	,	3	,	1	,	3
15	,	3	,	2	,	3
15	,	4	,	1	,	3
15	,	4	,	2	,	3
15	,	5	,	1	,	3
15	,	5	,	2	,	3
15	,	6	,	1	,	3
15	,	6	,	2	,	3
15	,	7	,	1	,	3
15	,	7	,	2	,	3
15	,	8	,	1	,	3
15	,	8	,	2	,	3
15	,	9	,	1	,	3
15	,	9	,	2	,	3
15	,	10	,	1	,	3
15	,	10	,	2	,	3
15	,	11	,	1	,	3
15	,	11	,	2	,	3
15	,	12	,	1	,	3
15	,	12	,	2	,	3
15	,	13	,	1	,	3
15	,	13	,	2	,	3
15	,	14	,	1	,	3
15	,	14	,	2	,	3
15	,	15	,	1	,	3
15	,	15	,	2	,	3
15	,	16	,	1	,	3
15	,	16	,	2	,	3
15	,	17	,	1	,	3
15	,	17	,	2	,	3
16	,	1	,	1	,	3
16	,	1	,	2	,	3
16	,	2	,	1	,	3
16	,	2	,	2	,	3
16	,	3	,	1	,	3
16	,	3	,	2	,	3
16	,	4	,	1	,	3
16	,	4	,	2	,	3
16	,	5	,	1	,	3
16	,	5	,	2	,	3
16	,	6	,	1	,	3
16	,	6	,	2	,	3
16	,	7	,	1	,	3
16	,	7	,	2	,	3
16	,	8	,	1	,	3
16	,	8	,	2	,	3
16	,	9	,	1	,	3
16	,	9	,	2	,	3
16	,	10	,	1	,	3
16	,	10	,	2	,	3
16	,	11	,	1	,	3
16	,	11	,	2	,	3
16	,	12	,	1	,	3
16	,	12	,	2	,	3
16	,	13	,	1	,	3
16	,	13	,	2	,	3
16	,	14	,	1	,	3
16	,	14	,	2	,	3
16	,	15	,	1	,	3
16	,	15	,	2	,	3
16	,	16	,	1	,	3
16	,	16	,	2	,	3
16	,	17	,	1	,	3
16	,	17	,	2	,	3
17	,	1	,	1	,	3
17	,	1	,	2	,	3
17	,	2	,	1	,	3
17	,	2	,	2	,	3
17	,	3	,	1	,	3
17	,	3	,	2	,	3
17	,	4	,	1	,	3
17	,	4	,	2	,	3
17	,	5	,	1	,	3
17	,	5	,	2	,	3
17	,	6	,	1	,	3
17	,	6	,	2	,	3
17	,	7	,	1	,	3
17	,	7	,	2	,	3
17	,	8	,	1	,	3
17	,	8	,	2	,	3
17	,	9	,	1	,	3
17	,	9	,	2	,	3
17	,	10	,	1	,	3
17	,	10	,	2	,	3
17	,	11	,	1	,	3
17	,	11	,	2	,	3
17	,	12	,	1	,	3
17	,	12	,	2	,	3
17	,	13	,	1	,	3
17	,	13	,	2	,	3
17	,	14	,	1	,	3
17	,	14	,	2	,	3
17	,	15	,	1	,	3
17	,	15	,	2	,	3
17	,	16	,	1	,	3
17	,	16	,	2	,	3
17	,	17	,	1	,	3
17	,	17	,	2	,	3
--------------------------------------------------------
*load       !load vector
34
17	1	1	2	1.5625
17	1	2	2	1.5625
17	2	1	2	3.125
17	2	2	2	3.125
17	3	1	2	3.125
17	3	2	2	3.125
17	4	1	2	3.125
17	4	2	2	3.125
17	5	1	2	3.125
17	5	2	2	3.125
17	6	1	2	3.125
17	6	2	2	3.125
17	7	1	2	3.125
17	7	2	2	3.125
17	8	1	2	3.125
17	8	2	2	3.125
17	9	1	2	3.125
17	9	2	2	3.125
17	10	1	2	3.125
17	10	2	2	3.125
17	11	1	2	3.125
17	11	2	2	3.125
17	12	1	2	3.125
17	12	2	2	3.125
17	13	1	2	3.125
17	13	2	2	3.125
17	14	1	2	3.125
17	14	2	2	3.125
17	15	1	2	3.125
17	15	2	2	3.125
17	16	1	2	3.125
17	16	2	2	3.125
17	17	1	2	1.5625
17	17	2	2	1.5625
*end