!---------------------------------------------------------------------------
!
! Cook Membrane in plane strain conditions, with 4 elements per side
!
!---------------------------------------------------------------------------
*begin
3           !problem dimension
3, 3, 3     !degree of each dimension
7, 7, 4     !control points in each direction
0, 0, 0     !open(0) or closed(1) knot vector
--------------------------------------------------------
*knots    !knot spans
0.0, 0.0, 0.0, 0.0, 0.25, 0.5, 0.75, 1.0, 1.0, 1.0, 1.0
0.0, 0.0, 0.0, 0.0, 0.25, 0.5, 0.75, 1.0, 1.0, 1.0, 1.0
0.0, 0.0, 0.0, 0.0, 1.0, 1.0, 1.0, 1.0
--------------------------------------------------------
*element
Hex64
*bnet     !nurbs control points
0.0000000000000000E+000 0.0000000000000000E+000 0.0000000000000000E+000 1.0000000000000000E+000
0.0000000000000000E+000 0.0000000000000000E+000 3.3333333333333331E-001 1.0000000000000000E+000
0.0000000000000000E+000 0.0000000000000000E+000 6.6666666666666663E-001 1.0000000000000000E+000
0.0000000000000000E+000 0.0000000000000000E+000 1.0000000000000000E+000 1.0000000000000000E+000
0.0000000000000000E+000 3.6666666666666665E+000 0.0000000000000000E+000 1.0000000000000000E+000
0.0000000000000000E+000 3.6666666666666661E+000 3.3333333333333331E-001 1.0000000000000000E+000
0.0000000000000000E+000 3.6666666666666661E+000 6.6666666666666663E-001 1.0000000000000000E+000
0.0000000000000000E+000 3.6666666666666665E+000 1.0000000000000000E+000 1.0000000000000000E+000
0.0000000000000000E+000 1.1000000000000000E+001 0.0000000000000000E+000 1.0000000000000000E+000
0.0000000000000000E+000 1.0999999999999996E+001 3.3333333333333331E-001 1.0000000000000000E+000
0.0000000000000000E+000 1.0999999999999996E+001 6.6666666666666663E-001 1.0000000000000000E+000
0.0000000000000000E+000 1.1000000000000000E+001 1.0000000000000000E+000 1.0000000000000000E+000
0.0000000000000000E+000 2.2000000000000000E+001 0.0000000000000000E+000 1.0000000000000000E+000
0.0000000000000000E+000 2.1999999999999996E+001 3.3333333333333331E-001 1.0000000000000000E+000
0.0000000000000000E+000 2.1999999999999996E+001 6.6666666666666663E-001 1.0000000000000000E+000
0.0000000000000000E+000 2.2000000000000000E+001 1.0000000000000000E+000 1.0000000000000000E+000
0.0000000000000000E+000 3.3000000000000000E+001 0.0000000000000000E+000 1.0000000000000000E+000
0.0000000000000000E+000 3.3000000000000000E+001 3.3333333333333331E-001 1.0000000000000000E+000
0.0000000000000000E+000 3.3000000000000000E+001 6.6666666666666663E-001 1.0000000000000000E+000
0.0000000000000000E+000 3.3000000000000000E+001 1.0000000000000000E+000 1.0000000000000000E+000
0.0000000000000000E+000 4.0333333333333329E+001 0.0000000000000000E+000 1.0000000000000000E+000
0.0000000000000000E+000 4.0333333333333329E+001 3.3333333333333331E-001 1.0000000000000000E+000
0.0000000000000000E+000 4.0333333333333329E+001 6.6666666666666663E-001 1.0000000000000000E+000
0.0000000000000000E+000 4.0333333333333329E+001 1.0000000000000000E+000 1.0000000000000000E+000
0.0000000000000000E+000 4.4000000000000000E+001 0.0000000000000000E+000 1.0000000000000000E+000
0.0000000000000000E+000 4.4000000000000000E+001 3.3333333333333331E-001 1.0000000000000000E+000
0.0000000000000000E+000 4.4000000000000000E+001 6.6666666666666663E-001 1.0000000000000000E+000
0.0000000000000000E+000 4.4000000000000000E+001 1.0000000000000000E+000 1.0000000000000000E+000
4.0000000000000000E+000 3.6666666666666665E+000 0.0000000000000000E+000 1.0000000000000000E+000
4.0000000000000000E+000 3.6666666666666661E+000 3.3333333333333331E-001 1.0000000000000000E+000
4.0000000000000000E+000 3.6666666666666661E+000 6.6666666666666663E-001 1.0000000000000000E+000
4.0000000000000000E+000 3.6666666666666665E+000 1.0000000000000000E+000 1.0000000000000000E+000
4.0000000000000000E+000 7.1388888888888884E+000 0.0000000000000000E+000 1.0000000000000000E+000
4.0000000000000000E+000 7.1388888888888884E+000 3.3333333333333331E-001 1.0000000000000000E+000
4.0000000000000000E+000 7.1388888888888884E+000 6.6666666666666663E-001 1.0000000000000000E+000
4.0000000000000000E+000 7.1388888888888884E+000 1.0000000000000000E+000 1.0000000000000000E+000
4.0000000000000000E+000 1.4083333333333334E+001 0.0000000000000000E+000 1.0000000000000000E+000
4.0000000000000000E+000 1.4083333333333332E+001 3.3333333333333331E-001 1.0000000000000000E+000
4.0000000000000000E+000 1.4083333333333332E+001 6.6666666666666663E-001 1.0000000000000000E+000
4.0000000000000000E+000 1.4083333333333334E+001 1.0000000000000000E+000 1.0000000000000000E+000
4.0000000000000000E+000 2.4500000000000000E+001 0.0000000000000000E+000 1.0000000000000000E+000
4.0000000000000000E+000 2.4500000000000000E+001 3.3333333333333331E-001 1.0000000000000000E+000
4.0000000000000000E+000 2.4500000000000000E+001 6.6666666666666663E-001 1.0000000000000000E+000
4.0000000000000000E+000 2.4500000000000000E+001 1.0000000000000000E+000 1.0000000000000000E+000
4.0000000000000000E+000 3.4916666666666664E+001 0.0000000000000000E+000 1.0000000000000000E+000
4.0000000000000000E+000 3.4916666666666664E+001 3.3333333333333331E-001 1.0000000000000000E+000
4.0000000000000000E+000 3.4916666666666664E+001 6.6666666666666663E-001 1.0000000000000000E+000
4.0000000000000000E+000 3.4916666666666664E+001 1.0000000000000000E+000 1.0000000000000000E+000
4.0000000000000000E+000 4.1861111111111107E+001 0.0000000000000000E+000 1.0000000000000000E+000
4.0000000000000000E+000 4.1861111111111107E+001 3.3333333333333331E-001 1.0000000000000000E+000
4.0000000000000000E+000 4.1861111111111107E+001 6.6666666666666663E-001 1.0000000000000000E+000
4.0000000000000000E+000 4.1861111111111107E+001 1.0000000000000000E+000 1.0000000000000000E+000
4.0000000000000000E+000 4.5333333333333329E+001 0.0000000000000000E+000 1.0000000000000000E+000
4.0000000000000000E+000 4.5333333333333329E+001 3.3333333333333331E-001 1.0000000000000000E+000
4.0000000000000000E+000 4.5333333333333329E+001 6.6666666666666663E-001 1.0000000000000000E+000
4.0000000000000000E+000 4.5333333333333329E+001 1.0000000000000000E+000 1.0000000000000000E+000
1.2000000000000000E+001 1.1000000000000000E+001 0.0000000000000000E+000 1.0000000000000000E+000
1.2000000000000000E+001 1.0999999999999996E+001 3.3333333333333331E-001 1.0000000000000000E+000
1.2000000000000000E+001 1.0999999999999996E+001 6.6666666666666663E-001 1.0000000000000000E+000
1.2000000000000000E+001 1.1000000000000000E+001 1.0000000000000000E+000 1.0000000000000000E+000
1.2000000000000000E+001 1.4083333333333332E+001 0.0000000000000000E+000 1.0000000000000000E+000
1.2000000000000000E+001 1.4083333333333330E+001 3.3333333333333331E-001 1.0000000000000000E+000
1.2000000000000000E+001 1.4083333333333330E+001 6.6666666666666663E-001 1.0000000000000000E+000
1.2000000000000000E+001 1.4083333333333332E+001 1.0000000000000000E+000 1.0000000000000000E+000
1.2000000000000000E+001 2.0250000000000000E+001 0.0000000000000000E+000 1.0000000000000000E+000
1.2000000000000000E+001 2.0250000000000000E+001 3.3333333333333331E-001 1.0000000000000000E+000
1.2000000000000000E+001 2.0250000000000000E+001 6.6666666666666663E-001 1.0000000000000000E+000
1.2000000000000000E+001 2.0250000000000000E+001 1.0000000000000000E+000 1.0000000000000000E+000
1.2000000000000000E+001 2.9500000000000000E+001 0.0000000000000000E+000 1.0000000000000000E+000
1.2000000000000000E+001 2.9500000000000000E+001 3.3333333333333331E-001 1.0000000000000000E+000
1.2000000000000000E+001 2.9500000000000000E+001 6.6666666666666663E-001 1.0000000000000000E+000
1.2000000000000000E+001 2.9500000000000000E+001 1.0000000000000000E+000 1.0000000000000000E+000
1.2000000000000000E+001 3.8750000000000000E+001 0.0000000000000000E+000 1.0000000000000000E+000
1.2000000000000000E+001 3.8750000000000000E+001 3.3333333333333331E-001 1.0000000000000000E+000
1.2000000000000000E+001 3.8750000000000000E+001 6.6666666666666663E-001 1.0000000000000000E+000
1.2000000000000000E+001 3.8750000000000000E+001 1.0000000000000000E+000 1.0000000000000000E+000
1.2000000000000000E+001 4.4916666666666664E+001 0.0000000000000000E+000 1.0000000000000000E+000
1.2000000000000000E+001 4.4916666666666664E+001 3.3333333333333331E-001 1.0000000000000000E+000
1.2000000000000000E+001 4.4916666666666664E+001 6.6666666666666663E-001 1.0000000000000000E+000
1.2000000000000000E+001 4.4916666666666664E+001 1.0000000000000000E+000 1.0000000000000000E+000
1.2000000000000000E+001 4.8000000000000000E+001 0.0000000000000000E+000 1.0000000000000000E+000
1.2000000000000000E+001 4.8000000000000000E+001 3.3333333333333331E-001 1.0000000000000000E+000
1.2000000000000000E+001 4.8000000000000000E+001 6.6666666666666663E-001 1.0000000000000000E+000
1.2000000000000000E+001 4.8000000000000000E+001 1.0000000000000000E+000 1.0000000000000000E+000
2.4000000000000000E+001 2.2000000000000000E+001 0.0000000000000000E+000 1.0000000000000000E+000
2.4000000000000000E+001 2.1999999999999996E+001 3.3333333333333331E-001 1.0000000000000000E+000
2.4000000000000000E+001 2.1999999999999996E+001 6.6666666666666663E-001 1.0000000000000000E+000
2.4000000000000000E+001 2.2000000000000000E+001 1.0000000000000000E+000 1.0000000000000000E+000
2.4000000000000000E+001 2.4500000000000000E+001 0.0000000000000000E+000 1.0000000000000000E+000
2.4000000000000000E+001 2.4499999999999996E+001 3.3333333333333331E-001 1.0000000000000000E+000
2.4000000000000000E+001 2.4499999999999996E+001 6.6666666666666663E-001 1.0000000000000000E+000
2.4000000000000000E+001 2.4500000000000000E+001 1.0000000000000000E+000 1.0000000000000000E+000
2.4000000000000000E+001 2.9500000000000000E+001 0.0000000000000000E+000 1.0000000000000000E+000
2.4000000000000000E+001 2.9500000000000000E+001 3.3333333333333331E-001 1.0000000000000000E+000
2.4000000000000000E+001 2.9500000000000000E+001 6.6666666666666663E-001 1.0000000000000000E+000
2.4000000000000000E+001 2.9500000000000000E+001 1.0000000000000000E+000 1.0000000000000000E+000
2.4000000000000000E+001 3.7000000000000000E+001 0.0000000000000000E+000 1.0000000000000000E+000
2.4000000000000000E+001 3.7000000000000000E+001 3.3333333333333331E-001 1.0000000000000000E+000
2.4000000000000000E+001 3.7000000000000000E+001 6.6666666666666663E-001 1.0000000000000000E+000
2.4000000000000000E+001 3.7000000000000000E+001 1.0000000000000000E+000 1.0000000000000000E+000
2.4000000000000000E+001 4.4500000000000000E+001 0.0000000000000000E+000 1.0000000000000000E+000
2.4000000000000000E+001 4.4500000000000000E+001 3.3333333333333331E-001 1.0000000000000000E+000
2.4000000000000000E+001 4.4500000000000000E+001 6.6666666666666663E-001 1.0000000000000000E+000
2.4000000000000000E+001 4.4500000000000000E+001 1.0000000000000000E+000 1.0000000000000000E+000
2.4000000000000000E+001 4.9500000000000000E+001 0.0000000000000000E+000 1.0000000000000000E+000
2.4000000000000000E+001 4.9500000000000000E+001 3.3333333333333331E-001 1.0000000000000000E+000
2.4000000000000000E+001 4.9500000000000000E+001 6.6666666666666663E-001 1.0000000000000000E+000
2.4000000000000000E+001 4.9500000000000000E+001 1.0000000000000000E+000 1.0000000000000000E+000
2.4000000000000000E+001 5.2000000000000000E+001 0.0000000000000000E+000 1.0000000000000000E+000
2.4000000000000000E+001 5.2000000000000000E+001 3.3333333333333331E-001 1.0000000000000000E+000
2.4000000000000000E+001 5.2000000000000000E+001 6.6666666666666663E-001 1.0000000000000000E+000
2.4000000000000000E+001 5.2000000000000000E+001 1.0000000000000000E+000 1.0000000000000000E+000
3.6000000000000000E+001 3.3000000000000000E+001 0.0000000000000000E+000 1.0000000000000000E+000
3.6000000000000000E+001 3.3000000000000000E+001 3.3333333333333331E-001 1.0000000000000000E+000
3.6000000000000000E+001 3.3000000000000000E+001 6.6666666666666663E-001 1.0000000000000000E+000
3.6000000000000000E+001 3.3000000000000000E+001 1.0000000000000000E+000 1.0000000000000000E+000
3.6000000000000000E+001 3.4916666666666664E+001 0.0000000000000000E+000 1.0000000000000000E+000
3.6000000000000000E+001 3.4916666666666664E+001 3.3333333333333331E-001 1.0000000000000000E+000
3.6000000000000000E+001 3.4916666666666664E+001 6.6666666666666663E-001 1.0000000000000000E+000
3.6000000000000000E+001 3.4916666666666664E+001 1.0000000000000000E+000 1.0000000000000000E+000
3.6000000000000000E+001 3.8749999999999993E+001 0.0000000000000000E+000 1.0000000000000000E+000
3.6000000000000000E+001 3.8749999999999993E+001 3.3333333333333331E-001 1.0000000000000000E+000
3.6000000000000000E+001 3.8749999999999993E+001 6.6666666666666663E-001 1.0000000000000000E+000
3.6000000000000000E+001 3.8749999999999993E+001 1.0000000000000000E+000 1.0000000000000000E+000
3.6000000000000000E+001 4.4500000000000000E+001 0.0000000000000000E+000 1.0000000000000000E+000
3.6000000000000000E+001 4.4500000000000000E+001 3.3333333333333331E-001 1.0000000000000000E+000
3.6000000000000000E+001 4.4500000000000000E+001 6.6666666666666663E-001 1.0000000000000000E+000
3.6000000000000000E+001 4.4500000000000000E+001 1.0000000000000000E+000 1.0000000000000000E+000
3.6000000000000000E+001 5.0250000000000000E+001 0.0000000000000000E+000 1.0000000000000000E+000
3.6000000000000000E+001 5.0250000000000000E+001 3.3333333333333331E-001 1.0000000000000000E+000
3.6000000000000000E+001 5.0250000000000000E+001 6.6666666666666663E-001 1.0000000000000000E+000
3.6000000000000000E+001 5.0250000000000000E+001 1.0000000000000000E+000 1.0000000000000000E+000
3.6000000000000000E+001 5.4083333333333329E+001 0.0000000000000000E+000 1.0000000000000000E+000
3.6000000000000000E+001 5.4083333333333329E+001 3.3333333333333331E-001 1.0000000000000000E+000
3.6000000000000000E+001 5.4083333333333329E+001 6.6666666666666663E-001 1.0000000000000000E+000
3.6000000000000000E+001 5.4083333333333329E+001 1.0000000000000000E+000 1.0000000000000000E+000
3.6000000000000000E+001 5.6000000000000000E+001 0.0000000000000000E+000 1.0000000000000000E+000
3.6000000000000000E+001 5.6000000000000000E+001 3.3333333333333331E-001 1.0000000000000000E+000
3.6000000000000000E+001 5.6000000000000000E+001 6.6666666666666663E-001 1.0000000000000000E+000
3.6000000000000000E+001 5.6000000000000000E+001 1.0000000000000000E+000 1.0000000000000000E+000
4.4000000000000000E+001 4.0333333333333329E+001 0.0000000000000000E+000 1.0000000000000000E+000
4.4000000000000000E+001 4.0333333333333329E+001 3.3333333333333331E-001 1.0000000000000000E+000
4.4000000000000000E+001 4.0333333333333329E+001 6.6666666666666663E-001 1.0000000000000000E+000
4.4000000000000000E+001 4.0333333333333329E+001 1.0000000000000000E+000 1.0000000000000000E+000
4.4000000000000000E+001 4.1861111111111107E+001 0.0000000000000000E+000 1.0000000000000000E+000
4.4000000000000000E+001 4.1861111111111107E+001 3.3333333333333331E-001 1.0000000000000000E+000
4.4000000000000000E+001 4.1861111111111107E+001 6.6666666666666663E-001 1.0000000000000000E+000
4.4000000000000000E+001 4.1861111111111107E+001 1.0000000000000000E+000 1.0000000000000000E+000
4.4000000000000000E+001 4.4916666666666664E+001 0.0000000000000000E+000 1.0000000000000000E+000
4.4000000000000000E+001 4.4916666666666664E+001 3.3333333333333331E-001 1.0000000000000000E+000
4.4000000000000000E+001 4.4916666666666664E+001 6.6666666666666663E-001 1.0000000000000000E+000
4.4000000000000000E+001 4.4916666666666664E+001 1.0000000000000000E+000 1.0000000000000000E+000
4.4000000000000000E+001 4.9500000000000000E+001 0.0000000000000000E+000 1.0000000000000000E+000
4.4000000000000000E+001 4.9500000000000000E+001 3.3333333333333331E-001 1.0000000000000000E+000
4.4000000000000000E+001 4.9500000000000000E+001 6.6666666666666663E-001 1.0000000000000000E+000
4.4000000000000000E+001 4.9500000000000000E+001 1.0000000000000000E+000 1.0000000000000000E+000
4.4000000000000000E+001 5.4083333333333329E+001 0.0000000000000000E+000 1.0000000000000000E+000
4.4000000000000000E+001 5.4083333333333329E+001 3.3333333333333331E-001 1.0000000000000000E+000
4.4000000000000000E+001 5.4083333333333329E+001 6.6666666666666663E-001 1.0000000000000000E+000
4.4000000000000000E+001 5.4083333333333329E+001 1.0000000000000000E+000 1.0000000000000000E+000
4.4000000000000000E+001 5.7138888888888886E+001 0.0000000000000000E+000 1.0000000000000000E+000
4.4000000000000000E+001 5.7138888888888886E+001 3.3333333333333331E-001 1.0000000000000000E+000
4.4000000000000000E+001 5.7138888888888886E+001 6.6666666666666663E-001 1.0000000000000000E+000
4.4000000000000000E+001 5.7138888888888886E+001 1.0000000000000000E+000 1.0000000000000000E+000
4.4000000000000000E+001 5.8666666666666664E+001 0.0000000000000000E+000 1.0000000000000000E+000
4.4000000000000000E+001 5.8666666666666664E+001 3.3333333333333331E-001 1.0000000000000000E+000
4.4000000000000000E+001 5.8666666666666664E+001 6.6666666666666663E-001 1.0000000000000000E+000
4.4000000000000000E+001 5.8666666666666664E+001 1.0000000000000000E+000 1.0000000000000000E+000
4.8000000000000000E+001 4.4000000000000000E+001 0.0000000000000000E+000 1.0000000000000000E+000
4.8000000000000000E+001 4.4000000000000000E+001 3.3333333333333331E-001 1.0000000000000000E+000
4.8000000000000000E+001 4.4000000000000000E+001 6.6666666666666663E-001 1.0000000000000000E+000
4.8000000000000000E+001 4.4000000000000000E+001 1.0000000000000000E+000 1.0000000000000000E+000
4.8000000000000000E+001 4.5333333333333329E+001 0.0000000000000000E+000 1.0000000000000000E+000
4.8000000000000000E+001 4.5333333333333329E+001 3.3333333333333331E-001 1.0000000000000000E+000
4.8000000000000000E+001 4.5333333333333329E+001 6.6666666666666663E-001 1.0000000000000000E+000
4.8000000000000000E+001 4.5333333333333329E+001 1.0000000000000000E+000 1.0000000000000000E+000
4.8000000000000000E+001 4.8000000000000000E+001 0.0000000000000000E+000 1.0000000000000000E+000
4.8000000000000000E+001 4.8000000000000000E+001 3.3333333333333331E-001 1.0000000000000000E+000
4.8000000000000000E+001 4.8000000000000000E+001 6.6666666666666663E-001 1.0000000000000000E+000
4.8000000000000000E+001 4.8000000000000000E+001 1.0000000000000000E+000 1.0000000000000000E+000
4.8000000000000000E+001 5.2000000000000000E+001 0.0000000000000000E+000 1.0000000000000000E+000
4.8000000000000000E+001 5.2000000000000000E+001 3.3333333333333331E-001 1.0000000000000000E+000
4.8000000000000000E+001 5.2000000000000000E+001 6.6666666666666663E-001 1.0000000000000000E+000
4.8000000000000000E+001 5.2000000000000000E+001 1.0000000000000000E+000 1.0000000000000000E+000
4.8000000000000000E+001 5.6000000000000000E+001 0.0000000000000000E+000 1.0000000000000000E+000
4.8000000000000000E+001 5.6000000000000000E+001 3.3333333333333331E-001 1.0000000000000000E+000
4.8000000000000000E+001 5.6000000000000000E+001 6.6666666666666663E-001 1.0000000000000000E+000
4.8000000000000000E+001 5.6000000000000000E+001 1.0000000000000000E+000 1.0000000000000000E+000
4.8000000000000000E+001 5.8666666666666664E+001 0.0000000000000000E+000 1.0000000000000000E+000
4.8000000000000000E+001 5.8666666666666664E+001 3.3333333333333331E-001 1.0000000000000000E+000
4.8000000000000000E+001 5.8666666666666664E+001 6.6666666666666663E-001 1.0000000000000000E+000
4.8000000000000000E+001 5.8666666666666664E+001 1.0000000000000000E+000 1.0000000000000000E+000
4.8000000000000000E+001 6.0000000000000000E+001 0.0000000000000000E+000 1.0000000000000000E+000
4.8000000000000000E+001 6.0000000000000000E+001 3.3333333333333331E-001 1.0000000000000000E+000
4.8000000000000000E+001 6.0000000000000000E+001 6.6666666666666663E-001 1.0000000000000000E+000
4.8000000000000000E+001 6.0000000000000000E+001 1.0000000000000000E+000 1.0000000000000000E+000
 --------------------------------------------------------
*material
5
240.565, 0.4999, 1.0, 0.0, 1.0e25
!Young Modulus, Poisson coef, thickness (set to 1.0 if not used), density, Yield Stress
*bcdof  !boundary condition *38
168
1	,	3
1	,	2
1	,	1
2	,	3
3	,	3
4	,	3
5	,	3
6	,	3
7	,	3
8	,	3
8	,	2
8	,	1
9	,	3
10	,	3
11	,	3
12	,	3
13	,	3
14	,	3
15	,	3
15	,	2
15	,	1
16	,	3
17	,	3
18	,	3
19	,	3
20	,	3
21	,	3
22	,	3
22	,	2
22	,	1
23	,	3
24	,	3
25	,	3
26	,	3
27	,	3
28	,	3
29	,	3
29	,	2
29	,	1
30	,	3
31	,	3
32	,	3
33	,	3
34	,	3
35	,	3
36	,	3
36	,	2
36	,	1
37	,	3
38	,	3
39	,	3
40	,	3
41	,	3
42	,	3
43	,	3
43	,	2
43	,	1
44	,	3
45	,	3
46	,	3
47	,	3
48	,	3
49	,	3
50	,	3
50	,	2
50	,	1
57	,	3
57	,	2
57	,	1
64	,	3
64	,	2
64	,	1
71	,	3
71	,	2
71	,	1
78	,	3
78	,	2
78	,	1
85	,	3
85	,	2
85	,	1
92	,	3
92	,	2
92	,	1
99	,	3
99	,	2
99	,	1
106	,	3
106	,	2
106	,	1
113	,	3
113	,	2
113	,	1
120	,	3
120	,	2
120	,	1
127	,	3
127	,	2
127	,	1
134	,	3
134	,	2
134	,	1
141	,	3
141	,	2
141	,	1
148	,	3
148	,	2
148	,	1
149	,	3
150	,	3
151	,	3
152	,	3
153	,	3
154	,	3
155	,	3
155	,	2
155	,	1
156	,	3
157	,	3
158	,	3
159	,	3
160	,	3
161	,	3
162	,	3
162	,	2
162	,	1
163	,	3
164	,	3
165	,	3
166	,	3
167	,	3
168	,	3
169	,	3
169	,	2
169	,	1
170	,	3
171	,	3
172	,	3
173	,	3
174	,	3
175	,	3
176	,	3
176	,	2
176	,	1
177	,	3
178	,	3
179	,	3
180	,	3
181	,	3
182	,	3
183	,	3
183	,	2
183	,	1
184	,	3
185	,	3
186	,	3
187	,	3
188	,	3
189	,	3
190	,	3
190	,	2
190	,	1
191	,	3
192	,	3
193	,	3
194	,	3
195	,	3
196	,	3
--------------------------------------------------------
*loaddof       !load vector
28
7	,	2	,	1.041666666
49	,	2	,	1.041666666
56	,	2	,	1.041666666
98	,	2	,	1.041666666
105	,	2	,	1.041666666
147	,	2	,	1.041666666
154	,	2	,	1.041666666
196	,	2	,	1.041666666
14	,	2	,	3.125
42	,	2	,	3.125
63	,	2	,	3.125
91	,	2	,	3.125
112	,	2	,	3.125
140	,	2	,	3.125
161	,	2	,	3.125
189	,	2	,	3.125
21	,	2	,	5.208333334
35	,	2	,	5.208333334
70	,	2	,	5.208333334
84	,	2	,	5.208333334
119	,	2	,	5.208333334
133	,	2	,	5.208333334
168	,	2	,	5.208333334
182	,	2	,	5.208333334
28	,	2	,	6.25
77	,	2	,	6.25
126	,	2	,	6.25
175	,	2	,	6.25
*end