!---------------------------------------------------------------------------
!
! Cook Membrane in plane strain conditions, with 8 elements per side
!
!---------------------------------------------------------------------------
*begin
3             !problem dimension
3, 3, 3       !degree of each dimension
11, 11, 4     !control points in each direction
0, 0, 0       !open(0) or closed(1) knot vector
--------------------------------------------------------
*knots    !knot spans
0.0 0.0 0.0 0.0 0.125 0.25 0.375 0.5 0.625 0.75 0.875 1.0 1.0, 1.0, 1.0
0.0 0.0 0.0 0.0 0.125 0.25 0.375 0.5 0.625 0.75 0.875 1.0 1.0, 1.0, 1.0
0.0, 0.0, 0.0, 0.0, 1.0, 1.0, 1.0, 1.0
--------------------------------------------------------
*element
Hex64
*bnet     !nurbs control points
0.0000000000000000E+000 0.0000000000000000E+000 0.0000000000000000E+000 1.0000000000000000E+000
0.0000000000000000E+000 0.0000000000000000E+000 3.3333333333333331E-001 1.0000000000000000E+000
0.0000000000000000E+000 0.0000000000000000E+000 6.6666666666666663E-001 1.0000000000000000E+000
0.0000000000000000E+000 0.0000000000000000E+000 1.0000000000000000E+000 1.0000000000000000E+000
0.0000000000000000E+000 1.8333333333333335E+000 0.0000000000000000E+000 1.0000000000000000E+000
0.0000000000000000E+000 1.8333333333333333E+000 3.3333333333333337E-001 1.0000000000000000E+000
0.0000000000000000E+000 1.8333333333333333E+000 6.6666666666666674E-001 1.0000000000000000E+000
0.0000000000000000E+000 1.8333333333333335E+000 1.0000000000000000E+000 1.0000000000000000E+000
0.0000000000000000E+000 5.5000000000000009E+000 0.0000000000000000E+000 1.0000000000000000E+000
0.0000000000000000E+000 5.5000000000000000E+000 3.3333333333333337E-001 1.0000000000000000E+000
0.0000000000000000E+000 5.5000000000000000E+000 6.6666666666666674E-001 1.0000000000000000E+000
0.0000000000000000E+000 5.5000000000000009E+000 1.0000000000000000E+000 1.0000000000000000E+000
0.0000000000000000E+000 1.1000000000000000E+001 0.0000000000000000E+000 1.0000000000000000E+000
0.0000000000000000E+000 1.1000000000000000E+001 3.3333333333333337E-001 1.0000000000000000E+000
0.0000000000000000E+000 1.1000000000000000E+001 6.6666666666666674E-001 1.0000000000000000E+000
0.0000000000000000E+000 1.1000000000000000E+001 1.0000000000000000E+000 1.0000000000000000E+000
0.0000000000000000E+000 1.6500000000000000E+001 0.0000000000000000E+000 1.0000000000000000E+000
0.0000000000000000E+000 1.6500000000000000E+001 3.3333333333333337E-001 1.0000000000000000E+000
0.0000000000000000E+000 1.6500000000000000E+001 6.6666666666666674E-001 1.0000000000000000E+000
0.0000000000000000E+000 1.6500000000000000E+001 1.0000000000000000E+000 1.0000000000000000E+000
0.0000000000000000E+000 2.2000000000000000E+001 0.0000000000000000E+000 1.0000000000000000E+000
0.0000000000000000E+000 2.2000000000000000E+001 3.3333333333333337E-001 1.0000000000000000E+000
0.0000000000000000E+000 2.2000000000000000E+001 6.6666666666666674E-001 1.0000000000000000E+000
0.0000000000000000E+000 2.2000000000000000E+001 1.0000000000000000E+000 1.0000000000000000E+000
0.0000000000000000E+000 2.7500000000000000E+001 0.0000000000000000E+000 1.0000000000000000E+000
0.0000000000000000E+000 2.7500000000000000E+001 3.3333333333333337E-001 1.0000000000000000E+000
0.0000000000000000E+000 2.7500000000000000E+001 6.6666666666666674E-001 1.0000000000000000E+000
0.0000000000000000E+000 2.7500000000000000E+001 1.0000000000000000E+000 1.0000000000000000E+000
0.0000000000000000E+000 3.3000000000000000E+001 0.0000000000000000E+000 1.0000000000000000E+000
0.0000000000000000E+000 3.3000000000000000E+001 3.3333333333333331E-001 1.0000000000000000E+000
0.0000000000000000E+000 3.3000000000000000E+001 6.6666666666666663E-001 1.0000000000000000E+000
0.0000000000000000E+000 3.3000000000000000E+001 1.0000000000000000E+000 1.0000000000000000E+000
0.0000000000000000E+000 3.8500000000000000E+001 0.0000000000000000E+000 1.0000000000000000E+000
0.0000000000000000E+000 3.8500000000000000E+001 3.3333333333333331E-001 1.0000000000000000E+000
0.0000000000000000E+000 3.8500000000000000E+001 6.6666666666666663E-001 1.0000000000000000E+000
0.0000000000000000E+000 3.8500000000000000E+001 1.0000000000000000E+000 1.0000000000000000E+000
0.0000000000000000E+000 4.2166666666666671E+001 0.0000000000000000E+000 1.0000000000000000E+000
0.0000000000000000E+000 4.2166666666666664E+001 3.3333333333333331E-001 1.0000000000000000E+000
0.0000000000000000E+000 4.2166666666666664E+001 6.6666666666666663E-001 1.0000000000000000E+000
0.0000000000000000E+000 4.2166666666666671E+001 1.0000000000000000E+000 1.0000000000000000E+000
0.0000000000000000E+000 4.4000000000000000E+001 0.0000000000000000E+000 1.0000000000000000E+000
0.0000000000000000E+000 4.4000000000000000E+001 3.3333333333333331E-001 1.0000000000000000E+000
0.0000000000000000E+000 4.4000000000000000E+001 6.6666666666666663E-001 1.0000000000000000E+000
0.0000000000000000E+000 4.4000000000000000E+001 1.0000000000000000E+000 1.0000000000000000E+000
2.0000000000000000E+000 1.8333333333333335E+000 0.0000000000000000E+000 1.0000000000000000E+000
2.0000000000000000E+000 1.8333333333333333E+000 3.3333333333333337E-001 1.0000000000000000E+000
2.0000000000000000E+000 1.8333333333333333E+000 6.6666666666666674E-001 1.0000000000000000E+000
2.0000000000000000E+000 1.8333333333333335E+000 1.0000000000000000E+000 1.0000000000000000E+000
2.0000000000000000E+000 3.6180555555555562E+000 0.0000000000000000E+000 1.0000000000000000E+000
2.0000000000000000E+000 3.6180555555555554E+000 3.3333333333333337E-001 1.0000000000000000E+000
2.0000000000000000E+000 3.6180555555555554E+000 6.6666666666666674E-001 1.0000000000000000E+000
2.0000000000000000E+000 3.6180555555555562E+000 1.0000000000000000E+000 1.0000000000000000E+000
2.0000000000000000E+000 7.1875000000000009E+000 0.0000000000000000E+000 1.0000000000000000E+000
2.0000000000000000E+000 7.1875000000000000E+000 3.3333333333333337E-001 1.0000000000000000E+000
2.0000000000000000E+000 7.1875000000000000E+000 6.6666666666666674E-001 1.0000000000000000E+000
2.0000000000000000E+000 7.1875000000000009E+000 1.0000000000000000E+000 1.0000000000000000E+000
2.0000000000000000E+000 1.2541666666666668E+001 0.0000000000000000E+000 1.0000000000000000E+000
2.0000000000000000E+000 1.2541666666666668E+001 3.3333333333333337E-001 1.0000000000000000E+000
2.0000000000000000E+000 1.2541666666666668E+001 6.6666666666666674E-001 1.0000000000000000E+000
2.0000000000000000E+000 1.2541666666666668E+001 1.0000000000000000E+000 1.0000000000000000E+000
2.0000000000000000E+000 1.7895833333333332E+001 0.0000000000000000E+000 1.0000000000000000E+000
2.0000000000000000E+000 1.7895833333333332E+001 3.3333333333333337E-001 1.0000000000000000E+000
2.0000000000000000E+000 1.7895833333333332E+001 6.6666666666666674E-001 1.0000000000000000E+000
2.0000000000000000E+000 1.7895833333333332E+001 1.0000000000000000E+000 1.0000000000000000E+000
2.0000000000000000E+000 2.3250000000000000E+001 0.0000000000000000E+000 1.0000000000000000E+000
2.0000000000000000E+000 2.3250000000000000E+001 3.3333333333333337E-001 1.0000000000000000E+000
2.0000000000000000E+000 2.3250000000000000E+001 6.6666666666666674E-001 1.0000000000000000E+000
2.0000000000000000E+000 2.3250000000000000E+001 1.0000000000000000E+000 1.0000000000000000E+000
2.0000000000000000E+000 2.8604166666666664E+001 0.0000000000000000E+000 1.0000000000000000E+000
2.0000000000000000E+000 2.8604166666666664E+001 3.3333333333333337E-001 1.0000000000000000E+000
2.0000000000000000E+000 2.8604166666666664E+001 6.6666666666666674E-001 1.0000000000000000E+000
2.0000000000000000E+000 2.8604166666666664E+001 1.0000000000000000E+000 1.0000000000000000E+000
2.0000000000000000E+000 3.3958333333333329E+001 0.0000000000000000E+000 1.0000000000000000E+000
2.0000000000000000E+000 3.3958333333333329E+001 3.3333333333333337E-001 1.0000000000000000E+000
2.0000000000000000E+000 3.3958333333333329E+001 6.6666666666666674E-001 1.0000000000000000E+000
2.0000000000000000E+000 3.3958333333333329E+001 1.0000000000000000E+000 1.0000000000000000E+000
2.0000000000000000E+000 3.9312500000000000E+001 0.0000000000000000E+000 1.0000000000000000E+000
2.0000000000000000E+000 3.9312500000000000E+001 3.3333333333333337E-001 1.0000000000000000E+000
2.0000000000000000E+000 3.9312500000000000E+001 6.6666666666666674E-001 1.0000000000000000E+000
2.0000000000000000E+000 3.9312500000000000E+001 1.0000000000000000E+000 1.0000000000000000E+000
2.0000000000000000E+000 4.2881944444444443E+001 0.0000000000000000E+000 1.0000000000000000E+000
2.0000000000000000E+000 4.2881944444444443E+001 3.3333333333333337E-001 1.0000000000000000E+000
2.0000000000000000E+000 4.2881944444444443E+001 6.6666666666666674E-001 1.0000000000000000E+000
2.0000000000000000E+000 4.2881944444444443E+001 1.0000000000000000E+000 1.0000000000000000E+000
2.0000000000000000E+000 4.4666666666666664E+001 0.0000000000000000E+000 1.0000000000000000E+000
2.0000000000000000E+000 4.4666666666666664E+001 3.3333333333333337E-001 1.0000000000000000E+000
2.0000000000000000E+000 4.4666666666666664E+001 6.6666666666666674E-001 1.0000000000000000E+000
2.0000000000000000E+000 4.4666666666666664E+001 1.0000000000000000E+000 1.0000000000000000E+000
6.0000000000000000E+000 5.5000000000000009E+000 0.0000000000000000E+000 1.0000000000000000E+000
6.0000000000000000E+000 5.5000000000000000E+000 3.3333333333333337E-001 1.0000000000000000E+000
6.0000000000000000E+000 5.5000000000000000E+000 6.6666666666666674E-001 1.0000000000000000E+000
6.0000000000000000E+000 5.5000000000000009E+000 1.0000000000000000E+000 1.0000000000000000E+000
6.0000000000000000E+000 7.1875000000000018E+000 0.0000000000000000E+000 1.0000000000000000E+000
6.0000000000000000E+000 7.1875000000000000E+000 3.3333333333333337E-001 1.0000000000000000E+000
6.0000000000000000E+000 7.1875000000000000E+000 6.6666666666666674E-001 1.0000000000000000E+000
6.0000000000000000E+000 7.1875000000000018E+000 1.0000000000000000E+000 1.0000000000000000E+000
6.0000000000000000E+000 1.0562500000000004E+001 0.0000000000000000E+000 1.0000000000000000E+000
6.0000000000000000E+000 1.0562500000000000E+001 3.3333333333333337E-001 1.0000000000000000E+000
6.0000000000000000E+000 1.0562500000000000E+001 6.6666666666666674E-001 1.0000000000000000E+000
6.0000000000000000E+000 1.0562500000000004E+001 1.0000000000000000E+000 1.0000000000000000E+000
6.0000000000000000E+000 1.5625000000000004E+001 0.0000000000000000E+000 1.0000000000000000E+000
6.0000000000000000E+000 1.5625000000000000E+001 3.3333333333333337E-001 1.0000000000000000E+000
6.0000000000000000E+000 1.5625000000000000E+001 6.6666666666666674E-001 1.0000000000000000E+000
6.0000000000000000E+000 1.5625000000000004E+001 1.0000000000000000E+000 1.0000000000000000E+000
6.0000000000000000E+000 2.0687500000000004E+001 0.0000000000000000E+000 1.0000000000000000E+000
6.0000000000000000E+000 2.0687500000000000E+001 3.3333333333333337E-001 1.0000000000000000E+000
6.0000000000000000E+000 2.0687500000000000E+001 6.6666666666666674E-001 1.0000000000000000E+000
6.0000000000000000E+000 2.0687500000000004E+001 1.0000000000000000E+000 1.0000000000000000E+000
6.0000000000000000E+000 2.5750000000000004E+001 0.0000000000000000E+000 1.0000000000000000E+000
6.0000000000000000E+000 2.5750000000000000E+001 3.3333333333333337E-001 1.0000000000000000E+000
6.0000000000000000E+000 2.5750000000000000E+001 6.6666666666666674E-001 1.0000000000000000E+000
6.0000000000000000E+000 2.5750000000000004E+001 1.0000000000000000E+000 1.0000000000000000E+000
6.0000000000000000E+000 3.0812500000000000E+001 0.0000000000000000E+000 1.0000000000000000E+000
6.0000000000000000E+000 3.0812500000000000E+001 3.3333333333333337E-001 1.0000000000000000E+000
6.0000000000000000E+000 3.0812500000000000E+001 6.6666666666666674E-001 1.0000000000000000E+000
6.0000000000000000E+000 3.0812500000000000E+001 1.0000000000000000E+000 1.0000000000000000E+000
6.0000000000000000E+000 3.5875000000000000E+001 0.0000000000000000E+000 1.0000000000000000E+000
6.0000000000000000E+000 3.5875000000000000E+001 3.3333333333333337E-001 1.0000000000000000E+000
6.0000000000000000E+000 3.5875000000000000E+001 6.6666666666666674E-001 1.0000000000000000E+000
6.0000000000000000E+000 3.5875000000000000E+001 1.0000000000000000E+000 1.0000000000000000E+000
6.0000000000000000E+000 4.0937500000000000E+001 0.0000000000000000E+000 1.0000000000000000E+000
6.0000000000000000E+000 4.0937500000000000E+001 3.3333333333333337E-001 1.0000000000000000E+000
6.0000000000000000E+000 4.0937500000000000E+001 6.6666666666666674E-001 1.0000000000000000E+000
6.0000000000000000E+000 4.0937500000000000E+001 1.0000000000000000E+000 1.0000000000000000E+000
6.0000000000000000E+000 4.4312500000000000E+001 0.0000000000000000E+000 1.0000000000000000E+000
6.0000000000000000E+000 4.4312500000000000E+001 3.3333333333333337E-001 1.0000000000000000E+000
6.0000000000000000E+000 4.4312500000000000E+001 6.6666666666666674E-001 1.0000000000000000E+000
6.0000000000000000E+000 4.4312500000000000E+001 1.0000000000000000E+000 1.0000000000000000E+000
6.0000000000000000E+000 4.6000000000000000E+001 0.0000000000000000E+000 1.0000000000000000E+000
6.0000000000000000E+000 4.6000000000000000E+001 3.3333333333333337E-001 1.0000000000000000E+000
6.0000000000000000E+000 4.6000000000000000E+001 6.6666666666666674E-001 1.0000000000000000E+000
6.0000000000000000E+000 4.6000000000000000E+001 1.0000000000000000E+000 1.0000000000000000E+000
1.2000000000000000E+001 1.1000000000000000E+001 0.0000000000000000E+000 1.0000000000000000E+000
1.2000000000000000E+001 1.1000000000000000E+001 3.3333333333333337E-001 1.0000000000000000E+000
1.2000000000000000E+001 1.1000000000000000E+001 6.6666666666666674E-001 1.0000000000000000E+000
1.2000000000000000E+001 1.1000000000000000E+001 1.0000000000000000E+000 1.0000000000000000E+000
1.2000000000000000E+001 1.2541666666666668E+001 0.0000000000000000E+000 1.0000000000000000E+000
1.2000000000000000E+001 1.2541666666666668E+001 3.3333333333333337E-001 1.0000000000000000E+000
1.2000000000000000E+001 1.2541666666666668E+001 6.6666666666666674E-001 1.0000000000000000E+000
1.2000000000000000E+001 1.2541666666666668E+001 1.0000000000000000E+000 1.0000000000000000E+000
1.2000000000000000E+001 1.5625000000000000E+001 0.0000000000000000E+000 1.0000000000000000E+000
1.2000000000000000E+001 1.5625000000000000E+001 3.3333333333333337E-001 1.0000000000000000E+000
1.2000000000000000E+001 1.5625000000000000E+001 6.6666666666666674E-001 1.0000000000000000E+000
1.2000000000000000E+001 1.5625000000000000E+001 1.0000000000000000E+000 1.0000000000000000E+000
1.2000000000000000E+001 2.0250000000000000E+001 0.0000000000000000E+000 1.0000000000000000E+000
1.2000000000000000E+001 2.0250000000000000E+001 3.3333333333333337E-001 1.0000000000000000E+000
1.2000000000000000E+001 2.0250000000000000E+001 6.6666666666666674E-001 1.0000000000000000E+000
1.2000000000000000E+001 2.0250000000000000E+001 1.0000000000000000E+000 1.0000000000000000E+000
1.2000000000000000E+001 2.4875000000000000E+001 0.0000000000000000E+000 1.0000000000000000E+000
1.2000000000000000E+001 2.4875000000000000E+001 3.3333333333333337E-001 1.0000000000000000E+000
1.2000000000000000E+001 2.4875000000000000E+001 6.6666666666666674E-001 1.0000000000000000E+000
1.2000000000000000E+001 2.4875000000000000E+001 1.0000000000000000E+000 1.0000000000000000E+000
1.2000000000000000E+001 2.9500000000000000E+001 0.0000000000000000E+000 1.0000000000000000E+000
1.2000000000000000E+001 2.9500000000000000E+001 3.3333333333333337E-001 1.0000000000000000E+000
1.2000000000000000E+001 2.9500000000000000E+001 6.6666666666666674E-001 1.0000000000000000E+000
1.2000000000000000E+001 2.9500000000000000E+001 1.0000000000000000E+000 1.0000000000000000E+000
1.2000000000000000E+001 3.4125000000000000E+001 0.0000000000000000E+000 1.0000000000000000E+000
1.2000000000000000E+001 3.4125000000000000E+001 3.3333333333333337E-001 1.0000000000000000E+000
1.2000000000000000E+001 3.4125000000000000E+001 6.6666666666666674E-001 1.0000000000000000E+000
1.2000000000000000E+001 3.4125000000000000E+001 1.0000000000000000E+000 1.0000000000000000E+000
1.2000000000000000E+001 3.8750000000000000E+001 0.0000000000000000E+000 1.0000000000000000E+000
1.2000000000000000E+001 3.8750000000000000E+001 3.3333333333333337E-001 1.0000000000000000E+000
1.2000000000000000E+001 3.8750000000000000E+001 6.6666666666666674E-001 1.0000000000000000E+000
1.2000000000000000E+001 3.8750000000000000E+001 1.0000000000000000E+000 1.0000000000000000E+000
1.2000000000000000E+001 4.3375000000000000E+001 0.0000000000000000E+000 1.0000000000000000E+000
1.2000000000000000E+001 4.3375000000000000E+001 3.3333333333333337E-001 1.0000000000000000E+000
1.2000000000000000E+001 4.3375000000000000E+001 6.6666666666666674E-001 1.0000000000000000E+000
1.2000000000000000E+001 4.3375000000000000E+001 1.0000000000000000E+000 1.0000000000000000E+000
1.2000000000000000E+001 4.6458333333333336E+001 0.0000000000000000E+000 1.0000000000000000E+000
1.2000000000000000E+001 4.6458333333333329E+001 3.3333333333333337E-001 1.0000000000000000E+000
1.2000000000000000E+001 4.6458333333333329E+001 6.6666666666666674E-001 1.0000000000000000E+000
1.2000000000000000E+001 4.6458333333333336E+001 1.0000000000000000E+000 1.0000000000000000E+000
1.2000000000000000E+001 4.8000000000000000E+001 0.0000000000000000E+000 1.0000000000000000E+000
1.2000000000000000E+001 4.8000000000000000E+001 3.3333333333333337E-001 1.0000000000000000E+000
1.2000000000000000E+001 4.8000000000000000E+001 6.6666666666666674E-001 1.0000000000000000E+000
1.2000000000000000E+001 4.8000000000000000E+001 1.0000000000000000E+000 1.0000000000000000E+000
1.8000000000000000E+001 1.6500000000000000E+001 0.0000000000000000E+000 1.0000000000000000E+000
1.8000000000000000E+001 1.6500000000000000E+001 3.3333333333333337E-001 1.0000000000000000E+000
1.8000000000000000E+001 1.6500000000000000E+001 6.6666666666666674E-001 1.0000000000000000E+000
1.8000000000000000E+001 1.6500000000000000E+001 1.0000000000000000E+000 1.0000000000000000E+000
1.8000000000000000E+001 1.7895833333333336E+001 0.0000000000000000E+000 1.0000000000000000E+000
1.8000000000000000E+001 1.7895833333333336E+001 3.3333333333333337E-001 1.0000000000000000E+000
1.8000000000000000E+001 1.7895833333333336E+001 6.6666666666666674E-001 1.0000000000000000E+000
1.8000000000000000E+001 1.7895833333333336E+001 1.0000000000000000E+000 1.0000000000000000E+000
1.8000000000000000E+001 2.0687500000000000E+001 0.0000000000000000E+000 1.0000000000000000E+000
1.8000000000000000E+001 2.0687500000000000E+001 3.3333333333333337E-001 1.0000000000000000E+000
1.8000000000000000E+001 2.0687500000000000E+001 6.6666666666666674E-001 1.0000000000000000E+000
1.8000000000000000E+001 2.0687500000000000E+001 1.0000000000000000E+000 1.0000000000000000E+000
1.8000000000000000E+001 2.4875000000000000E+001 0.0000000000000000E+000 1.0000000000000000E+000
1.8000000000000000E+001 2.4875000000000000E+001 3.3333333333333337E-001 1.0000000000000000E+000
1.8000000000000000E+001 2.4875000000000000E+001 6.6666666666666674E-001 1.0000000000000000E+000
1.8000000000000000E+001 2.4875000000000000E+001 1.0000000000000000E+000 1.0000000000000000E+000
1.8000000000000000E+001 2.9062500000000000E+001 0.0000000000000000E+000 1.0000000000000000E+000
1.8000000000000000E+001 2.9062500000000000E+001 3.3333333333333337E-001 1.0000000000000000E+000
1.8000000000000000E+001 2.9062500000000000E+001 6.6666666666666674E-001 1.0000000000000000E+000
1.8000000000000000E+001 2.9062500000000000E+001 1.0000000000000000E+000 1.0000000000000000E+000
1.8000000000000000E+001 3.3250000000000000E+001 0.0000000000000000E+000 1.0000000000000000E+000
1.8000000000000000E+001 3.3250000000000000E+001 3.3333333333333337E-001 1.0000000000000000E+000
1.8000000000000000E+001 3.3250000000000000E+001 6.6666666666666674E-001 1.0000000000000000E+000
1.8000000000000000E+001 3.3250000000000000E+001 1.0000000000000000E+000 1.0000000000000000E+000
1.8000000000000000E+001 3.7437500000000000E+001 0.0000000000000000E+000 1.0000000000000000E+000
1.8000000000000000E+001 3.7437500000000000E+001 3.3333333333333337E-001 1.0000000000000000E+000
1.8000000000000000E+001 3.7437500000000000E+001 6.6666666666666674E-001 1.0000000000000000E+000
1.8000000000000000E+001 3.7437500000000000E+001 1.0000000000000000E+000 1.0000000000000000E+000
1.8000000000000000E+001 4.1625000000000000E+001 0.0000000000000000E+000 1.0000000000000000E+000
1.8000000000000000E+001 4.1625000000000000E+001 3.3333333333333337E-001 1.0000000000000000E+000
1.8000000000000000E+001 4.1625000000000000E+001 6.6666666666666674E-001 1.0000000000000000E+000
1.8000000000000000E+001 4.1625000000000000E+001 1.0000000000000000E+000 1.0000000000000000E+000
1.8000000000000000E+001 4.5812500000000000E+001 0.0000000000000000E+000 1.0000000000000000E+000
1.8000000000000000E+001 4.5812500000000000E+001 3.3333333333333337E-001 1.0000000000000000E+000
1.8000000000000000E+001 4.5812500000000000E+001 6.6666666666666674E-001 1.0000000000000000E+000
1.8000000000000000E+001 4.5812500000000000E+001 1.0000000000000000E+000 1.0000000000000000E+000
1.8000000000000000E+001 4.8604166666666664E+001 0.0000000000000000E+000 1.0000000000000000E+000
1.8000000000000000E+001 4.8604166666666664E+001 3.3333333333333337E-001 1.0000000000000000E+000
1.8000000000000000E+001 4.8604166666666664E+001 6.6666666666666674E-001 1.0000000000000000E+000
1.8000000000000000E+001 4.8604166666666664E+001 1.0000000000000000E+000 1.0000000000000000E+000
1.8000000000000000E+001 5.0000000000000000E+001 0.0000000000000000E+000 1.0000000000000000E+000
1.8000000000000000E+001 5.0000000000000000E+001 3.3333333333333337E-001 1.0000000000000000E+000
1.8000000000000000E+001 5.0000000000000000E+001 6.6666666666666674E-001 1.0000000000000000E+000
1.8000000000000000E+001 5.0000000000000000E+001 1.0000000000000000E+000 1.0000000000000000E+000
2.4000000000000000E+001 2.2000000000000000E+001 0.0000000000000000E+000 1.0000000000000000E+000
2.4000000000000000E+001 2.2000000000000000E+001 3.3333333333333337E-001 1.0000000000000000E+000
2.4000000000000000E+001 2.2000000000000000E+001 6.6666666666666674E-001 1.0000000000000000E+000
2.4000000000000000E+001 2.2000000000000000E+001 1.0000000000000000E+000 1.0000000000000000E+000
2.4000000000000000E+001 2.3250000000000000E+001 0.0000000000000000E+000 1.0000000000000000E+000
2.4000000000000000E+001 2.3250000000000000E+001 3.3333333333333337E-001 1.0000000000000000E+000
2.4000000000000000E+001 2.3250000000000000E+001 6.6666666666666674E-001 1.0000000000000000E+000
2.4000000000000000E+001 2.3250000000000000E+001 1.0000000000000000E+000 1.0000000000000000E+000
2.4000000000000000E+001 2.5750000000000000E+001 0.0000000000000000E+000 1.0000000000000000E+000
2.4000000000000000E+001 2.5750000000000000E+001 3.3333333333333337E-001 1.0000000000000000E+000
2.4000000000000000E+001 2.5750000000000000E+001 6.6666666666666674E-001 1.0000000000000000E+000
2.4000000000000000E+001 2.5750000000000000E+001 1.0000000000000000E+000 1.0000000000000000E+000
2.4000000000000000E+001 2.9500000000000000E+001 0.0000000000000000E+000 1.0000000000000000E+000
2.4000000000000000E+001 2.9500000000000000E+001 3.3333333333333337E-001 1.0000000000000000E+000
2.4000000000000000E+001 2.9500000000000000E+001 6.6666666666666674E-001 1.0000000000000000E+000
2.4000000000000000E+001 2.9500000000000000E+001 1.0000000000000000E+000 1.0000000000000000E+000
2.4000000000000000E+001 3.3250000000000000E+001 0.0000000000000000E+000 1.0000000000000000E+000
2.4000000000000000E+001 3.3250000000000000E+001 3.3333333333333337E-001 1.0000000000000000E+000
2.4000000000000000E+001 3.3250000000000000E+001 6.6666666666666674E-001 1.0000000000000000E+000
2.4000000000000000E+001 3.3250000000000000E+001 1.0000000000000000E+000 1.0000000000000000E+000
2.4000000000000000E+001 3.7000000000000000E+001 0.0000000000000000E+000 1.0000000000000000E+000
2.4000000000000000E+001 3.7000000000000000E+001 3.3333333333333337E-001 1.0000000000000000E+000
2.4000000000000000E+001 3.7000000000000000E+001 6.6666666666666674E-001 1.0000000000000000E+000
2.4000000000000000E+001 3.7000000000000000E+001 1.0000000000000000E+000 1.0000000000000000E+000
2.4000000000000000E+001 4.0750000000000000E+001 0.0000000000000000E+000 1.0000000000000000E+000
2.4000000000000000E+001 4.0750000000000000E+001 3.3333333333333337E-001 1.0000000000000000E+000
2.4000000000000000E+001 4.0750000000000000E+001 6.6666666666666674E-001 1.0000000000000000E+000
2.4000000000000000E+001 4.0750000000000000E+001 1.0000000000000000E+000 1.0000000000000000E+000
2.4000000000000000E+001 4.4500000000000000E+001 0.0000000000000000E+000 1.0000000000000000E+000
2.4000000000000000E+001 4.4500000000000000E+001 3.3333333333333337E-001 1.0000000000000000E+000
2.4000000000000000E+001 4.4500000000000000E+001 6.6666666666666674E-001 1.0000000000000000E+000
2.4000000000000000E+001 4.4500000000000000E+001 1.0000000000000000E+000 1.0000000000000000E+000
2.4000000000000000E+001 4.8250000000000000E+001 0.0000000000000000E+000 1.0000000000000000E+000
2.4000000000000000E+001 4.8250000000000000E+001 3.3333333333333337E-001 1.0000000000000000E+000
2.4000000000000000E+001 4.8250000000000000E+001 6.6666666666666674E-001 1.0000000000000000E+000
2.4000000000000000E+001 4.8250000000000000E+001 1.0000000000000000E+000 1.0000000000000000E+000
2.4000000000000000E+001 5.0750000000000000E+001 0.0000000000000000E+000 1.0000000000000000E+000
2.4000000000000000E+001 5.0750000000000000E+001 3.3333333333333337E-001 1.0000000000000000E+000
2.4000000000000000E+001 5.0750000000000000E+001 6.6666666666666674E-001 1.0000000000000000E+000
2.4000000000000000E+001 5.0750000000000000E+001 1.0000000000000000E+000 1.0000000000000000E+000
2.4000000000000000E+001 5.2000000000000000E+001 0.0000000000000000E+000 1.0000000000000000E+000
2.4000000000000000E+001 5.2000000000000000E+001 3.3333333333333337E-001 1.0000000000000000E+000
2.4000000000000000E+001 5.2000000000000000E+001 6.6666666666666674E-001 1.0000000000000000E+000
2.4000000000000000E+001 5.2000000000000000E+001 1.0000000000000000E+000 1.0000000000000000E+000
3.0000000000000000E+001 2.7500000000000000E+001 0.0000000000000000E+000 1.0000000000000000E+000
3.0000000000000000E+001 2.7500000000000000E+001 3.3333333333333337E-001 1.0000000000000000E+000
3.0000000000000000E+001 2.7500000000000000E+001 6.6666666666666674E-001 1.0000000000000000E+000
3.0000000000000000E+001 2.7500000000000000E+001 1.0000000000000000E+000 1.0000000000000000E+000
3.0000000000000000E+001 2.8604166666666668E+001 0.0000000000000000E+000 1.0000000000000000E+000
3.0000000000000000E+001 2.8604166666666668E+001 3.3333333333333337E-001 1.0000000000000000E+000
3.0000000000000000E+001 2.8604166666666668E+001 6.6666666666666674E-001 1.0000000000000000E+000
3.0000000000000000E+001 2.8604166666666668E+001 1.0000000000000000E+000 1.0000000000000000E+000
3.0000000000000000E+001 3.0812500000000004E+001 0.0000000000000000E+000 1.0000000000000000E+000
3.0000000000000000E+001 3.0812500000000004E+001 3.3333333333333337E-001 1.0000000000000000E+000
3.0000000000000000E+001 3.0812500000000004E+001 6.6666666666666674E-001 1.0000000000000000E+000
3.0000000000000000E+001 3.0812500000000004E+001 1.0000000000000000E+000 1.0000000000000000E+000
3.0000000000000000E+001 3.4125000000000000E+001 0.0000000000000000E+000 1.0000000000000000E+000
3.0000000000000000E+001 3.4125000000000000E+001 3.3333333333333337E-001 1.0000000000000000E+000
3.0000000000000000E+001 3.4125000000000000E+001 6.6666666666666674E-001 1.0000000000000000E+000
3.0000000000000000E+001 3.4125000000000000E+001 1.0000000000000000E+000 1.0000000000000000E+000
3.0000000000000000E+001 3.7437500000000000E+001 0.0000000000000000E+000 1.0000000000000000E+000
3.0000000000000000E+001 3.7437500000000000E+001 3.3333333333333337E-001 1.0000000000000000E+000
3.0000000000000000E+001 3.7437500000000000E+001 6.6666666666666674E-001 1.0000000000000000E+000
3.0000000000000000E+001 3.7437500000000000E+001 1.0000000000000000E+000 1.0000000000000000E+000
3.0000000000000000E+001 4.0750000000000000E+001 0.0000000000000000E+000 1.0000000000000000E+000
3.0000000000000000E+001 4.0750000000000000E+001 3.3333333333333337E-001 1.0000000000000000E+000
3.0000000000000000E+001 4.0750000000000000E+001 6.6666666666666674E-001 1.0000000000000000E+000
3.0000000000000000E+001 4.0750000000000000E+001 1.0000000000000000E+000 1.0000000000000000E+000
3.0000000000000000E+001 4.4062500000000000E+001 0.0000000000000000E+000 1.0000000000000000E+000
3.0000000000000000E+001 4.4062500000000000E+001 3.3333333333333337E-001 1.0000000000000000E+000
3.0000000000000000E+001 4.4062500000000000E+001 6.6666666666666674E-001 1.0000000000000000E+000
3.0000000000000000E+001 4.4062500000000000E+001 1.0000000000000000E+000 1.0000000000000000E+000
3.0000000000000000E+001 4.7375000000000000E+001 0.0000000000000000E+000 1.0000000000000000E+000
3.0000000000000000E+001 4.7375000000000000E+001 3.3333333333333337E-001 1.0000000000000000E+000
3.0000000000000000E+001 4.7375000000000000E+001 6.6666666666666674E-001 1.0000000000000000E+000
3.0000000000000000E+001 4.7375000000000000E+001 1.0000000000000000E+000 1.0000000000000000E+000
3.0000000000000000E+001 5.0687500000000000E+001 0.0000000000000000E+000 1.0000000000000000E+000
3.0000000000000000E+001 5.0687500000000000E+001 3.3333333333333337E-001 1.0000000000000000E+000
3.0000000000000000E+001 5.0687500000000000E+001 6.6666666666666674E-001 1.0000000000000000E+000
3.0000000000000000E+001 5.0687500000000000E+001 1.0000000000000000E+000 1.0000000000000000E+000
3.0000000000000000E+001 5.2895833333333336E+001 0.0000000000000000E+000 1.0000000000000000E+000
3.0000000000000000E+001 5.2895833333333336E+001 3.3333333333333337E-001 1.0000000000000000E+000
3.0000000000000000E+001 5.2895833333333336E+001 6.6666666666666674E-001 1.0000000000000000E+000
3.0000000000000000E+001 5.2895833333333336E+001 1.0000000000000000E+000 1.0000000000000000E+000
3.0000000000000000E+001 5.4000000000000000E+001 0.0000000000000000E+000 1.0000000000000000E+000
3.0000000000000000E+001 5.4000000000000000E+001 3.3333333333333337E-001 1.0000000000000000E+000
3.0000000000000000E+001 5.4000000000000000E+001 6.6666666666666674E-001 1.0000000000000000E+000
3.0000000000000000E+001 5.4000000000000000E+001 1.0000000000000000E+000 1.0000000000000000E+000
3.6000000000000000E+001 3.3000000000000000E+001 0.0000000000000000E+000 1.0000000000000000E+000
3.6000000000000000E+001 3.3000000000000000E+001 3.3333333333333331E-001 1.0000000000000000E+000
3.6000000000000000E+001 3.3000000000000000E+001 6.6666666666666663E-001 1.0000000000000000E+000
3.6000000000000000E+001 3.3000000000000000E+001 1.0000000000000000E+000 1.0000000000000000E+000
3.6000000000000000E+001 3.3958333333333329E+001 0.0000000000000000E+000 1.0000000000000000E+000
3.6000000000000000E+001 3.3958333333333329E+001 3.3333333333333337E-001 1.0000000000000000E+000
3.6000000000000000E+001 3.3958333333333329E+001 6.6666666666666674E-001 1.0000000000000000E+000
3.6000000000000000E+001 3.3958333333333329E+001 1.0000000000000000E+000 1.0000000000000000E+000
3.6000000000000000E+001 3.5874999999999993E+001 0.0000000000000000E+000 1.0000000000000000E+000
3.6000000000000000E+001 3.5874999999999993E+001 3.3333333333333337E-001 1.0000000000000000E+000
3.6000000000000000E+001 3.5874999999999993E+001 6.6666666666666674E-001 1.0000000000000000E+000
3.6000000000000000E+001 3.5874999999999993E+001 1.0000000000000000E+000 1.0000000000000000E+000
3.6000000000000000E+001 3.8749999999999993E+001 0.0000000000000000E+000 1.0000000000000000E+000
3.6000000000000000E+001 3.8749999999999993E+001 3.3333333333333337E-001 1.0000000000000000E+000
3.6000000000000000E+001 3.8749999999999993E+001 6.6666666666666674E-001 1.0000000000000000E+000
3.6000000000000000E+001 3.8749999999999993E+001 1.0000000000000000E+000 1.0000000000000000E+000
3.6000000000000000E+001 4.1625000000000000E+001 0.0000000000000000E+000 1.0000000000000000E+000
3.6000000000000000E+001 4.1625000000000000E+001 3.3333333333333337E-001 1.0000000000000000E+000
3.6000000000000000E+001 4.1625000000000000E+001 6.6666666666666674E-001 1.0000000000000000E+000
3.6000000000000000E+001 4.1625000000000000E+001 1.0000000000000000E+000 1.0000000000000000E+000
3.6000000000000000E+001 4.4500000000000000E+001 0.0000000000000000E+000 1.0000000000000000E+000
3.6000000000000000E+001 4.4500000000000000E+001 3.3333333333333337E-001 1.0000000000000000E+000
3.6000000000000000E+001 4.4500000000000000E+001 6.6666666666666674E-001 1.0000000000000000E+000
3.6000000000000000E+001 4.4500000000000000E+001 1.0000000000000000E+000 1.0000000000000000E+000
3.6000000000000000E+001 4.7375000000000000E+001 0.0000000000000000E+000 1.0000000000000000E+000
3.6000000000000000E+001 4.7375000000000000E+001 3.3333333333333337E-001 1.0000000000000000E+000
3.6000000000000000E+001 4.7375000000000000E+001 6.6666666666666674E-001 1.0000000000000000E+000
3.6000000000000000E+001 4.7375000000000000E+001 1.0000000000000000E+000 1.0000000000000000E+000
3.6000000000000000E+001 5.0250000000000000E+001 0.0000000000000000E+000 1.0000000000000000E+000
3.6000000000000000E+001 5.0250000000000000E+001 3.3333333333333331E-001 1.0000000000000000E+000
3.6000000000000000E+001 5.0250000000000000E+001 6.6666666666666663E-001 1.0000000000000000E+000
3.6000000000000000E+001 5.0250000000000000E+001 1.0000000000000000E+000 1.0000000000000000E+000
3.6000000000000000E+001 5.3125000000000000E+001 0.0000000000000000E+000 1.0000000000000000E+000
3.6000000000000000E+001 5.3125000000000000E+001 3.3333333333333331E-001 1.0000000000000000E+000
3.6000000000000000E+001 5.3125000000000000E+001 6.6666666666666663E-001 1.0000000000000000E+000
3.6000000000000000E+001 5.3125000000000000E+001 1.0000000000000000E+000 1.0000000000000000E+000
3.6000000000000000E+001 5.5041666666666671E+001 0.0000000000000000E+000 1.0000000000000000E+000
3.6000000000000000E+001 5.5041666666666671E+001 3.3333333333333331E-001 1.0000000000000000E+000
3.6000000000000000E+001 5.5041666666666671E+001 6.6666666666666663E-001 1.0000000000000000E+000
3.6000000000000000E+001 5.5041666666666671E+001 1.0000000000000000E+000 1.0000000000000000E+000
3.6000000000000000E+001 5.6000000000000000E+001 0.0000000000000000E+000 1.0000000000000000E+000
3.6000000000000000E+001 5.6000000000000000E+001 3.3333333333333331E-001 1.0000000000000000E+000
3.6000000000000000E+001 5.6000000000000000E+001 6.6666666666666663E-001 1.0000000000000000E+000
3.6000000000000000E+001 5.6000000000000000E+001 1.0000000000000000E+000 1.0000000000000000E+000
4.2000000000000000E+001 3.8500000000000000E+001 0.0000000000000000E+000 1.0000000000000000E+000
4.2000000000000000E+001 3.8500000000000000E+001 3.3333333333333331E-001 1.0000000000000000E+000
4.2000000000000000E+001 3.8500000000000000E+001 6.6666666666666663E-001 1.0000000000000000E+000
4.2000000000000000E+001 3.8500000000000000E+001 1.0000000000000000E+000 1.0000000000000000E+000
4.2000000000000000E+001 3.9312500000000000E+001 0.0000000000000000E+000 1.0000000000000000E+000
4.2000000000000000E+001 3.9312500000000000E+001 3.3333333333333337E-001 1.0000000000000000E+000
4.2000000000000000E+001 3.9312500000000000E+001 6.6666666666666674E-001 1.0000000000000000E+000
4.2000000000000000E+001 3.9312500000000000E+001 1.0000000000000000E+000 1.0000000000000000E+000
4.2000000000000000E+001 4.0937500000000000E+001 0.0000000000000000E+000 1.0000000000000000E+000
4.2000000000000000E+001 4.0937500000000000E+001 3.3333333333333337E-001 1.0000000000000000E+000
4.2000000000000000E+001 4.0937500000000000E+001 6.6666666666666674E-001 1.0000000000000000E+000
4.2000000000000000E+001 4.0937500000000000E+001 1.0000000000000000E+000 1.0000000000000000E+000
4.2000000000000000E+001 4.3375000000000000E+001 0.0000000000000000E+000 1.0000000000000000E+000
4.2000000000000000E+001 4.3375000000000000E+001 3.3333333333333337E-001 1.0000000000000000E+000
4.2000000000000000E+001 4.3375000000000000E+001 6.6666666666666674E-001 1.0000000000000000E+000
4.2000000000000000E+001 4.3375000000000000E+001 1.0000000000000000E+000 1.0000000000000000E+000
4.2000000000000000E+001 4.5812500000000000E+001 0.0000000000000000E+000 1.0000000000000000E+000
4.2000000000000000E+001 4.5812500000000000E+001 3.3333333333333337E-001 1.0000000000000000E+000
4.2000000000000000E+001 4.5812500000000000E+001 6.6666666666666674E-001 1.0000000000000000E+000
4.2000000000000000E+001 4.5812500000000000E+001 1.0000000000000000E+000 1.0000000000000000E+000
4.2000000000000000E+001 4.8250000000000000E+001 0.0000000000000000E+000 1.0000000000000000E+000
4.2000000000000000E+001 4.8250000000000000E+001 3.3333333333333337E-001 1.0000000000000000E+000
4.2000000000000000E+001 4.8250000000000000E+001 6.6666666666666674E-001 1.0000000000000000E+000
4.2000000000000000E+001 4.8250000000000000E+001 1.0000000000000000E+000 1.0000000000000000E+000
4.2000000000000000E+001 5.0687500000000000E+001 0.0000000000000000E+000 1.0000000000000000E+000
4.2000000000000000E+001 5.0687500000000000E+001 3.3333333333333337E-001 1.0000000000000000E+000
4.2000000000000000E+001 5.0687500000000000E+001 6.6666666666666674E-001 1.0000000000000000E+000
4.2000000000000000E+001 5.0687500000000000E+001 1.0000000000000000E+000 1.0000000000000000E+000
4.2000000000000000E+001 5.3125000000000000E+001 0.0000000000000000E+000 1.0000000000000000E+000
4.2000000000000000E+001 5.3125000000000000E+001 3.3333333333333331E-001 1.0000000000000000E+000
4.2000000000000000E+001 5.3125000000000000E+001 6.6666666666666663E-001 1.0000000000000000E+000
4.2000000000000000E+001 5.3125000000000000E+001 1.0000000000000000E+000 1.0000000000000000E+000
4.2000000000000000E+001 5.5562500000000000E+001 0.0000000000000000E+000 1.0000000000000000E+000
4.2000000000000000E+001 5.5562500000000000E+001 3.3333333333333331E-001 1.0000000000000000E+000
4.2000000000000000E+001 5.5562500000000000E+001 6.6666666666666663E-001 1.0000000000000000E+000
4.2000000000000000E+001 5.5562500000000000E+001 1.0000000000000000E+000 1.0000000000000000E+000
4.2000000000000000E+001 5.7187500000000000E+001 0.0000000000000000E+000 1.0000000000000000E+000
4.2000000000000000E+001 5.7187500000000000E+001 3.3333333333333331E-001 1.0000000000000000E+000
4.2000000000000000E+001 5.7187500000000000E+001 6.6666666666666663E-001 1.0000000000000000E+000
4.2000000000000000E+001 5.7187500000000000E+001 1.0000000000000000E+000 1.0000000000000000E+000
4.2000000000000000E+001 5.8000000000000000E+001 0.0000000000000000E+000 1.0000000000000000E+000
4.2000000000000000E+001 5.8000000000000000E+001 3.3333333333333331E-001 1.0000000000000000E+000
4.2000000000000000E+001 5.8000000000000000E+001 6.6666666666666663E-001 1.0000000000000000E+000
4.2000000000000000E+001 5.8000000000000000E+001 1.0000000000000000E+000 1.0000000000000000E+000
4.6000000000000000E+001 4.2166666666666671E+001 0.0000000000000000E+000 1.0000000000000000E+000
4.6000000000000000E+001 4.2166666666666664E+001 3.3333333333333331E-001 1.0000000000000000E+000
4.6000000000000000E+001 4.2166666666666664E+001 6.6666666666666663E-001 1.0000000000000000E+000
4.6000000000000000E+001 4.2166666666666671E+001 1.0000000000000000E+000 1.0000000000000000E+000
4.6000000000000000E+001 4.2881944444444450E+001 0.0000000000000000E+000 1.0000000000000000E+000
4.6000000000000000E+001 4.2881944444444443E+001 3.3333333333333337E-001 1.0000000000000000E+000
4.6000000000000000E+001 4.2881944444444443E+001 6.6666666666666674E-001 1.0000000000000000E+000
4.6000000000000000E+001 4.2881944444444450E+001 1.0000000000000000E+000 1.0000000000000000E+000
4.6000000000000000E+001 4.4312500000000000E+001 0.0000000000000000E+000 1.0000000000000000E+000
4.6000000000000000E+001 4.4312500000000000E+001 3.3333333333333337E-001 1.0000000000000000E+000
4.6000000000000000E+001 4.4312500000000000E+001 6.6666666666666674E-001 1.0000000000000000E+000
4.6000000000000000E+001 4.4312500000000000E+001 1.0000000000000000E+000 1.0000000000000000E+000
4.6000000000000000E+001 4.6458333333333343E+001 0.0000000000000000E+000 1.0000000000000000E+000
4.6000000000000000E+001 4.6458333333333343E+001 3.3333333333333337E-001 1.0000000000000000E+000
4.6000000000000000E+001 4.6458333333333343E+001 6.6666666666666674E-001 1.0000000000000000E+000
4.6000000000000000E+001 4.6458333333333343E+001 1.0000000000000000E+000 1.0000000000000000E+000
4.6000000000000000E+001 4.8604166666666671E+001 0.0000000000000000E+000 1.0000000000000000E+000
4.6000000000000000E+001 4.8604166666666671E+001 3.3333333333333337E-001 1.0000000000000000E+000
4.6000000000000000E+001 4.8604166666666671E+001 6.6666666666666674E-001 1.0000000000000000E+000
4.6000000000000000E+001 4.8604166666666671E+001 1.0000000000000000E+000 1.0000000000000000E+000
4.6000000000000000E+001 5.0750000000000007E+001 0.0000000000000000E+000 1.0000000000000000E+000
4.6000000000000000E+001 5.0750000000000007E+001 3.3333333333333337E-001 1.0000000000000000E+000
4.6000000000000000E+001 5.0750000000000007E+001 6.6666666666666674E-001 1.0000000000000000E+000
4.6000000000000000E+001 5.0750000000000007E+001 1.0000000000000000E+000 1.0000000000000000E+000
4.6000000000000000E+001 5.2895833333333343E+001 0.0000000000000000E+000 1.0000000000000000E+000
4.6000000000000000E+001 5.2895833333333343E+001 3.3333333333333337E-001 1.0000000000000000E+000
4.6000000000000000E+001 5.2895833333333343E+001 6.6666666666666674E-001 1.0000000000000000E+000
4.6000000000000000E+001 5.2895833333333343E+001 1.0000000000000000E+000 1.0000000000000000E+000
4.6000000000000000E+001 5.5041666666666671E+001 0.0000000000000000E+000 1.0000000000000000E+000
4.6000000000000000E+001 5.5041666666666671E+001 3.3333333333333331E-001 1.0000000000000000E+000
4.6000000000000000E+001 5.5041666666666671E+001 6.6666666666666663E-001 1.0000000000000000E+000
4.6000000000000000E+001 5.5041666666666671E+001 1.0000000000000000E+000 1.0000000000000000E+000
4.6000000000000000E+001 5.7187500000000000E+001 0.0000000000000000E+000 1.0000000000000000E+000
4.6000000000000000E+001 5.7187500000000000E+001 3.3333333333333331E-001 1.0000000000000000E+000
4.6000000000000000E+001 5.7187500000000000E+001 6.6666666666666663E-001 1.0000000000000000E+000
4.6000000000000000E+001 5.7187500000000000E+001 1.0000000000000000E+000 1.0000000000000000E+000
4.6000000000000000E+001 5.8618055555555557E+001 0.0000000000000000E+000 1.0000000000000000E+000
4.6000000000000000E+001 5.8618055555555557E+001 3.3333333333333331E-001 1.0000000000000000E+000
4.6000000000000000E+001 5.8618055555555557E+001 6.6666666666666663E-001 1.0000000000000000E+000
4.6000000000000000E+001 5.8618055555555557E+001 1.0000000000000000E+000 1.0000000000000000E+000
4.6000000000000000E+001 5.9333333333333329E+001 0.0000000000000000E+000 1.0000000000000000E+000
4.6000000000000000E+001 5.9333333333333329E+001 3.3333333333333331E-001 1.0000000000000000E+000
4.6000000000000000E+001 5.9333333333333329E+001 6.6666666666666663E-001 1.0000000000000000E+000
4.6000000000000000E+001 5.9333333333333329E+001 1.0000000000000000E+000 1.0000000000000000E+000
4.8000000000000000E+001 4.4000000000000000E+001 0.0000000000000000E+000 1.0000000000000000E+000
4.8000000000000000E+001 4.4000000000000000E+001 3.3333333333333331E-001 1.0000000000000000E+000
4.8000000000000000E+001 4.4000000000000000E+001 6.6666666666666663E-001 1.0000000000000000E+000
4.8000000000000000E+001 4.4000000000000000E+001 1.0000000000000000E+000 1.0000000000000000E+000
4.8000000000000000E+001 4.4666666666666664E+001 0.0000000000000000E+000 1.0000000000000000E+000
4.8000000000000000E+001 4.4666666666666664E+001 3.3333333333333337E-001 1.0000000000000000E+000
4.8000000000000000E+001 4.4666666666666664E+001 6.6666666666666674E-001 1.0000000000000000E+000
4.8000000000000000E+001 4.4666666666666664E+001 1.0000000000000000E+000 1.0000000000000000E+000
4.8000000000000000E+001 4.6000000000000000E+001 0.0000000000000000E+000 1.0000000000000000E+000
4.8000000000000000E+001 4.6000000000000000E+001 3.3333333333333337E-001 1.0000000000000000E+000
4.8000000000000000E+001 4.6000000000000000E+001 6.6666666666666674E-001 1.0000000000000000E+000
4.8000000000000000E+001 4.6000000000000000E+001 1.0000000000000000E+000 1.0000000000000000E+000
4.8000000000000000E+001 4.8000000000000000E+001 0.0000000000000000E+000 1.0000000000000000E+000
4.8000000000000000E+001 4.8000000000000000E+001 3.3333333333333337E-001 1.0000000000000000E+000
4.8000000000000000E+001 4.8000000000000000E+001 6.6666666666666674E-001 1.0000000000000000E+000
4.8000000000000000E+001 4.8000000000000000E+001 1.0000000000000000E+000 1.0000000000000000E+000
4.8000000000000000E+001 5.0000000000000000E+001 0.0000000000000000E+000 1.0000000000000000E+000
4.8000000000000000E+001 5.0000000000000000E+001 3.3333333333333337E-001 1.0000000000000000E+000
4.8000000000000000E+001 5.0000000000000000E+001 6.6666666666666674E-001 1.0000000000000000E+000
4.8000000000000000E+001 5.0000000000000000E+001 1.0000000000000000E+000 1.0000000000000000E+000
4.8000000000000000E+001 5.2000000000000000E+001 0.0000000000000000E+000 1.0000000000000000E+000
4.8000000000000000E+001 5.2000000000000000E+001 3.3333333333333337E-001 1.0000000000000000E+000
4.8000000000000000E+001 5.2000000000000000E+001 6.6666666666666674E-001 1.0000000000000000E+000
4.8000000000000000E+001 5.2000000000000000E+001 1.0000000000000000E+000 1.0000000000000000E+000
4.8000000000000000E+001 5.4000000000000000E+001 0.0000000000000000E+000 1.0000000000000000E+000
4.8000000000000000E+001 5.4000000000000000E+001 3.3333333333333337E-001 1.0000000000000000E+000
4.8000000000000000E+001 5.4000000000000000E+001 6.6666666666666674E-001 1.0000000000000000E+000
4.8000000000000000E+001 5.4000000000000000E+001 1.0000000000000000E+000 1.0000000000000000E+000
4.8000000000000000E+001 5.6000000000000000E+001 0.0000000000000000E+000 1.0000000000000000E+000
4.8000000000000000E+001 5.6000000000000000E+001 3.3333333333333331E-001 1.0000000000000000E+000
4.8000000000000000E+001 5.6000000000000000E+001 6.6666666666666663E-001 1.0000000000000000E+000
4.8000000000000000E+001 5.6000000000000000E+001 1.0000000000000000E+000 1.0000000000000000E+000
4.8000000000000000E+001 5.8000000000000000E+001 0.0000000000000000E+000 1.0000000000000000E+000
4.8000000000000000E+001 5.8000000000000000E+001 3.3333333333333331E-001 1.0000000000000000E+000
4.8000000000000000E+001 5.8000000000000000E+001 6.6666666666666663E-001 1.0000000000000000E+000
4.8000000000000000E+001 5.8000000000000000E+001 1.0000000000000000E+000 1.0000000000000000E+000
4.8000000000000000E+001 5.9333333333333329E+001 0.0000000000000000E+000 1.0000000000000000E+000
4.8000000000000000E+001 5.9333333333333329E+001 3.3333333333333331E-001 1.0000000000000000E+000
4.8000000000000000E+001 5.9333333333333329E+001 6.6666666666666663E-001 1.0000000000000000E+000
4.8000000000000000E+001 5.9333333333333329E+001 1.0000000000000000E+000 1.0000000000000000E+000
4.8000000000000000E+001 6.0000000000000000E+001 0.0000000000000000E+000 1.0000000000000000E+000
4.8000000000000000E+001 6.0000000000000000E+001 3.3333333333333331E-001 1.0000000000000000E+000
4.8000000000000000E+001 6.0000000000000000E+001 6.6666666666666663E-001 1.0000000000000000E+000
4.8000000000000000E+001 6.0000000000000000E+001 1.0000000000000000E+000 1.0000000000000000E+000
 --------------------------------------------------------
*material
5
240.565, 0.4999, 1.0, 0.0, 1.0e25
!Young Modulus, Poisson coef, thickness (set to 1.0 if not used), density, Yield Stress
*bcdof
352
1	,	1
12	,	1
23	,	1
34	,	1
45	,	1
56	,	1
67	,	1
78	,	1
89	,	1
100	,	1
111	,	1
122	,	1
133	,	1
144	,	1
155	,	1
166	,	1
177	,	1
188	,	1
199	,	1
210	,	1
221	,	1
232	,	1
243	,	1
254	,	1
265	,	1
276	,	1
287	,	1
298	,	1
309	,	1
320	,	1
331	,	1
342	,	1
353	,	1
364	,	1
375	,	1
386	,	1
397	,	1
408	,	1
419	,	1
430	,	1
441	,	1
452	,	1
463	,	1
474	,	1
1	,	2
12	,	2
23	,	2
34	,	2
45	,	2
56	,	2
67	,	2
78	,	2
89	,	2
100	,	2
111	,	2
122	,	2
133	,	2
144	,	2
155	,	2
166	,	2
177	,	2
188	,	2
199	,	2
210	,	2
221	,	2
232	,	2
243	,	2
254	,	2
265	,	2
276	,	2
287	,	2
298	,	2
309	,	2
320	,	2
331	,	2
342	,	2
353	,	2
364	,	2
375	,	2
386	,	2
397	,	2
408	,	2
419	,	2
430	,	2
441	,	2
452	,	2
463	,	2
474	,	2
1	,	3
12	,	3
23	,	3
34	,	3
45	,	3
56	,	3
67	,	3
78	,	3
89	,	3
100	,	3
111	,	3
122	,	3
133	,	3
144	,	3
155	,	3
166	,	3
177	,	3
188	,	3
199	,	3
210	,	3
221	,	3
232	,	3
243	,	3
254	,	3
265	,	3
276	,	3
287	,	3
298	,	3
309	,	3
320	,	3
331	,	3
342	,	3
353	,	3
364	,	3
375	,	3
386	,	3
397	,	3
408	,	3
419	,	3
430	,	3
441	,	3
452	,	3
463	,	3
474	,	3
2	,	3
3	,	3
4	,	3
5	,	3
6	,	3
7	,	3
8	,	3
9	,	3
10	,	3
11	,	3
13	,	3
14	,	3
15	,	3
16	,	3
17	,	3
18	,	3
19	,	3
20	,	3
21	,	3
22	,	3
24	,	3
25	,	3
26	,	3
27	,	3
28	,	3
29	,	3
30	,	3
31	,	3
32	,	3
33	,	3
35	,	3
36	,	3
37	,	3
38	,	3
39	,	3
40	,	3
41	,	3
42	,	3
43	,	3
44	,	3
46	,	3
47	,	3
48	,	3
49	,	3
50	,	3
51	,	3
52	,	3
53	,	3
54	,	3
55	,	3
57	,	3
58	,	3
59	,	3
60	,	3
61	,	3
62	,	3
63	,	3
64	,	3
65	,	3
66	,	3
68	,	3
69	,	3
70	,	3
71	,	3
72	,	3
73	,	3
74	,	3
75	,	3
76	,	3
77	,	3
79	,	3
80	,	3
81	,	3
82	,	3
83	,	3
84	,	3
85	,	3
86	,	3
87	,	3
88	,	3
90	,	3
91	,	3
92	,	3
93	,	3
94	,	3
95	,	3
96	,	3
97	,	3
98	,	3
99	,	3
101	,	3
102	,	3
103	,	3
104	,	3
105	,	3
106	,	3
107	,	3
108	,	3
109	,	3
110	,	3
112	,	3
113	,	3
114	,	3
115	,	3
116	,	3
117	,	3
118	,	3
119	,	3
120	,	3
121	,	3
365	,	3
366	,	3
367	,	3
368	,	3
369	,	3
370	,	3
371	,	3
372	,	3
373	,	3
374	,	3
376	,	3
377	,	3
378	,	3
379	,	3
380	,	3
381	,	3
382	,	3
383	,	3
384	,	3
385	,	3
387	,	3
388	,	3
389	,	3
390	,	3
391	,	3
392	,	3
393	,	3
394	,	3
395	,	3
396	,	3
398	,	3
399	,	3
400	,	3
401	,	3
402	,	3
403	,	3
404	,	3
405	,	3
406	,	3
407	,	3
409	,	3
410	,	3
411	,	3
412	,	3
413	,	3
414	,	3
415	,	3
416	,	3
417	,	3
418	,	3
420	,	3
421	,	3
422	,	3
423	,	3
424	,	3
425	,	3
426	,	3
427	,	3
428	,	3
429	,	3
431	,	3
432	,	3
433	,	3
434	,	3
435	,	3
436	,	3
437	,	3
438	,	3
439	,	3
440	,	3
442	,	3
443	,	3
444	,	3
445	,	3
446	,	3
447	,	3
448	,	3
449	,	3
450	,	3
451	,	3
453	,	3
454	,	3
455	,	3
456	,	3
457	,	3
458	,	3
459	,	3
460	,	3
461	,	3
462	,	3
464	,	3
465	,	3
466	,	3
467	,	3
468	,	3
469	,	3
470	,	3
471	,	3
472	,	3
473	,	3
475	,	3
476	,	3
477	,	3
478	,	3
479	,	3
480	,	3
481	,	3
482	,	3
483	,	3
484	,	3
--------------------------------------------------------
*loaddof       !load vector
44
11	,	2	,	0.520833344
121	,	2	,	0.520833344
132	,	2	,	0.520833344
242	,	2	,	0.520833344
253	,	2	,	0.520833344
363	,	2	,	0.520833344
374	,	2	,	0.520833344
484	,	2	,	0.520833344
22	,	2	,	1.562500008
110	,	2	,	1.562500008
143	,	2	,	1.562500008
231	,	2	,	1.562500008
264	,	2	,	1.562500008
352	,	2	,	1.562500008
385	,	2	,	1.562500008
473	,	2	,	1.562500008
33	,	2	,	2.604166664
99	,	2	,	2.604166664
154	,	2	,	2.604166664
220	,	2	,	2.604166664
275	,	2	,	2.604166664
341	,	2	,	2.604166664
396	,	2	,	2.604166664
462	,	2	,	2.604166664
44	,	2	,	3.125
55	,	2	,	3.125
66	,	2	,	3.125
77	,	2	,	3.125
88	,	2	,	3.125
165	,	2	,	3.125
176	,	2	,	3.125
187	,	2	,	3.125
198	,	2	,	3.125
209	,	2	,	3.125
286	,	2	,	3.125
297	,	2	,	3.125
308	,	2	,	3.125
319	,	2	,	3.125
330	,	2	,	3.125
407	,	2	,	3.125
418	,	2	,	3.125
429	,	2	,	3.125
440	,	2	,	3.125
451	,	2	,	3.125
*end