!---------------------------------------------------------------------------
!
! Clamped Square Plate with central load (Volumetric Locking Test)
!
!---------------------------------------------------------------------------

*begin
3           !problem dimension
2, 2, 2     !degree of each dimension
18, 18, 3     !control points in each direction
0, 0, 0     !open(0) or closed(1) knot vector
--------------------------------------------------------
*knots    !knot spans
0.0 0.0 0.0 0.0625	0.125	0.1875	0.25	0.3125	0.375	0.4375	0.5	0.5625	0.625	0.6875	0.75	0.8125	0.875	0.9375 1.0 1.0 1.0
0.0 0.0 0.0 0.0625	0.125	0.1875	0.25	0.3125	0.375	0.4375	0.5	0.5625	0.625	0.6875	0.75	0.8125	0.875	0.9375 1.0 1.0 1.0
0.0, 0.0, 0.0, 1.0, 1.0, 1.0
--------------------------------------------------------
*element
Hex27ANS
*bnet     !nurbs control points
0.0000000000000000E+000 0.0000000000000000E+000 0.0000000000000000E+000 1.0000000000000000E+000
0.0000000000000000E+000 0.0000000000000000E+000 5.0000000000000000E-001 1.0000000000000000E+000
0.0000000000000000E+000 0.0000000000000000E+000 1.0000000000000000E+000 1.0000000000000000E+000
0.0000000000000000E+000 1.5625000000000002E+000 0.0000000000000000E+000 1.0000000000000000E+000
0.0000000000000000E+000 1.5625000000000002E+000 5.0000000000000000E-001 1.0000000000000000E+000
0.0000000000000000E+000 1.5625000000000002E+000 1.0000000000000000E+000 1.0000000000000000E+000
0.0000000000000000E+000 4.6875000000000000E+000 0.0000000000000000E+000 1.0000000000000000E+000
0.0000000000000000E+000 4.6875000000000000E+000 5.0000000000000000E-001 1.0000000000000000E+000
0.0000000000000000E+000 4.6875000000000000E+000 1.0000000000000000E+000 1.0000000000000000E+000
0.0000000000000000E+000 7.8125000000000000E+000 0.0000000000000000E+000 1.0000000000000000E+000
0.0000000000000000E+000 7.8125000000000000E+000 5.0000000000000000E-001 1.0000000000000000E+000
0.0000000000000000E+000 7.8125000000000000E+000 1.0000000000000000E+000 1.0000000000000000E+000
0.0000000000000000E+000 1.0937500000000000E+001 0.0000000000000000E+000 1.0000000000000000E+000
0.0000000000000000E+000 1.0937500000000000E+001 5.0000000000000000E-001 1.0000000000000000E+000
0.0000000000000000E+000 1.0937500000000000E+001 1.0000000000000000E+000 1.0000000000000000E+000
0.0000000000000000E+000 1.4062500000000000E+001 0.0000000000000000E+000 1.0000000000000000E+000
0.0000000000000000E+000 1.4062500000000000E+001 5.0000000000000000E-001 1.0000000000000000E+000
0.0000000000000000E+000 1.4062500000000000E+001 1.0000000000000000E+000 1.0000000000000000E+000
0.0000000000000000E+000 1.7187500000000000E+001 0.0000000000000000E+000 1.0000000000000000E+000
0.0000000000000000E+000 1.7187500000000000E+001 5.0000000000000000E-001 1.0000000000000000E+000
0.0000000000000000E+000 1.7187500000000000E+001 1.0000000000000000E+000 1.0000000000000000E+000
0.0000000000000000E+000 2.0312500000000000E+001 0.0000000000000000E+000 1.0000000000000000E+000
0.0000000000000000E+000 2.0312500000000000E+001 5.0000000000000000E-001 1.0000000000000000E+000
0.0000000000000000E+000 2.0312500000000000E+001 1.0000000000000000E+000 1.0000000000000000E+000
0.0000000000000000E+000 2.3437500000000000E+001 0.0000000000000000E+000 1.0000000000000000E+000
0.0000000000000000E+000 2.3437500000000000E+001 5.0000000000000000E-001 1.0000000000000000E+000
0.0000000000000000E+000 2.3437500000000000E+001 1.0000000000000000E+000 1.0000000000000000E+000
0.0000000000000000E+000 2.6562500000000000E+001 0.0000000000000000E+000 1.0000000000000000E+000
0.0000000000000000E+000 2.6562500000000000E+001 5.0000000000000000E-001 1.0000000000000000E+000
0.0000000000000000E+000 2.6562500000000000E+001 1.0000000000000000E+000 1.0000000000000000E+000
0.0000000000000000E+000 2.9687500000000000E+001 0.0000000000000000E+000 1.0000000000000000E+000
0.0000000000000000E+000 2.9687500000000000E+001 5.0000000000000000E-001 1.0000000000000000E+000
0.0000000000000000E+000 2.9687500000000000E+001 1.0000000000000000E+000 1.0000000000000000E+000
0.0000000000000000E+000 3.2812500000000000E+001 0.0000000000000000E+000 1.0000000000000000E+000
0.0000000000000000E+000 3.2812500000000000E+001 5.0000000000000000E-001 1.0000000000000000E+000
0.0000000000000000E+000 3.2812500000000000E+001 1.0000000000000000E+000 1.0000000000000000E+000
0.0000000000000000E+000 3.5937500000000000E+001 0.0000000000000000E+000 1.0000000000000000E+000
0.0000000000000000E+000 3.5937500000000000E+001 5.0000000000000000E-001 1.0000000000000000E+000
0.0000000000000000E+000 3.5937500000000000E+001 1.0000000000000000E+000 1.0000000000000000E+000
0.0000000000000000E+000 3.9062500000000000E+001 0.0000000000000000E+000 1.0000000000000000E+000
0.0000000000000000E+000 3.9062500000000000E+001 5.0000000000000000E-001 1.0000000000000000E+000
0.0000000000000000E+000 3.9062500000000000E+001 1.0000000000000000E+000 1.0000000000000000E+000
0.0000000000000000E+000 4.2187500000000000E+001 0.0000000000000000E+000 1.0000000000000000E+000
0.0000000000000000E+000 4.2187500000000000E+001 5.0000000000000000E-001 1.0000000000000000E+000
0.0000000000000000E+000 4.2187500000000000E+001 1.0000000000000000E+000 1.0000000000000000E+000
0.0000000000000000E+000 4.5312500000000000E+001 0.0000000000000000E+000 1.0000000000000000E+000
0.0000000000000000E+000 4.5312500000000000E+001 5.0000000000000000E-001 1.0000000000000000E+000
0.0000000000000000E+000 4.5312500000000000E+001 1.0000000000000000E+000 1.0000000000000000E+000
0.0000000000000000E+000 4.8437500000000000E+001 0.0000000000000000E+000 1.0000000000000000E+000
0.0000000000000000E+000 4.8437500000000000E+001 5.0000000000000000E-001 1.0000000000000000E+000
0.0000000000000000E+000 4.8437500000000000E+001 1.0000000000000000E+000 1.0000000000000000E+000
0.0000000000000000E+000 5.0000000000000000E+001 0.0000000000000000E+000 1.0000000000000000E+000
0.0000000000000000E+000 5.0000000000000000E+001 5.0000000000000000E-001 1.0000000000000000E+000
0.0000000000000000E+000 5.0000000000000000E+001 1.0000000000000000E+000 1.0000000000000000E+000
1.5625000000000002E+000 0.0000000000000000E+000 0.0000000000000000E+000 1.0000000000000000E+000
1.5625000000000002E+000 0.0000000000000000E+000 5.0000000000000000E-001 1.0000000000000000E+000
1.5625000000000002E+000 0.0000000000000000E+000 1.0000000000000000E+000 1.0000000000000000E+000
1.5625000000000004E+000 1.5625000000000002E+000 0.0000000000000000E+000 1.0000000000000000E+000
1.5625000000000004E+000 1.5625000000000002E+000 5.0000000000000000E-001 1.0000000000000000E+000
1.5625000000000004E+000 1.5625000000000002E+000 1.0000000000000000E+000 1.0000000000000000E+000
1.5625000000000004E+000 4.6875000000000000E+000 0.0000000000000000E+000 1.0000000000000000E+000
1.5625000000000004E+000 4.6875000000000000E+000 5.0000000000000000E-001 1.0000000000000000E+000
1.5625000000000004E+000 4.6875000000000000E+000 1.0000000000000000E+000 1.0000000000000000E+000
1.5625000000000004E+000 7.8125000000000000E+000 0.0000000000000000E+000 1.0000000000000000E+000
1.5625000000000004E+000 7.8125000000000000E+000 5.0000000000000000E-001 1.0000000000000000E+000
1.5625000000000004E+000 7.8125000000000000E+000 1.0000000000000000E+000 1.0000000000000000E+000
1.5625000000000004E+000 1.0937500000000000E+001 0.0000000000000000E+000 1.0000000000000000E+000
1.5625000000000004E+000 1.0937500000000000E+001 5.0000000000000000E-001 1.0000000000000000E+000
1.5625000000000004E+000 1.0937500000000000E+001 1.0000000000000000E+000 1.0000000000000000E+000
1.5625000000000004E+000 1.4062500000000000E+001 0.0000000000000000E+000 1.0000000000000000E+000
1.5625000000000004E+000 1.4062500000000000E+001 5.0000000000000000E-001 1.0000000000000000E+000
1.5625000000000004E+000 1.4062500000000000E+001 1.0000000000000000E+000 1.0000000000000000E+000
1.5625000000000004E+000 1.7187500000000000E+001 0.0000000000000000E+000 1.0000000000000000E+000
1.5625000000000004E+000 1.7187500000000000E+001 5.0000000000000000E-001 1.0000000000000000E+000
1.5625000000000004E+000 1.7187500000000000E+001 1.0000000000000000E+000 1.0000000000000000E+000
1.5625000000000004E+000 2.0312500000000000E+001 0.0000000000000000E+000 1.0000000000000000E+000
1.5625000000000004E+000 2.0312500000000000E+001 5.0000000000000000E-001 1.0000000000000000E+000
1.5625000000000004E+000 2.0312500000000000E+001 1.0000000000000000E+000 1.0000000000000000E+000
1.5625000000000004E+000 2.3437500000000000E+001 0.0000000000000000E+000 1.0000000000000000E+000
1.5625000000000004E+000 2.3437500000000000E+001 5.0000000000000000E-001 1.0000000000000000E+000
1.5625000000000004E+000 2.3437500000000000E+001 1.0000000000000000E+000 1.0000000000000000E+000
1.5625000000000004E+000 2.6562500000000000E+001 0.0000000000000000E+000 1.0000000000000000E+000
1.5625000000000004E+000 2.6562500000000000E+001 5.0000000000000000E-001 1.0000000000000000E+000
1.5625000000000004E+000 2.6562500000000000E+001 1.0000000000000000E+000 1.0000000000000000E+000
1.5625000000000004E+000 2.9687500000000000E+001 0.0000000000000000E+000 1.0000000000000000E+000
1.5625000000000004E+000 2.9687500000000000E+001 5.0000000000000000E-001 1.0000000000000000E+000
1.5625000000000004E+000 2.9687500000000000E+001 1.0000000000000000E+000 1.0000000000000000E+000
1.5625000000000004E+000 3.2812500000000000E+001 0.0000000000000000E+000 1.0000000000000000E+000
1.5625000000000004E+000 3.2812500000000000E+001 5.0000000000000000E-001 1.0000000000000000E+000
1.5625000000000004E+000 3.2812500000000000E+001 1.0000000000000000E+000 1.0000000000000000E+000
1.5625000000000002E+000 3.5937500000000000E+001 0.0000000000000000E+000 1.0000000000000000E+000
1.5625000000000002E+000 3.5937500000000000E+001 5.0000000000000000E-001 1.0000000000000000E+000
1.5625000000000002E+000 3.5937500000000000E+001 1.0000000000000000E+000 1.0000000000000000E+000
1.5625000000000002E+000 3.9062500000000000E+001 0.0000000000000000E+000 1.0000000000000000E+000
1.5625000000000002E+000 3.9062500000000000E+001 5.0000000000000000E-001 1.0000000000000000E+000
1.5625000000000002E+000 3.9062500000000000E+001 1.0000000000000000E+000 1.0000000000000000E+000
1.5625000000000002E+000 4.2187500000000000E+001 0.0000000000000000E+000 1.0000000000000000E+000
1.5625000000000002E+000 4.2187500000000000E+001 5.0000000000000000E-001 1.0000000000000000E+000
1.5625000000000002E+000 4.2187500000000000E+001 1.0000000000000000E+000 1.0000000000000000E+000
1.5625000000000002E+000 4.5312500000000000E+001 0.0000000000000000E+000 1.0000000000000000E+000
1.5625000000000002E+000 4.5312500000000000E+001 5.0000000000000000E-001 1.0000000000000000E+000
1.5625000000000002E+000 4.5312500000000000E+001 1.0000000000000000E+000 1.0000000000000000E+000
1.5625000000000002E+000 4.8437500000000000E+001 0.0000000000000000E+000 1.0000000000000000E+000
1.5625000000000002E+000 4.8437500000000000E+001 5.0000000000000000E-001 1.0000000000000000E+000
1.5625000000000002E+000 4.8437500000000000E+001 1.0000000000000000E+000 1.0000000000000000E+000
1.5625000000000002E+000 5.0000000000000000E+001 0.0000000000000000E+000 1.0000000000000000E+000
1.5625000000000002E+000 5.0000000000000000E+001 5.0000000000000000E-001 1.0000000000000000E+000
1.5625000000000002E+000 5.0000000000000000E+001 1.0000000000000000E+000 1.0000000000000000E+000
4.6875000000000000E+000 0.0000000000000000E+000 0.0000000000000000E+000 1.0000000000000000E+000
4.6875000000000000E+000 0.0000000000000000E+000 5.0000000000000000E-001 1.0000000000000000E+000
4.6875000000000000E+000 0.0000000000000000E+000 1.0000000000000000E+000 1.0000000000000000E+000
4.6875000000000000E+000 1.5625000000000002E+000 0.0000000000000000E+000 1.0000000000000000E+000
4.6875000000000000E+000 1.5625000000000002E+000 5.0000000000000000E-001 1.0000000000000000E+000
4.6875000000000000E+000 1.5625000000000002E+000 1.0000000000000000E+000 1.0000000000000000E+000
4.6875000000000009E+000 4.6875000000000000E+000 0.0000000000000000E+000 1.0000000000000000E+000
4.6875000000000009E+000 4.6875000000000000E+000 5.0000000000000000E-001 1.0000000000000000E+000
4.6875000000000009E+000 4.6875000000000000E+000 1.0000000000000000E+000 1.0000000000000000E+000
4.6875000000000018E+000 7.8125000000000000E+000 0.0000000000000000E+000 1.0000000000000000E+000
4.6875000000000018E+000 7.8125000000000000E+000 5.0000000000000000E-001 1.0000000000000000E+000
4.6875000000000018E+000 7.8125000000000000E+000 1.0000000000000000E+000 1.0000000000000000E+000
4.6875000000000018E+000 1.0937500000000000E+001 0.0000000000000000E+000 1.0000000000000000E+000
4.6875000000000018E+000 1.0937500000000000E+001 5.0000000000000000E-001 1.0000000000000000E+000
4.6875000000000018E+000 1.0937500000000000E+001 1.0000000000000000E+000 1.0000000000000000E+000
4.6875000000000018E+000 1.4062500000000000E+001 0.0000000000000000E+000 1.0000000000000000E+000
4.6875000000000018E+000 1.4062500000000000E+001 5.0000000000000000E-001 1.0000000000000000E+000
4.6875000000000018E+000 1.4062500000000000E+001 1.0000000000000000E+000 1.0000000000000000E+000
4.6875000000000018E+000 1.7187500000000000E+001 0.0000000000000000E+000 1.0000000000000000E+000
4.6875000000000018E+000 1.7187500000000000E+001 5.0000000000000000E-001 1.0000000000000000E+000
4.6875000000000018E+000 1.7187500000000000E+001 1.0000000000000000E+000 1.0000000000000000E+000
4.6875000000000018E+000 2.0312500000000000E+001 0.0000000000000000E+000 1.0000000000000000E+000
4.6875000000000018E+000 2.0312500000000000E+001 5.0000000000000000E-001 1.0000000000000000E+000
4.6875000000000018E+000 2.0312500000000000E+001 1.0000000000000000E+000 1.0000000000000000E+000
4.6875000000000018E+000 2.3437500000000000E+001 0.0000000000000000E+000 1.0000000000000000E+000
4.6875000000000018E+000 2.3437500000000000E+001 5.0000000000000000E-001 1.0000000000000000E+000
4.6875000000000018E+000 2.3437500000000000E+001 1.0000000000000000E+000 1.0000000000000000E+000
4.6875000000000018E+000 2.6562500000000000E+001 0.0000000000000000E+000 1.0000000000000000E+000
4.6875000000000018E+000 2.6562500000000000E+001 5.0000000000000000E-001 1.0000000000000000E+000
4.6875000000000018E+000 2.6562500000000000E+001 1.0000000000000000E+000 1.0000000000000000E+000
4.6875000000000009E+000 2.9687500000000000E+001 0.0000000000000000E+000 1.0000000000000000E+000
4.6875000000000009E+000 2.9687500000000000E+001 5.0000000000000000E-001 1.0000000000000000E+000
4.6875000000000009E+000 2.9687500000000000E+001 1.0000000000000000E+000 1.0000000000000000E+000
4.6875000000000000E+000 3.2812500000000000E+001 0.0000000000000000E+000 1.0000000000000000E+000
4.6875000000000000E+000 3.2812500000000000E+001 5.0000000000000000E-001 1.0000000000000000E+000
4.6875000000000000E+000 3.2812500000000000E+001 1.0000000000000000E+000 1.0000000000000000E+000
4.6875000000000000E+000 3.5937500000000000E+001 0.0000000000000000E+000 1.0000000000000000E+000
4.6875000000000000E+000 3.5937500000000000E+001 5.0000000000000000E-001 1.0000000000000000E+000
4.6875000000000000E+000 3.5937500000000000E+001 1.0000000000000000E+000 1.0000000000000000E+000
4.6875000000000000E+000 3.9062500000000000E+001 0.0000000000000000E+000 1.0000000000000000E+000
4.6875000000000000E+000 3.9062500000000000E+001 5.0000000000000000E-001 1.0000000000000000E+000
4.6875000000000000E+000 3.9062500000000000E+001 1.0000000000000000E+000 1.0000000000000000E+000
4.6875000000000000E+000 4.2187500000000000E+001 0.0000000000000000E+000 1.0000000000000000E+000
4.6875000000000000E+000 4.2187500000000000E+001 5.0000000000000000E-001 1.0000000000000000E+000
4.6875000000000000E+000 4.2187500000000000E+001 1.0000000000000000E+000 1.0000000000000000E+000
4.6875000000000000E+000 4.5312500000000000E+001 0.0000000000000000E+000 1.0000000000000000E+000
4.6875000000000000E+000 4.5312500000000000E+001 5.0000000000000000E-001 1.0000000000000000E+000
4.6875000000000000E+000 4.5312500000000000E+001 1.0000000000000000E+000 1.0000000000000000E+000
4.6875000000000000E+000 4.8437500000000000E+001 0.0000000000000000E+000 1.0000000000000000E+000
4.6875000000000000E+000 4.8437500000000000E+001 5.0000000000000000E-001 1.0000000000000000E+000
4.6875000000000000E+000 4.8437500000000000E+001 1.0000000000000000E+000 1.0000000000000000E+000
4.6875000000000000E+000 5.0000000000000000E+001 0.0000000000000000E+000 1.0000000000000000E+000
4.6875000000000000E+000 5.0000000000000000E+001 5.0000000000000000E-001 1.0000000000000000E+000
4.6875000000000000E+000 5.0000000000000000E+001 1.0000000000000000E+000 1.0000000000000000E+000
7.8125000000000000E+000 0.0000000000000000E+000 0.0000000000000000E+000 1.0000000000000000E+000
7.8125000000000000E+000 0.0000000000000000E+000 5.0000000000000000E-001 1.0000000000000000E+000
7.8125000000000000E+000 0.0000000000000000E+000 1.0000000000000000E+000 1.0000000000000000E+000
7.8125000000000000E+000 1.5625000000000002E+000 0.0000000000000000E+000 1.0000000000000000E+000
7.8125000000000000E+000 1.5625000000000002E+000 5.0000000000000000E-001 1.0000000000000000E+000
7.8125000000000000E+000 1.5625000000000002E+000 1.0000000000000000E+000 1.0000000000000000E+000
7.8125000000000000E+000 4.6875000000000000E+000 0.0000000000000000E+000 1.0000000000000000E+000
7.8125000000000000E+000 4.6875000000000000E+000 5.0000000000000000E-001 1.0000000000000000E+000
7.8125000000000000E+000 4.6875000000000000E+000 1.0000000000000000E+000 1.0000000000000000E+000
7.8125000000000018E+000 7.8125000000000000E+000 0.0000000000000000E+000 1.0000000000000000E+000
7.8125000000000018E+000 7.8125000000000000E+000 5.0000000000000000E-001 1.0000000000000000E+000
7.8125000000000018E+000 7.8125000000000000E+000 1.0000000000000000E+000 1.0000000000000000E+000
7.8125000000000018E+000 1.0937500000000000E+001 0.0000000000000000E+000 1.0000000000000000E+000
7.8125000000000018E+000 1.0937500000000000E+001 5.0000000000000000E-001 1.0000000000000000E+000
7.8125000000000018E+000 1.0937500000000000E+001 1.0000000000000000E+000 1.0000000000000000E+000
7.8125000000000018E+000 1.4062500000000000E+001 0.0000000000000000E+000 1.0000000000000000E+000
7.8125000000000018E+000 1.4062500000000000E+001 5.0000000000000000E-001 1.0000000000000000E+000
7.8125000000000018E+000 1.4062500000000000E+001 1.0000000000000000E+000 1.0000000000000000E+000
7.8125000000000018E+000 1.7187500000000000E+001 0.0000000000000000E+000 1.0000000000000000E+000
7.8125000000000018E+000 1.7187500000000000E+001 5.0000000000000000E-001 1.0000000000000000E+000
7.8125000000000018E+000 1.7187500000000000E+001 1.0000000000000000E+000 1.0000000000000000E+000
7.8125000000000018E+000 2.0312500000000000E+001 0.0000000000000000E+000 1.0000000000000000E+000
7.8125000000000018E+000 2.0312500000000000E+001 5.0000000000000000E-001 1.0000000000000000E+000
7.8125000000000018E+000 2.0312500000000000E+001 1.0000000000000000E+000 1.0000000000000000E+000
7.8125000000000009E+000 2.3437500000000000E+001 0.0000000000000000E+000 1.0000000000000000E+000
7.8125000000000009E+000 2.3437500000000000E+001 5.0000000000000000E-001 1.0000000000000000E+000
7.8125000000000009E+000 2.3437500000000000E+001 1.0000000000000000E+000 1.0000000000000000E+000
7.8125000000000000E+000 2.6562500000000000E+001 0.0000000000000000E+000 1.0000000000000000E+000
7.8125000000000000E+000 2.6562500000000000E+001 5.0000000000000000E-001 1.0000000000000000E+000
7.8125000000000000E+000 2.6562500000000000E+001 1.0000000000000000E+000 1.0000000000000000E+000
7.8125000000000000E+000 2.9687500000000000E+001 0.0000000000000000E+000 1.0000000000000000E+000
7.8125000000000000E+000 2.9687500000000000E+001 5.0000000000000000E-001 1.0000000000000000E+000
7.8125000000000000E+000 2.9687500000000000E+001 1.0000000000000000E+000 1.0000000000000000E+000
7.8125000000000000E+000 3.2812500000000000E+001 0.0000000000000000E+000 1.0000000000000000E+000
7.8125000000000000E+000 3.2812500000000000E+001 5.0000000000000000E-001 1.0000000000000000E+000
7.8125000000000000E+000 3.2812500000000000E+001 1.0000000000000000E+000 1.0000000000000000E+000
7.8125000000000000E+000 3.5937500000000000E+001 0.0000000000000000E+000 1.0000000000000000E+000
7.8125000000000000E+000 3.5937500000000000E+001 5.0000000000000000E-001 1.0000000000000000E+000
7.8125000000000000E+000 3.5937500000000000E+001 1.0000000000000000E+000 1.0000000000000000E+000
7.8125000000000000E+000 3.9062500000000000E+001 0.0000000000000000E+000 1.0000000000000000E+000
7.8125000000000000E+000 3.9062500000000000E+001 5.0000000000000000E-001 1.0000000000000000E+000
7.8125000000000000E+000 3.9062500000000000E+001 1.0000000000000000E+000 1.0000000000000000E+000
7.8125000000000000E+000 4.2187500000000000E+001 0.0000000000000000E+000 1.0000000000000000E+000
7.8125000000000000E+000 4.2187500000000000E+001 5.0000000000000000E-001 1.0000000000000000E+000
7.8125000000000000E+000 4.2187500000000000E+001 1.0000000000000000E+000 1.0000000000000000E+000
7.8125000000000000E+000 4.5312500000000000E+001 0.0000000000000000E+000 1.0000000000000000E+000
7.8125000000000000E+000 4.5312500000000000E+001 5.0000000000000000E-001 1.0000000000000000E+000
7.8125000000000000E+000 4.5312500000000000E+001 1.0000000000000000E+000 1.0000000000000000E+000
7.8125000000000000E+000 4.8437500000000000E+001 0.0000000000000000E+000 1.0000000000000000E+000
7.8125000000000000E+000 4.8437500000000000E+001 5.0000000000000000E-001 1.0000000000000000E+000
7.8125000000000000E+000 4.8437500000000000E+001 1.0000000000000000E+000 1.0000000000000000E+000
7.8125000000000000E+000 5.0000000000000000E+001 0.0000000000000000E+000 1.0000000000000000E+000
7.8125000000000000E+000 5.0000000000000000E+001 5.0000000000000000E-001 1.0000000000000000E+000
7.8125000000000000E+000 5.0000000000000000E+001 1.0000000000000000E+000 1.0000000000000000E+000
1.0937500000000000E+001 0.0000000000000000E+000 0.0000000000000000E+000 1.0000000000000000E+000
1.0937500000000000E+001 0.0000000000000000E+000 5.0000000000000000E-001 1.0000000000000000E+000
1.0937500000000000E+001 0.0000000000000000E+000 1.0000000000000000E+000 1.0000000000000000E+000
1.0937500000000000E+001 1.5625000000000002E+000 0.0000000000000000E+000 1.0000000000000000E+000
1.0937500000000000E+001 1.5625000000000002E+000 5.0000000000000000E-001 1.0000000000000000E+000
1.0937500000000000E+001 1.5625000000000002E+000 1.0000000000000000E+000 1.0000000000000000E+000
1.0937500000000000E+001 4.6875000000000000E+000 0.0000000000000000E+000 1.0000000000000000E+000
1.0937500000000000E+001 4.6875000000000000E+000 5.0000000000000000E-001 1.0000000000000000E+000
1.0937500000000000E+001 4.6875000000000000E+000 1.0000000000000000E+000 1.0000000000000000E+000
1.0937500000000002E+001 7.8125000000000000E+000 0.0000000000000000E+000 1.0000000000000000E+000
1.0937500000000002E+001 7.8125000000000000E+000 5.0000000000000000E-001 1.0000000000000000E+000
1.0937500000000002E+001 7.8125000000000000E+000 1.0000000000000000E+000 1.0000000000000000E+000
1.0937500000000002E+001 1.0937500000000000E+001 0.0000000000000000E+000 1.0000000000000000E+000
1.0937500000000002E+001 1.0937500000000000E+001 5.0000000000000000E-001 1.0000000000000000E+000
1.0937500000000002E+001 1.0937500000000000E+001 1.0000000000000000E+000 1.0000000000000000E+000
1.0937500000000002E+001 1.4062500000000000E+001 0.0000000000000000E+000 1.0000000000000000E+000
1.0937500000000002E+001 1.4062500000000000E+001 5.0000000000000000E-001 1.0000000000000000E+000
1.0937500000000002E+001 1.4062500000000000E+001 1.0000000000000000E+000 1.0000000000000000E+000
1.0937500000000002E+001 1.7187500000000000E+001 0.0000000000000000E+000 1.0000000000000000E+000
1.0937500000000002E+001 1.7187500000000000E+001 5.0000000000000000E-001 1.0000000000000000E+000
1.0937500000000002E+001 1.7187500000000000E+001 1.0000000000000000E+000 1.0000000000000000E+000
1.0937500000000002E+001 2.0312500000000000E+001 0.0000000000000000E+000 1.0000000000000000E+000
1.0937500000000002E+001 2.0312500000000000E+001 5.0000000000000000E-001 1.0000000000000000E+000
1.0937500000000002E+001 2.0312500000000000E+001 1.0000000000000000E+000 1.0000000000000000E+000
1.0937500000000002E+001 2.3437500000000000E+001 0.0000000000000000E+000 1.0000000000000000E+000
1.0937500000000002E+001 2.3437500000000000E+001 5.0000000000000000E-001 1.0000000000000000E+000
1.0937500000000002E+001 2.3437500000000000E+001 1.0000000000000000E+000 1.0000000000000000E+000
1.0937500000000000E+001 2.6562500000000000E+001 0.0000000000000000E+000 1.0000000000000000E+000
1.0937500000000000E+001 2.6562500000000000E+001 5.0000000000000000E-001 1.0000000000000000E+000
1.0937500000000000E+001 2.6562500000000000E+001 1.0000000000000000E+000 1.0000000000000000E+000
1.0937500000000000E+001 2.9687500000000000E+001 0.0000000000000000E+000 1.0000000000000000E+000
1.0937500000000000E+001 2.9687500000000000E+001 5.0000000000000000E-001 1.0000000000000000E+000
1.0937500000000000E+001 2.9687500000000000E+001 1.0000000000000000E+000 1.0000000000000000E+000
1.0937500000000000E+001 3.2812500000000000E+001 0.0000000000000000E+000 1.0000000000000000E+000
1.0937500000000000E+001 3.2812500000000000E+001 5.0000000000000000E-001 1.0000000000000000E+000
1.0937500000000000E+001 3.2812500000000000E+001 1.0000000000000000E+000 1.0000000000000000E+000
1.0937500000000000E+001 3.5937500000000000E+001 0.0000000000000000E+000 1.0000000000000000E+000
1.0937500000000000E+001 3.5937500000000000E+001 5.0000000000000000E-001 1.0000000000000000E+000
1.0937500000000000E+001 3.5937500000000000E+001 1.0000000000000000E+000 1.0000000000000000E+000
1.0937500000000000E+001 3.9062500000000000E+001 0.0000000000000000E+000 1.0000000000000000E+000
1.0937500000000000E+001 3.9062500000000000E+001 5.0000000000000000E-001 1.0000000000000000E+000
1.0937500000000000E+001 3.9062500000000000E+001 1.0000000000000000E+000 1.0000000000000000E+000
1.0937500000000000E+001 4.2187500000000000E+001 0.0000000000000000E+000 1.0000000000000000E+000
1.0937500000000000E+001 4.2187500000000000E+001 5.0000000000000000E-001 1.0000000000000000E+000
1.0937500000000000E+001 4.2187500000000000E+001 1.0000000000000000E+000 1.0000000000000000E+000
1.0937500000000000E+001 4.5312500000000000E+001 0.0000000000000000E+000 1.0000000000000000E+000
1.0937500000000000E+001 4.5312500000000000E+001 5.0000000000000000E-001 1.0000000000000000E+000
1.0937500000000000E+001 4.5312500000000000E+001 1.0000000000000000E+000 1.0000000000000000E+000
1.0937500000000000E+001 4.8437500000000000E+001 0.0000000000000000E+000 1.0000000000000000E+000
1.0937500000000000E+001 4.8437500000000000E+001 5.0000000000000000E-001 1.0000000000000000E+000
1.0937500000000000E+001 4.8437500000000000E+001 1.0000000000000000E+000 1.0000000000000000E+000
1.0937500000000000E+001 5.0000000000000000E+001 0.0000000000000000E+000 1.0000000000000000E+000
1.0937500000000000E+001 5.0000000000000000E+001 5.0000000000000000E-001 1.0000000000000000E+000
1.0937500000000000E+001 5.0000000000000000E+001 1.0000000000000000E+000 1.0000000000000000E+000
1.4062500000000000E+001 0.0000000000000000E+000 0.0000000000000000E+000 1.0000000000000000E+000
1.4062500000000000E+001 0.0000000000000000E+000 5.0000000000000000E-001 1.0000000000000000E+000
1.4062500000000000E+001 0.0000000000000000E+000 1.0000000000000000E+000 1.0000000000000000E+000
1.4062500000000000E+001 1.5625000000000002E+000 0.0000000000000000E+000 1.0000000000000000E+000
1.4062500000000000E+001 1.5625000000000002E+000 5.0000000000000000E-001 1.0000000000000000E+000
1.4062500000000000E+001 1.5625000000000002E+000 1.0000000000000000E+000 1.0000000000000000E+000
1.4062500000000000E+001 4.6875000000000000E+000 0.0000000000000000E+000 1.0000000000000000E+000
1.4062500000000000E+001 4.6875000000000000E+000 5.0000000000000000E-001 1.0000000000000000E+000
1.4062500000000000E+001 4.6875000000000000E+000 1.0000000000000000E+000 1.0000000000000000E+000
1.4062500000000000E+001 7.8125000000000000E+000 0.0000000000000000E+000 1.0000000000000000E+000
1.4062500000000000E+001 7.8125000000000000E+000 5.0000000000000000E-001 1.0000000000000000E+000
1.4062500000000000E+001 7.8125000000000000E+000 1.0000000000000000E+000 1.0000000000000000E+000
1.4062500000000000E+001 1.0937500000000000E+001 0.0000000000000000E+000 1.0000000000000000E+000
1.4062500000000000E+001 1.0937500000000000E+001 5.0000000000000000E-001 1.0000000000000000E+000
1.4062500000000000E+001 1.0937500000000000E+001 1.0000000000000000E+000 1.0000000000000000E+000
1.4062500000000000E+001 1.4062500000000000E+001 0.0000000000000000E+000 1.0000000000000000E+000
1.4062500000000000E+001 1.4062500000000000E+001 5.0000000000000000E-001 1.0000000000000000E+000
1.4062500000000000E+001 1.4062500000000000E+001 1.0000000000000000E+000 1.0000000000000000E+000
1.4062500000000000E+001 1.7187500000000000E+001 0.0000000000000000E+000 1.0000000000000000E+000
1.4062500000000000E+001 1.7187500000000000E+001 5.0000000000000000E-001 1.0000000000000000E+000
1.4062500000000000E+001 1.7187500000000000E+001 1.0000000000000000E+000 1.0000000000000000E+000
1.4062500000000000E+001 2.0312500000000000E+001 0.0000000000000000E+000 1.0000000000000000E+000
1.4062500000000000E+001 2.0312500000000000E+001 5.0000000000000000E-001 1.0000000000000000E+000
1.4062500000000000E+001 2.0312500000000000E+001 1.0000000000000000E+000 1.0000000000000000E+000
1.4062500000000000E+001 2.3437500000000000E+001 0.0000000000000000E+000 1.0000000000000000E+000
1.4062500000000000E+001 2.3437500000000000E+001 5.0000000000000000E-001 1.0000000000000000E+000
1.4062500000000000E+001 2.3437500000000000E+001 1.0000000000000000E+000 1.0000000000000000E+000
1.4062500000000000E+001 2.6562500000000000E+001 0.0000000000000000E+000 1.0000000000000000E+000
1.4062500000000000E+001 2.6562500000000000E+001 5.0000000000000000E-001 1.0000000000000000E+000
1.4062500000000000E+001 2.6562500000000000E+001 1.0000000000000000E+000 1.0000000000000000E+000
1.4062500000000000E+001 2.9687500000000000E+001 0.0000000000000000E+000 1.0000000000000000E+000
1.4062500000000000E+001 2.9687500000000000E+001 5.0000000000000000E-001 1.0000000000000000E+000
1.4062500000000000E+001 2.9687500000000000E+001 1.0000000000000000E+000 1.0000000000000000E+000
1.4062500000000000E+001 3.2812500000000000E+001 0.0000000000000000E+000 1.0000000000000000E+000
1.4062500000000000E+001 3.2812500000000000E+001 5.0000000000000000E-001 1.0000000000000000E+000
1.4062500000000000E+001 3.2812500000000000E+001 1.0000000000000000E+000 1.0000000000000000E+000
1.4062500000000000E+001 3.5937500000000000E+001 0.0000000000000000E+000 1.0000000000000000E+000
1.4062500000000000E+001 3.5937500000000000E+001 5.0000000000000000E-001 1.0000000000000000E+000
1.4062500000000000E+001 3.5937500000000000E+001 1.0000000000000000E+000 1.0000000000000000E+000
1.4062500000000000E+001 3.9062500000000000E+001 0.0000000000000000E+000 1.0000000000000000E+000
1.4062500000000000E+001 3.9062500000000000E+001 5.0000000000000000E-001 1.0000000000000000E+000
1.4062500000000000E+001 3.9062500000000000E+001 1.0000000000000000E+000 1.0000000000000000E+000
1.4062500000000000E+001 4.2187500000000000E+001 0.0000000000000000E+000 1.0000000000000000E+000
1.4062500000000000E+001 4.2187500000000000E+001 5.0000000000000000E-001 1.0000000000000000E+000
1.4062500000000000E+001 4.2187500000000000E+001 1.0000000000000000E+000 1.0000000000000000E+000
1.4062500000000000E+001 4.5312500000000000E+001 0.0000000000000000E+000 1.0000000000000000E+000
1.4062500000000000E+001 4.5312500000000000E+001 5.0000000000000000E-001 1.0000000000000000E+000
1.4062500000000000E+001 4.5312500000000000E+001 1.0000000000000000E+000 1.0000000000000000E+000
1.4062500000000000E+001 4.8437500000000000E+001 0.0000000000000000E+000 1.0000000000000000E+000
1.4062500000000000E+001 4.8437500000000000E+001 5.0000000000000000E-001 1.0000000000000000E+000
1.4062500000000000E+001 4.8437500000000000E+001 1.0000000000000000E+000 1.0000000000000000E+000
1.4062500000000000E+001 5.0000000000000000E+001 0.0000000000000000E+000 1.0000000000000000E+000
1.4062500000000000E+001 5.0000000000000000E+001 5.0000000000000000E-001 1.0000000000000000E+000
1.4062500000000000E+001 5.0000000000000000E+001 1.0000000000000000E+000 1.0000000000000000E+000
1.7187500000000000E+001 0.0000000000000000E+000 0.0000000000000000E+000 1.0000000000000000E+000
1.7187500000000000E+001 0.0000000000000000E+000 5.0000000000000000E-001 1.0000000000000000E+000
1.7187500000000000E+001 0.0000000000000000E+000 1.0000000000000000E+000 1.0000000000000000E+000
1.7187500000000000E+001 1.5625000000000002E+000 0.0000000000000000E+000 1.0000000000000000E+000
1.7187500000000000E+001 1.5625000000000002E+000 5.0000000000000000E-001 1.0000000000000000E+000
1.7187500000000000E+001 1.5625000000000002E+000 1.0000000000000000E+000 1.0000000000000000E+000
1.7187500000000000E+001 4.6875000000000000E+000 0.0000000000000000E+000 1.0000000000000000E+000
1.7187500000000000E+001 4.6875000000000000E+000 5.0000000000000000E-001 1.0000000000000000E+000
1.7187500000000000E+001 4.6875000000000000E+000 1.0000000000000000E+000 1.0000000000000000E+000
1.7187500000000000E+001 7.8125000000000000E+000 0.0000000000000000E+000 1.0000000000000000E+000
1.7187500000000000E+001 7.8125000000000000E+000 5.0000000000000000E-001 1.0000000000000000E+000
1.7187500000000000E+001 7.8125000000000000E+000 1.0000000000000000E+000 1.0000000000000000E+000
1.7187500000000000E+001 1.0937500000000000E+001 0.0000000000000000E+000 1.0000000000000000E+000
1.7187500000000000E+001 1.0937500000000000E+001 5.0000000000000000E-001 1.0000000000000000E+000
1.7187500000000000E+001 1.0937500000000000E+001 1.0000000000000000E+000 1.0000000000000000E+000
1.7187500000000000E+001 1.4062500000000000E+001 0.0000000000000000E+000 1.0000000000000000E+000
1.7187500000000000E+001 1.4062500000000000E+001 5.0000000000000000E-001 1.0000000000000000E+000
1.7187500000000000E+001 1.4062500000000000E+001 1.0000000000000000E+000 1.0000000000000000E+000
1.7187500000000000E+001 1.7187500000000000E+001 0.0000000000000000E+000 1.0000000000000000E+000
1.7187500000000000E+001 1.7187500000000000E+001 5.0000000000000000E-001 1.0000000000000000E+000
1.7187500000000000E+001 1.7187500000000000E+001 1.0000000000000000E+000 1.0000000000000000E+000
1.7187500000000000E+001 2.0312500000000000E+001 0.0000000000000000E+000 1.0000000000000000E+000
1.7187500000000000E+001 2.0312500000000000E+001 5.0000000000000000E-001 1.0000000000000000E+000
1.7187500000000000E+001 2.0312500000000000E+001 1.0000000000000000E+000 1.0000000000000000E+000
1.7187500000000000E+001 2.3437500000000000E+001 0.0000000000000000E+000 1.0000000000000000E+000
1.7187500000000000E+001 2.3437500000000000E+001 5.0000000000000000E-001 1.0000000000000000E+000
1.7187500000000000E+001 2.3437500000000000E+001 1.0000000000000000E+000 1.0000000000000000E+000
1.7187500000000000E+001 2.6562500000000000E+001 0.0000000000000000E+000 1.0000000000000000E+000
1.7187500000000000E+001 2.6562500000000000E+001 5.0000000000000000E-001 1.0000000000000000E+000
1.7187500000000000E+001 2.6562500000000000E+001 1.0000000000000000E+000 1.0000000000000000E+000
1.7187500000000000E+001 2.9687500000000000E+001 0.0000000000000000E+000 1.0000000000000000E+000
1.7187500000000000E+001 2.9687500000000000E+001 5.0000000000000000E-001 1.0000000000000000E+000
1.7187500000000000E+001 2.9687500000000000E+001 1.0000000000000000E+000 1.0000000000000000E+000
1.7187500000000000E+001 3.2812500000000000E+001 0.0000000000000000E+000 1.0000000000000000E+000
1.7187500000000000E+001 3.2812500000000000E+001 5.0000000000000000E-001 1.0000000000000000E+000
1.7187500000000000E+001 3.2812500000000000E+001 1.0000000000000000E+000 1.0000000000000000E+000
1.7187500000000000E+001 3.5937500000000000E+001 0.0000000000000000E+000 1.0000000000000000E+000
1.7187500000000000E+001 3.5937500000000000E+001 5.0000000000000000E-001 1.0000000000000000E+000
1.7187500000000000E+001 3.5937500000000000E+001 1.0000000000000000E+000 1.0000000000000000E+000
1.7187500000000000E+001 3.9062500000000000E+001 0.0000000000000000E+000 1.0000000000000000E+000
1.7187500000000000E+001 3.9062500000000000E+001 5.0000000000000000E-001 1.0000000000000000E+000
1.7187500000000000E+001 3.9062500000000000E+001 1.0000000000000000E+000 1.0000000000000000E+000
1.7187500000000000E+001 4.2187500000000000E+001 0.0000000000000000E+000 1.0000000000000000E+000
1.7187500000000000E+001 4.2187500000000000E+001 5.0000000000000000E-001 1.0000000000000000E+000
1.7187500000000000E+001 4.2187500000000000E+001 1.0000000000000000E+000 1.0000000000000000E+000
1.7187500000000000E+001 4.5312500000000000E+001 0.0000000000000000E+000 1.0000000000000000E+000
1.7187500000000000E+001 4.5312500000000000E+001 5.0000000000000000E-001 1.0000000000000000E+000
1.7187500000000000E+001 4.5312500000000000E+001 1.0000000000000000E+000 1.0000000000000000E+000
1.7187500000000000E+001 4.8437500000000000E+001 0.0000000000000000E+000 1.0000000000000000E+000
1.7187500000000000E+001 4.8437500000000000E+001 5.0000000000000000E-001 1.0000000000000000E+000
1.7187500000000000E+001 4.8437500000000000E+001 1.0000000000000000E+000 1.0000000000000000E+000
1.7187500000000000E+001 5.0000000000000000E+001 0.0000000000000000E+000 1.0000000000000000E+000
1.7187500000000000E+001 5.0000000000000000E+001 5.0000000000000000E-001 1.0000000000000000E+000
1.7187500000000000E+001 5.0000000000000000E+001 1.0000000000000000E+000 1.0000000000000000E+000
2.0312500000000000E+001 0.0000000000000000E+000 0.0000000000000000E+000 1.0000000000000000E+000
2.0312500000000000E+001 0.0000000000000000E+000 5.0000000000000000E-001 1.0000000000000000E+000
2.0312500000000000E+001 0.0000000000000000E+000 1.0000000000000000E+000 1.0000000000000000E+000
2.0312500000000000E+001 1.5625000000000002E+000 0.0000000000000000E+000 1.0000000000000000E+000
2.0312500000000000E+001 1.5625000000000002E+000 5.0000000000000000E-001 1.0000000000000000E+000
2.0312500000000000E+001 1.5625000000000002E+000 1.0000000000000000E+000 1.0000000000000000E+000
2.0312500000000000E+001 4.6875000000000000E+000 0.0000000000000000E+000 1.0000000000000000E+000
2.0312500000000000E+001 4.6875000000000000E+000 5.0000000000000000E-001 1.0000000000000000E+000
2.0312500000000000E+001 4.6875000000000000E+000 1.0000000000000000E+000 1.0000000000000000E+000
2.0312500000000000E+001 7.8125000000000000E+000 0.0000000000000000E+000 1.0000000000000000E+000
2.0312500000000000E+001 7.8125000000000000E+000 5.0000000000000000E-001 1.0000000000000000E+000
2.0312500000000000E+001 7.8125000000000000E+000 1.0000000000000000E+000 1.0000000000000000E+000
2.0312500000000000E+001 1.0937500000000000E+001 0.0000000000000000E+000 1.0000000000000000E+000
2.0312500000000000E+001 1.0937500000000000E+001 5.0000000000000000E-001 1.0000000000000000E+000
2.0312500000000000E+001 1.0937500000000000E+001 1.0000000000000000E+000 1.0000000000000000E+000
2.0312500000000000E+001 1.4062500000000000E+001 0.0000000000000000E+000 1.0000000000000000E+000
2.0312500000000000E+001 1.4062500000000000E+001 5.0000000000000000E-001 1.0000000000000000E+000
2.0312500000000000E+001 1.4062500000000000E+001 1.0000000000000000E+000 1.0000000000000000E+000
2.0312500000000000E+001 1.7187500000000000E+001 0.0000000000000000E+000 1.0000000000000000E+000
2.0312500000000000E+001 1.7187500000000000E+001 5.0000000000000000E-001 1.0000000000000000E+000
2.0312500000000000E+001 1.7187500000000000E+001 1.0000000000000000E+000 1.0000000000000000E+000
2.0312500000000000E+001 2.0312500000000000E+001 0.0000000000000000E+000 1.0000000000000000E+000
2.0312500000000000E+001 2.0312500000000000E+001 5.0000000000000000E-001 1.0000000000000000E+000
2.0312500000000000E+001 2.0312500000000000E+001 1.0000000000000000E+000 1.0000000000000000E+000
2.0312500000000000E+001 2.3437500000000000E+001 0.0000000000000000E+000 1.0000000000000000E+000
2.0312500000000000E+001 2.3437500000000000E+001 5.0000000000000000E-001 1.0000000000000000E+000
2.0312500000000000E+001 2.3437500000000000E+001 1.0000000000000000E+000 1.0000000000000000E+000
2.0312500000000000E+001 2.6562500000000000E+001 0.0000000000000000E+000 1.0000000000000000E+000
2.0312500000000000E+001 2.6562500000000000E+001 5.0000000000000000E-001 1.0000000000000000E+000
2.0312500000000000E+001 2.6562500000000000E+001 1.0000000000000000E+000 1.0000000000000000E+000
2.0312500000000000E+001 2.9687500000000000E+001 0.0000000000000000E+000 1.0000000000000000E+000
2.0312500000000000E+001 2.9687500000000000E+001 5.0000000000000000E-001 1.0000000000000000E+000
2.0312500000000000E+001 2.9687500000000000E+001 1.0000000000000000E+000 1.0000000000000000E+000
2.0312500000000000E+001 3.2812500000000000E+001 0.0000000000000000E+000 1.0000000000000000E+000
2.0312500000000000E+001 3.2812500000000000E+001 5.0000000000000000E-001 1.0000000000000000E+000
2.0312500000000000E+001 3.2812500000000000E+001 1.0000000000000000E+000 1.0000000000000000E+000
2.0312500000000000E+001 3.5937500000000000E+001 0.0000000000000000E+000 1.0000000000000000E+000
2.0312500000000000E+001 3.5937500000000000E+001 5.0000000000000000E-001 1.0000000000000000E+000
2.0312500000000000E+001 3.5937500000000000E+001 1.0000000000000000E+000 1.0000000000000000E+000
2.0312500000000000E+001 3.9062500000000000E+001 0.0000000000000000E+000 1.0000000000000000E+000
2.0312500000000000E+001 3.9062500000000000E+001 5.0000000000000000E-001 1.0000000000000000E+000
2.0312500000000000E+001 3.9062500000000000E+001 1.0000000000000000E+000 1.0000000000000000E+000
2.0312500000000000E+001 4.2187500000000000E+001 0.0000000000000000E+000 1.0000000000000000E+000
2.0312500000000000E+001 4.2187500000000000E+001 5.0000000000000000E-001 1.0000000000000000E+000
2.0312500000000000E+001 4.2187500000000000E+001 1.0000000000000000E+000 1.0000000000000000E+000
2.0312500000000000E+001 4.5312500000000000E+001 0.0000000000000000E+000 1.0000000000000000E+000
2.0312500000000000E+001 4.5312500000000000E+001 5.0000000000000000E-001 1.0000000000000000E+000
2.0312500000000000E+001 4.5312500000000000E+001 1.0000000000000000E+000 1.0000000000000000E+000
2.0312500000000000E+001 4.8437500000000000E+001 0.0000000000000000E+000 1.0000000000000000E+000
2.0312500000000000E+001 4.8437500000000000E+001 5.0000000000000000E-001 1.0000000000000000E+000
2.0312500000000000E+001 4.8437500000000000E+001 1.0000000000000000E+000 1.0000000000000000E+000
2.0312500000000000E+001 5.0000000000000000E+001 0.0000000000000000E+000 1.0000000000000000E+000
2.0312500000000000E+001 5.0000000000000000E+001 5.0000000000000000E-001 1.0000000000000000E+000
2.0312500000000000E+001 5.0000000000000000E+001 1.0000000000000000E+000 1.0000000000000000E+000
2.3437500000000000E+001 0.0000000000000000E+000 0.0000000000000000E+000 1.0000000000000000E+000
2.3437500000000000E+001 0.0000000000000000E+000 5.0000000000000000E-001 1.0000000000000000E+000
2.3437500000000000E+001 0.0000000000000000E+000 1.0000000000000000E+000 1.0000000000000000E+000
2.3437500000000000E+001 1.5625000000000002E+000 0.0000000000000000E+000 1.0000000000000000E+000
2.3437500000000000E+001 1.5625000000000002E+000 5.0000000000000000E-001 1.0000000000000000E+000
2.3437500000000000E+001 1.5625000000000002E+000 1.0000000000000000E+000 1.0000000000000000E+000
2.3437500000000000E+001 4.6875000000000000E+000 0.0000000000000000E+000 1.0000000000000000E+000
2.3437500000000000E+001 4.6875000000000000E+000 5.0000000000000000E-001 1.0000000000000000E+000
2.3437500000000000E+001 4.6875000000000000E+000 1.0000000000000000E+000 1.0000000000000000E+000
2.3437500000000000E+001 7.8125000000000000E+000 0.0000000000000000E+000 1.0000000000000000E+000
2.3437500000000000E+001 7.8125000000000000E+000 5.0000000000000000E-001 1.0000000000000000E+000
2.3437500000000000E+001 7.8125000000000000E+000 1.0000000000000000E+000 1.0000000000000000E+000
2.3437500000000000E+001 1.0937500000000000E+001 0.0000000000000000E+000 1.0000000000000000E+000
2.3437500000000000E+001 1.0937500000000000E+001 5.0000000000000000E-001 1.0000000000000000E+000
2.3437500000000000E+001 1.0937500000000000E+001 1.0000000000000000E+000 1.0000000000000000E+000
2.3437500000000000E+001 1.4062500000000000E+001 0.0000000000000000E+000 1.0000000000000000E+000
2.3437500000000000E+001 1.4062500000000000E+001 5.0000000000000000E-001 1.0000000000000000E+000
2.3437500000000000E+001 1.4062500000000000E+001 1.0000000000000000E+000 1.0000000000000000E+000
2.3437500000000000E+001 1.7187500000000000E+001 0.0000000000000000E+000 1.0000000000000000E+000
2.3437500000000000E+001 1.7187500000000000E+001 5.0000000000000000E-001 1.0000000000000000E+000
2.3437500000000000E+001 1.7187500000000000E+001 1.0000000000000000E+000 1.0000000000000000E+000
2.3437500000000000E+001 2.0312500000000000E+001 0.0000000000000000E+000 1.0000000000000000E+000
2.3437500000000000E+001 2.0312500000000000E+001 5.0000000000000000E-001 1.0000000000000000E+000
2.3437500000000000E+001 2.0312500000000000E+001 1.0000000000000000E+000 1.0000000000000000E+000
2.3437500000000000E+001 2.3437500000000000E+001 0.0000000000000000E+000 1.0000000000000000E+000
2.3437500000000000E+001 2.3437500000000000E+001 5.0000000000000000E-001 1.0000000000000000E+000
2.3437500000000000E+001 2.3437500000000000E+001 1.0000000000000000E+000 1.0000000000000000E+000
2.3437500000000000E+001 2.6562500000000000E+001 0.0000000000000000E+000 1.0000000000000000E+000
2.3437500000000000E+001 2.6562500000000000E+001 5.0000000000000000E-001 1.0000000000000000E+000
2.3437500000000000E+001 2.6562500000000000E+001 1.0000000000000000E+000 1.0000000000000000E+000
2.3437500000000000E+001 2.9687500000000000E+001 0.0000000000000000E+000 1.0000000000000000E+000
2.3437500000000000E+001 2.9687500000000000E+001 5.0000000000000000E-001 1.0000000000000000E+000
2.3437500000000000E+001 2.9687500000000000E+001 1.0000000000000000E+000 1.0000000000000000E+000
2.3437500000000000E+001 3.2812500000000000E+001 0.0000000000000000E+000 1.0000000000000000E+000
2.3437500000000000E+001 3.2812500000000000E+001 5.0000000000000000E-001 1.0000000000000000E+000
2.3437500000000000E+001 3.2812500000000000E+001 1.0000000000000000E+000 1.0000000000000000E+000
2.3437500000000000E+001 3.5937500000000000E+001 0.0000000000000000E+000 1.0000000000000000E+000
2.3437500000000000E+001 3.5937500000000000E+001 5.0000000000000000E-001 1.0000000000000000E+000
2.3437500000000000E+001 3.5937500000000000E+001 1.0000000000000000E+000 1.0000000000000000E+000
2.3437500000000000E+001 3.9062500000000000E+001 0.0000000000000000E+000 1.0000000000000000E+000
2.3437500000000000E+001 3.9062500000000000E+001 5.0000000000000000E-001 1.0000000000000000E+000
2.3437500000000000E+001 3.9062500000000000E+001 1.0000000000000000E+000 1.0000000000000000E+000
2.3437500000000000E+001 4.2187500000000000E+001 0.0000000000000000E+000 1.0000000000000000E+000
2.3437500000000000E+001 4.2187500000000000E+001 5.0000000000000000E-001 1.0000000000000000E+000
2.3437500000000000E+001 4.2187500000000000E+001 1.0000000000000000E+000 1.0000000000000000E+000
2.3437500000000000E+001 4.5312500000000000E+001 0.0000000000000000E+000 1.0000000000000000E+000
2.3437500000000000E+001 4.5312500000000000E+001 5.0000000000000000E-001 1.0000000000000000E+000
2.3437500000000000E+001 4.5312500000000000E+001 1.0000000000000000E+000 1.0000000000000000E+000
2.3437500000000000E+001 4.8437500000000000E+001 0.0000000000000000E+000 1.0000000000000000E+000
2.3437500000000000E+001 4.8437500000000000E+001 5.0000000000000000E-001 1.0000000000000000E+000
2.3437500000000000E+001 4.8437500000000000E+001 1.0000000000000000E+000 1.0000000000000000E+000
2.3437500000000000E+001 5.0000000000000000E+001 0.0000000000000000E+000 1.0000000000000000E+000
2.3437500000000000E+001 5.0000000000000000E+001 5.0000000000000000E-001 1.0000000000000000E+000
2.3437500000000000E+001 5.0000000000000000E+001 1.0000000000000000E+000 1.0000000000000000E+000
2.6562500000000000E+001 0.0000000000000000E+000 0.0000000000000000E+000 1.0000000000000000E+000
2.6562500000000000E+001 0.0000000000000000E+000 5.0000000000000000E-001 1.0000000000000000E+000
2.6562500000000000E+001 0.0000000000000000E+000 1.0000000000000000E+000 1.0000000000000000E+000
2.6562500000000000E+001 1.5625000000000002E+000 0.0000000000000000E+000 1.0000000000000000E+000
2.6562500000000000E+001 1.5625000000000002E+000 5.0000000000000000E-001 1.0000000000000000E+000
2.6562500000000000E+001 1.5625000000000002E+000 1.0000000000000000E+000 1.0000000000000000E+000
2.6562500000000000E+001 4.6875000000000000E+000 0.0000000000000000E+000 1.0000000000000000E+000
2.6562500000000000E+001 4.6875000000000000E+000 5.0000000000000000E-001 1.0000000000000000E+000
2.6562500000000000E+001 4.6875000000000000E+000 1.0000000000000000E+000 1.0000000000000000E+000
2.6562500000000000E+001 7.8125000000000000E+000 0.0000000000000000E+000 1.0000000000000000E+000
2.6562500000000000E+001 7.8125000000000000E+000 5.0000000000000000E-001 1.0000000000000000E+000
2.6562500000000000E+001 7.8125000000000000E+000 1.0000000000000000E+000 1.0000000000000000E+000
2.6562500000000000E+001 1.0937500000000000E+001 0.0000000000000000E+000 1.0000000000000000E+000
2.6562500000000000E+001 1.0937500000000000E+001 5.0000000000000000E-001 1.0000000000000000E+000
2.6562500000000000E+001 1.0937500000000000E+001 1.0000000000000000E+000 1.0000000000000000E+000
2.6562500000000000E+001 1.4062500000000000E+001 0.0000000000000000E+000 1.0000000000000000E+000
2.6562500000000000E+001 1.4062500000000000E+001 5.0000000000000000E-001 1.0000000000000000E+000
2.6562500000000000E+001 1.4062500000000000E+001 1.0000000000000000E+000 1.0000000000000000E+000
2.6562500000000000E+001 1.7187500000000000E+001 0.0000000000000000E+000 1.0000000000000000E+000
2.6562500000000000E+001 1.7187500000000000E+001 5.0000000000000000E-001 1.0000000000000000E+000
2.6562500000000000E+001 1.7187500000000000E+001 1.0000000000000000E+000 1.0000000000000000E+000
2.6562500000000000E+001 2.0312500000000000E+001 0.0000000000000000E+000 1.0000000000000000E+000
2.6562500000000000E+001 2.0312500000000000E+001 5.0000000000000000E-001 1.0000000000000000E+000
2.6562500000000000E+001 2.0312500000000000E+001 1.0000000000000000E+000 1.0000000000000000E+000
2.6562500000000000E+001 2.3437500000000000E+001 0.0000000000000000E+000 1.0000000000000000E+000
2.6562500000000000E+001 2.3437500000000000E+001 5.0000000000000000E-001 1.0000000000000000E+000
2.6562500000000000E+001 2.3437500000000000E+001 1.0000000000000000E+000 1.0000000000000000E+000
2.6562500000000000E+001 2.6562500000000000E+001 0.0000000000000000E+000 1.0000000000000000E+000
2.6562500000000000E+001 2.6562500000000000E+001 5.0000000000000000E-001 1.0000000000000000E+000
2.6562500000000000E+001 2.6562500000000000E+001 1.0000000000000000E+000 1.0000000000000000E+000
2.6562500000000000E+001 2.9687500000000000E+001 0.0000000000000000E+000 1.0000000000000000E+000
2.6562500000000000E+001 2.9687500000000000E+001 5.0000000000000000E-001 1.0000000000000000E+000
2.6562500000000000E+001 2.9687500000000000E+001 1.0000000000000000E+000 1.0000000000000000E+000
2.6562500000000000E+001 3.2812500000000000E+001 0.0000000000000000E+000 1.0000000000000000E+000
2.6562500000000000E+001 3.2812500000000000E+001 5.0000000000000000E-001 1.0000000000000000E+000
2.6562500000000000E+001 3.2812500000000000E+001 1.0000000000000000E+000 1.0000000000000000E+000
2.6562500000000000E+001 3.5937500000000000E+001 0.0000000000000000E+000 1.0000000000000000E+000
2.6562500000000000E+001 3.5937500000000000E+001 5.0000000000000000E-001 1.0000000000000000E+000
2.6562500000000000E+001 3.5937500000000000E+001 1.0000000000000000E+000 1.0000000000000000E+000
2.6562500000000000E+001 3.9062500000000000E+001 0.0000000000000000E+000 1.0000000000000000E+000
2.6562500000000000E+001 3.9062500000000000E+001 5.0000000000000000E-001 1.0000000000000000E+000
2.6562500000000000E+001 3.9062500000000000E+001 1.0000000000000000E+000 1.0000000000000000E+000
2.6562500000000000E+001 4.2187500000000000E+001 0.0000000000000000E+000 1.0000000000000000E+000
2.6562500000000000E+001 4.2187500000000000E+001 5.0000000000000000E-001 1.0000000000000000E+000
2.6562500000000000E+001 4.2187500000000000E+001 1.0000000000000000E+000 1.0000000000000000E+000
2.6562500000000000E+001 4.5312500000000000E+001 0.0000000000000000E+000 1.0000000000000000E+000
2.6562500000000000E+001 4.5312500000000000E+001 5.0000000000000000E-001 1.0000000000000000E+000
2.6562500000000000E+001 4.5312500000000000E+001 1.0000000000000000E+000 1.0000000000000000E+000
2.6562500000000000E+001 4.8437500000000000E+001 0.0000000000000000E+000 1.0000000000000000E+000
2.6562500000000000E+001 4.8437500000000000E+001 5.0000000000000000E-001 1.0000000000000000E+000
2.6562500000000000E+001 4.8437500000000000E+001 1.0000000000000000E+000 1.0000000000000000E+000
2.6562500000000000E+001 5.0000000000000000E+001 0.0000000000000000E+000 1.0000000000000000E+000
2.6562500000000000E+001 5.0000000000000000E+001 5.0000000000000000E-001 1.0000000000000000E+000
2.6562500000000000E+001 5.0000000000000000E+001 1.0000000000000000E+000 1.0000000000000000E+000
2.9687500000000000E+001 0.0000000000000000E+000 0.0000000000000000E+000 1.0000000000000000E+000
2.9687500000000000E+001 0.0000000000000000E+000 5.0000000000000000E-001 1.0000000000000000E+000
2.9687500000000000E+001 0.0000000000000000E+000 1.0000000000000000E+000 1.0000000000000000E+000
2.9687500000000000E+001 1.5625000000000002E+000 0.0000000000000000E+000 1.0000000000000000E+000
2.9687500000000000E+001 1.5625000000000002E+000 5.0000000000000000E-001 1.0000000000000000E+000
2.9687500000000000E+001 1.5625000000000002E+000 1.0000000000000000E+000 1.0000000000000000E+000
2.9687500000000000E+001 4.6875000000000000E+000 0.0000000000000000E+000 1.0000000000000000E+000
2.9687500000000000E+001 4.6875000000000000E+000 5.0000000000000000E-001 1.0000000000000000E+000
2.9687500000000000E+001 4.6875000000000000E+000 1.0000000000000000E+000 1.0000000000000000E+000
2.9687500000000000E+001 7.8125000000000000E+000 0.0000000000000000E+000 1.0000000000000000E+000
2.9687500000000000E+001 7.8125000000000000E+000 5.0000000000000000E-001 1.0000000000000000E+000
2.9687500000000000E+001 7.8125000000000000E+000 1.0000000000000000E+000 1.0000000000000000E+000
2.9687500000000000E+001 1.0937500000000000E+001 0.0000000000000000E+000 1.0000000000000000E+000
2.9687500000000000E+001 1.0937500000000000E+001 5.0000000000000000E-001 1.0000000000000000E+000
2.9687500000000000E+001 1.0937500000000000E+001 1.0000000000000000E+000 1.0000000000000000E+000
2.9687500000000000E+001 1.4062500000000000E+001 0.0000000000000000E+000 1.0000000000000000E+000
2.9687500000000000E+001 1.4062500000000000E+001 5.0000000000000000E-001 1.0000000000000000E+000
2.9687500000000000E+001 1.4062500000000000E+001 1.0000000000000000E+000 1.0000000000000000E+000
2.9687500000000000E+001 1.7187500000000000E+001 0.0000000000000000E+000 1.0000000000000000E+000
2.9687500000000000E+001 1.7187500000000000E+001 5.0000000000000000E-001 1.0000000000000000E+000
2.9687500000000000E+001 1.7187500000000000E+001 1.0000000000000000E+000 1.0000000000000000E+000
2.9687500000000000E+001 2.0312500000000000E+001 0.0000000000000000E+000 1.0000000000000000E+000
2.9687500000000000E+001 2.0312500000000000E+001 5.0000000000000000E-001 1.0000000000000000E+000
2.9687500000000000E+001 2.0312500000000000E+001 1.0000000000000000E+000 1.0000000000000000E+000
2.9687500000000000E+001 2.3437500000000000E+001 0.0000000000000000E+000 1.0000000000000000E+000
2.9687500000000000E+001 2.3437500000000000E+001 5.0000000000000000E-001 1.0000000000000000E+000
2.9687500000000000E+001 2.3437500000000000E+001 1.0000000000000000E+000 1.0000000000000000E+000
2.9687500000000000E+001 2.6562500000000000E+001 0.0000000000000000E+000 1.0000000000000000E+000
2.9687500000000000E+001 2.6562500000000000E+001 5.0000000000000000E-001 1.0000000000000000E+000
2.9687500000000000E+001 2.6562500000000000E+001 1.0000000000000000E+000 1.0000000000000000E+000
2.9687500000000000E+001 2.9687500000000000E+001 0.0000000000000000E+000 1.0000000000000000E+000
2.9687500000000000E+001 2.9687500000000000E+001 5.0000000000000000E-001 1.0000000000000000E+000
2.9687500000000000E+001 2.9687500000000000E+001 1.0000000000000000E+000 1.0000000000000000E+000
2.9687500000000000E+001 3.2812500000000000E+001 0.0000000000000000E+000 1.0000000000000000E+000
2.9687500000000000E+001 3.2812500000000000E+001 5.0000000000000000E-001 1.0000000000000000E+000
2.9687500000000000E+001 3.2812500000000000E+001 1.0000000000000000E+000 1.0000000000000000E+000
2.9687500000000000E+001 3.5937500000000000E+001 0.0000000000000000E+000 1.0000000000000000E+000
2.9687500000000000E+001 3.5937500000000000E+001 5.0000000000000000E-001 1.0000000000000000E+000
2.9687500000000000E+001 3.5937500000000000E+001 1.0000000000000000E+000 1.0000000000000000E+000
2.9687500000000000E+001 3.9062500000000000E+001 0.0000000000000000E+000 1.0000000000000000E+000
2.9687500000000000E+001 3.9062500000000000E+001 5.0000000000000000E-001 1.0000000000000000E+000
2.9687500000000000E+001 3.9062500000000000E+001 1.0000000000000000E+000 1.0000000000000000E+000
2.9687500000000000E+001 4.2187500000000000E+001 0.0000000000000000E+000 1.0000000000000000E+000
2.9687500000000000E+001 4.2187500000000000E+001 5.0000000000000000E-001 1.0000000000000000E+000
2.9687500000000000E+001 4.2187500000000000E+001 1.0000000000000000E+000 1.0000000000000000E+000
2.9687500000000000E+001 4.5312500000000000E+001 0.0000000000000000E+000 1.0000000000000000E+000
2.9687500000000000E+001 4.5312500000000000E+001 5.0000000000000000E-001 1.0000000000000000E+000
2.9687500000000000E+001 4.5312500000000000E+001 1.0000000000000000E+000 1.0000000000000000E+000
2.9687500000000000E+001 4.8437500000000000E+001 0.0000000000000000E+000 1.0000000000000000E+000
2.9687500000000000E+001 4.8437500000000000E+001 5.0000000000000000E-001 1.0000000000000000E+000
2.9687500000000000E+001 4.8437500000000000E+001 1.0000000000000000E+000 1.0000000000000000E+000
2.9687500000000000E+001 5.0000000000000000E+001 0.0000000000000000E+000 1.0000000000000000E+000
2.9687500000000000E+001 5.0000000000000000E+001 5.0000000000000000E-001 1.0000000000000000E+000
2.9687500000000000E+001 5.0000000000000000E+001 1.0000000000000000E+000 1.0000000000000000E+000
3.2812500000000000E+001 0.0000000000000000E+000 0.0000000000000000E+000 1.0000000000000000E+000
3.2812500000000000E+001 0.0000000000000000E+000 5.0000000000000000E-001 1.0000000000000000E+000
3.2812500000000000E+001 0.0000000000000000E+000 1.0000000000000000E+000 1.0000000000000000E+000
3.2812500000000000E+001 1.5625000000000002E+000 0.0000000000000000E+000 1.0000000000000000E+000
3.2812500000000000E+001 1.5625000000000002E+000 5.0000000000000000E-001 1.0000000000000000E+000
3.2812500000000000E+001 1.5625000000000002E+000 1.0000000000000000E+000 1.0000000000000000E+000
3.2812500000000000E+001 4.6875000000000000E+000 0.0000000000000000E+000 1.0000000000000000E+000
3.2812500000000000E+001 4.6875000000000000E+000 5.0000000000000000E-001 1.0000000000000000E+000
3.2812500000000000E+001 4.6875000000000000E+000 1.0000000000000000E+000 1.0000000000000000E+000
3.2812500000000000E+001 7.8125000000000000E+000 0.0000000000000000E+000 1.0000000000000000E+000
3.2812500000000000E+001 7.8125000000000000E+000 5.0000000000000000E-001 1.0000000000000000E+000
3.2812500000000000E+001 7.8125000000000000E+000 1.0000000000000000E+000 1.0000000000000000E+000
3.2812500000000000E+001 1.0937500000000000E+001 0.0000000000000000E+000 1.0000000000000000E+000
3.2812500000000000E+001 1.0937500000000000E+001 5.0000000000000000E-001 1.0000000000000000E+000
3.2812500000000000E+001 1.0937500000000000E+001 1.0000000000000000E+000 1.0000000000000000E+000
3.2812500000000000E+001 1.4062500000000000E+001 0.0000000000000000E+000 1.0000000000000000E+000
3.2812500000000000E+001 1.4062500000000000E+001 5.0000000000000000E-001 1.0000000000000000E+000
3.2812500000000000E+001 1.4062500000000000E+001 1.0000000000000000E+000 1.0000000000000000E+000
3.2812500000000000E+001 1.7187500000000000E+001 0.0000000000000000E+000 1.0000000000000000E+000
3.2812500000000000E+001 1.7187500000000000E+001 5.0000000000000000E-001 1.0000000000000000E+000
3.2812500000000000E+001 1.7187500000000000E+001 1.0000000000000000E+000 1.0000000000000000E+000
3.2812500000000000E+001 2.0312500000000000E+001 0.0000000000000000E+000 1.0000000000000000E+000
3.2812500000000000E+001 2.0312500000000000E+001 5.0000000000000000E-001 1.0000000000000000E+000
3.2812500000000000E+001 2.0312500000000000E+001 1.0000000000000000E+000 1.0000000000000000E+000
3.2812500000000000E+001 2.3437500000000000E+001 0.0000000000000000E+000 1.0000000000000000E+000
3.2812500000000000E+001 2.3437500000000000E+001 5.0000000000000000E-001 1.0000000000000000E+000
3.2812500000000000E+001 2.3437500000000000E+001 1.0000000000000000E+000 1.0000000000000000E+000
3.2812500000000000E+001 2.6562500000000000E+001 0.0000000000000000E+000 1.0000000000000000E+000
3.2812500000000000E+001 2.6562500000000000E+001 5.0000000000000000E-001 1.0000000000000000E+000
3.2812500000000000E+001 2.6562500000000000E+001 1.0000000000000000E+000 1.0000000000000000E+000
3.2812500000000000E+001 2.9687500000000000E+001 0.0000000000000000E+000 1.0000000000000000E+000
3.2812500000000000E+001 2.9687500000000000E+001 5.0000000000000000E-001 1.0000000000000000E+000
3.2812500000000000E+001 2.9687500000000000E+001 1.0000000000000000E+000 1.0000000000000000E+000
3.2812500000000000E+001 3.2812500000000000E+001 0.0000000000000000E+000 1.0000000000000000E+000
3.2812500000000000E+001 3.2812500000000000E+001 5.0000000000000000E-001 1.0000000000000000E+000
3.2812500000000000E+001 3.2812500000000000E+001 1.0000000000000000E+000 1.0000000000000000E+000
3.2812500000000000E+001 3.5937500000000000E+001 0.0000000000000000E+000 1.0000000000000000E+000
3.2812500000000000E+001 3.5937500000000000E+001 5.0000000000000000E-001 1.0000000000000000E+000
3.2812500000000000E+001 3.5937500000000000E+001 1.0000000000000000E+000 1.0000000000000000E+000
3.2812500000000000E+001 3.9062500000000000E+001 0.0000000000000000E+000 1.0000000000000000E+000
3.2812500000000000E+001 3.9062500000000000E+001 5.0000000000000000E-001 1.0000000000000000E+000
3.2812500000000000E+001 3.9062500000000000E+001 1.0000000000000000E+000 1.0000000000000000E+000
3.2812500000000000E+001 4.2187500000000000E+001 0.0000000000000000E+000 1.0000000000000000E+000
3.2812500000000000E+001 4.2187500000000000E+001 5.0000000000000000E-001 1.0000000000000000E+000
3.2812500000000000E+001 4.2187500000000000E+001 1.0000000000000000E+000 1.0000000000000000E+000
3.2812500000000000E+001 4.5312500000000000E+001 0.0000000000000000E+000 1.0000000000000000E+000
3.2812500000000000E+001 4.5312500000000000E+001 5.0000000000000000E-001 1.0000000000000000E+000
3.2812500000000000E+001 4.5312500000000000E+001 1.0000000000000000E+000 1.0000000000000000E+000
3.2812500000000000E+001 4.8437500000000000E+001 0.0000000000000000E+000 1.0000000000000000E+000
3.2812500000000000E+001 4.8437500000000000E+001 5.0000000000000000E-001 1.0000000000000000E+000
3.2812500000000000E+001 4.8437500000000000E+001 1.0000000000000000E+000 1.0000000000000000E+000
3.2812500000000000E+001 5.0000000000000000E+001 0.0000000000000000E+000 1.0000000000000000E+000
3.2812500000000000E+001 5.0000000000000000E+001 5.0000000000000000E-001 1.0000000000000000E+000
3.2812500000000000E+001 5.0000000000000000E+001 1.0000000000000000E+000 1.0000000000000000E+000
3.5937500000000000E+001 0.0000000000000000E+000 0.0000000000000000E+000 1.0000000000000000E+000
3.5937500000000000E+001 0.0000000000000000E+000 5.0000000000000000E-001 1.0000000000000000E+000
3.5937500000000000E+001 0.0000000000000000E+000 1.0000000000000000E+000 1.0000000000000000E+000
3.5937500000000000E+001 1.5625000000000002E+000 0.0000000000000000E+000 1.0000000000000000E+000
3.5937500000000000E+001 1.5625000000000002E+000 5.0000000000000000E-001 1.0000000000000000E+000
3.5937500000000000E+001 1.5625000000000002E+000 1.0000000000000000E+000 1.0000000000000000E+000
3.5937500000000000E+001 4.6875000000000000E+000 0.0000000000000000E+000 1.0000000000000000E+000
3.5937500000000000E+001 4.6875000000000000E+000 5.0000000000000000E-001 1.0000000000000000E+000
3.5937500000000000E+001 4.6875000000000000E+000 1.0000000000000000E+000 1.0000000000000000E+000
3.5937500000000000E+001 7.8125000000000000E+000 0.0000000000000000E+000 1.0000000000000000E+000
3.5937500000000000E+001 7.8125000000000000E+000 5.0000000000000000E-001 1.0000000000000000E+000
3.5937500000000000E+001 7.8125000000000000E+000 1.0000000000000000E+000 1.0000000000000000E+000
3.5937500000000000E+001 1.0937500000000000E+001 0.0000000000000000E+000 1.0000000000000000E+000
3.5937500000000000E+001 1.0937500000000000E+001 5.0000000000000000E-001 1.0000000000000000E+000
3.5937500000000000E+001 1.0937500000000000E+001 1.0000000000000000E+000 1.0000000000000000E+000
3.5937500000000000E+001 1.4062500000000000E+001 0.0000000000000000E+000 1.0000000000000000E+000
3.5937500000000000E+001 1.4062500000000000E+001 5.0000000000000000E-001 1.0000000000000000E+000
3.5937500000000000E+001 1.4062500000000000E+001 1.0000000000000000E+000 1.0000000000000000E+000
3.5937500000000000E+001 1.7187500000000000E+001 0.0000000000000000E+000 1.0000000000000000E+000
3.5937500000000000E+001 1.7187500000000000E+001 5.0000000000000000E-001 1.0000000000000000E+000
3.5937500000000000E+001 1.7187500000000000E+001 1.0000000000000000E+000 1.0000000000000000E+000
3.5937500000000000E+001 2.0312500000000000E+001 0.0000000000000000E+000 1.0000000000000000E+000
3.5937500000000000E+001 2.0312500000000000E+001 5.0000000000000000E-001 1.0000000000000000E+000
3.5937500000000000E+001 2.0312500000000000E+001 1.0000000000000000E+000 1.0000000000000000E+000
3.5937500000000000E+001 2.3437500000000000E+001 0.0000000000000000E+000 1.0000000000000000E+000
3.5937500000000000E+001 2.3437500000000000E+001 5.0000000000000000E-001 1.0000000000000000E+000
3.5937500000000000E+001 2.3437500000000000E+001 1.0000000000000000E+000 1.0000000000000000E+000
3.5937500000000000E+001 2.6562500000000000E+001 0.0000000000000000E+000 1.0000000000000000E+000
3.5937500000000000E+001 2.6562500000000000E+001 5.0000000000000000E-001 1.0000000000000000E+000
3.5937500000000000E+001 2.6562500000000000E+001 1.0000000000000000E+000 1.0000000000000000E+000
3.5937500000000000E+001 2.9687500000000000E+001 0.0000000000000000E+000 1.0000000000000000E+000
3.5937500000000000E+001 2.9687500000000000E+001 5.0000000000000000E-001 1.0000000000000000E+000
3.5937500000000000E+001 2.9687500000000000E+001 1.0000000000000000E+000 1.0000000000000000E+000
3.5937500000000000E+001 3.2812500000000000E+001 0.0000000000000000E+000 1.0000000000000000E+000
3.5937500000000000E+001 3.2812500000000000E+001 5.0000000000000000E-001 1.0000000000000000E+000
3.5937500000000000E+001 3.2812500000000000E+001 1.0000000000000000E+000 1.0000000000000000E+000
3.5937500000000000E+001 3.5937500000000000E+001 0.0000000000000000E+000 1.0000000000000000E+000
3.5937500000000000E+001 3.5937500000000000E+001 5.0000000000000000E-001 1.0000000000000000E+000
3.5937500000000000E+001 3.5937500000000000E+001 1.0000000000000000E+000 1.0000000000000000E+000
3.5937500000000000E+001 3.9062500000000000E+001 0.0000000000000000E+000 1.0000000000000000E+000
3.5937500000000000E+001 3.9062500000000000E+001 5.0000000000000000E-001 1.0000000000000000E+000
3.5937500000000000E+001 3.9062500000000000E+001 1.0000000000000000E+000 1.0000000000000000E+000
3.5937500000000000E+001 4.2187500000000000E+001 0.0000000000000000E+000 1.0000000000000000E+000
3.5937500000000000E+001 4.2187500000000000E+001 5.0000000000000000E-001 1.0000000000000000E+000
3.5937500000000000E+001 4.2187500000000000E+001 1.0000000000000000E+000 1.0000000000000000E+000
3.5937500000000000E+001 4.5312500000000000E+001 0.0000000000000000E+000 1.0000000000000000E+000
3.5937500000000000E+001 4.5312500000000000E+001 5.0000000000000000E-001 1.0000000000000000E+000
3.5937500000000000E+001 4.5312500000000000E+001 1.0000000000000000E+000 1.0000000000000000E+000
3.5937500000000000E+001 4.8437500000000000E+001 0.0000000000000000E+000 1.0000000000000000E+000
3.5937500000000000E+001 4.8437500000000000E+001 5.0000000000000000E-001 1.0000000000000000E+000
3.5937500000000000E+001 4.8437500000000000E+001 1.0000000000000000E+000 1.0000000000000000E+000
3.5937500000000000E+001 5.0000000000000000E+001 0.0000000000000000E+000 1.0000000000000000E+000
3.5937500000000000E+001 5.0000000000000000E+001 5.0000000000000000E-001 1.0000000000000000E+000
3.5937500000000000E+001 5.0000000000000000E+001 1.0000000000000000E+000 1.0000000000000000E+000
3.9062500000000000E+001 0.0000000000000000E+000 0.0000000000000000E+000 1.0000000000000000E+000
3.9062500000000000E+001 0.0000000000000000E+000 5.0000000000000000E-001 1.0000000000000000E+000
3.9062500000000000E+001 0.0000000000000000E+000 1.0000000000000000E+000 1.0000000000000000E+000
3.9062500000000000E+001 1.5625000000000002E+000 0.0000000000000000E+000 1.0000000000000000E+000
3.9062500000000000E+001 1.5625000000000002E+000 5.0000000000000000E-001 1.0000000000000000E+000
3.9062500000000000E+001 1.5625000000000002E+000 1.0000000000000000E+000 1.0000000000000000E+000
3.9062500000000000E+001 4.6875000000000000E+000 0.0000000000000000E+000 1.0000000000000000E+000
3.9062500000000000E+001 4.6875000000000000E+000 5.0000000000000000E-001 1.0000000000000000E+000
3.9062500000000000E+001 4.6875000000000000E+000 1.0000000000000000E+000 1.0000000000000000E+000
3.9062500000000000E+001 7.8125000000000000E+000 0.0000000000000000E+000 1.0000000000000000E+000
3.9062500000000000E+001 7.8125000000000000E+000 5.0000000000000000E-001 1.0000000000000000E+000
3.9062500000000000E+001 7.8125000000000000E+000 1.0000000000000000E+000 1.0000000000000000E+000
3.9062500000000000E+001 1.0937500000000000E+001 0.0000000000000000E+000 1.0000000000000000E+000
3.9062500000000000E+001 1.0937500000000000E+001 5.0000000000000000E-001 1.0000000000000000E+000
3.9062500000000000E+001 1.0937500000000000E+001 1.0000000000000000E+000 1.0000000000000000E+000
3.9062500000000000E+001 1.4062500000000000E+001 0.0000000000000000E+000 1.0000000000000000E+000
3.9062500000000000E+001 1.4062500000000000E+001 5.0000000000000000E-001 1.0000000000000000E+000
3.9062500000000000E+001 1.4062500000000000E+001 1.0000000000000000E+000 1.0000000000000000E+000
3.9062500000000000E+001 1.7187500000000000E+001 0.0000000000000000E+000 1.0000000000000000E+000
3.9062500000000000E+001 1.7187500000000000E+001 5.0000000000000000E-001 1.0000000000000000E+000
3.9062500000000000E+001 1.7187500000000000E+001 1.0000000000000000E+000 1.0000000000000000E+000
3.9062500000000000E+001 2.0312500000000000E+001 0.0000000000000000E+000 1.0000000000000000E+000
3.9062500000000000E+001 2.0312500000000000E+001 5.0000000000000000E-001 1.0000000000000000E+000
3.9062500000000000E+001 2.0312500000000000E+001 1.0000000000000000E+000 1.0000000000000000E+000
3.9062500000000000E+001 2.3437500000000000E+001 0.0000000000000000E+000 1.0000000000000000E+000
3.9062500000000000E+001 2.3437500000000000E+001 5.0000000000000000E-001 1.0000000000000000E+000
3.9062500000000000E+001 2.3437500000000000E+001 1.0000000000000000E+000 1.0000000000000000E+000
3.9062500000000000E+001 2.6562500000000000E+001 0.0000000000000000E+000 1.0000000000000000E+000
3.9062500000000000E+001 2.6562500000000000E+001 5.0000000000000000E-001 1.0000000000000000E+000
3.9062500000000000E+001 2.6562500000000000E+001 1.0000000000000000E+000 1.0000000000000000E+000
3.9062500000000000E+001 2.9687500000000000E+001 0.0000000000000000E+000 1.0000000000000000E+000
3.9062500000000000E+001 2.9687500000000000E+001 5.0000000000000000E-001 1.0000000000000000E+000
3.9062500000000000E+001 2.9687500000000000E+001 1.0000000000000000E+000 1.0000000000000000E+000
3.9062500000000000E+001 3.2812500000000000E+001 0.0000000000000000E+000 1.0000000000000000E+000
3.9062500000000000E+001 3.2812500000000000E+001 5.0000000000000000E-001 1.0000000000000000E+000
3.9062500000000000E+001 3.2812500000000000E+001 1.0000000000000000E+000 1.0000000000000000E+000
3.9062500000000000E+001 3.5937500000000000E+001 0.0000000000000000E+000 1.0000000000000000E+000
3.9062500000000000E+001 3.5937500000000000E+001 5.0000000000000000E-001 1.0000000000000000E+000
3.9062500000000000E+001 3.5937500000000000E+001 1.0000000000000000E+000 1.0000000000000000E+000
3.9062500000000000E+001 3.9062500000000000E+001 0.0000000000000000E+000 1.0000000000000000E+000
3.9062500000000000E+001 3.9062500000000000E+001 5.0000000000000000E-001 1.0000000000000000E+000
3.9062500000000000E+001 3.9062500000000000E+001 1.0000000000000000E+000 1.0000000000000000E+000
3.9062500000000000E+001 4.2187500000000000E+001 0.0000000000000000E+000 1.0000000000000000E+000
3.9062500000000000E+001 4.2187500000000000E+001 5.0000000000000000E-001 1.0000000000000000E+000
3.9062500000000000E+001 4.2187500000000000E+001 1.0000000000000000E+000 1.0000000000000000E+000
3.9062500000000000E+001 4.5312500000000000E+001 0.0000000000000000E+000 1.0000000000000000E+000
3.9062500000000000E+001 4.5312500000000000E+001 5.0000000000000000E-001 1.0000000000000000E+000
3.9062500000000000E+001 4.5312500000000000E+001 1.0000000000000000E+000 1.0000000000000000E+000
3.9062500000000000E+001 4.8437500000000000E+001 0.0000000000000000E+000 1.0000000000000000E+000
3.9062500000000000E+001 4.8437500000000000E+001 5.0000000000000000E-001 1.0000000000000000E+000
3.9062500000000000E+001 4.8437500000000000E+001 1.0000000000000000E+000 1.0000000000000000E+000
3.9062500000000000E+001 5.0000000000000000E+001 0.0000000000000000E+000 1.0000000000000000E+000
3.9062500000000000E+001 5.0000000000000000E+001 5.0000000000000000E-001 1.0000000000000000E+000
3.9062500000000000E+001 5.0000000000000000E+001 1.0000000000000000E+000 1.0000000000000000E+000
4.2187500000000000E+001 0.0000000000000000E+000 0.0000000000000000E+000 1.0000000000000000E+000
4.2187500000000000E+001 0.0000000000000000E+000 5.0000000000000000E-001 1.0000000000000000E+000
4.2187500000000000E+001 0.0000000000000000E+000 1.0000000000000000E+000 1.0000000000000000E+000
4.2187500000000000E+001 1.5625000000000002E+000 0.0000000000000000E+000 1.0000000000000000E+000
4.2187500000000000E+001 1.5625000000000002E+000 5.0000000000000000E-001 1.0000000000000000E+000
4.2187500000000000E+001 1.5625000000000002E+000 1.0000000000000000E+000 1.0000000000000000E+000
4.2187500000000000E+001 4.6875000000000000E+000 0.0000000000000000E+000 1.0000000000000000E+000
4.2187500000000000E+001 4.6875000000000000E+000 5.0000000000000000E-001 1.0000000000000000E+000
4.2187500000000000E+001 4.6875000000000000E+000 1.0000000000000000E+000 1.0000000000000000E+000
4.2187500000000000E+001 7.8125000000000000E+000 0.0000000000000000E+000 1.0000000000000000E+000
4.2187500000000000E+001 7.8125000000000000E+000 5.0000000000000000E-001 1.0000000000000000E+000
4.2187500000000000E+001 7.8125000000000000E+000 1.0000000000000000E+000 1.0000000000000000E+000
4.2187500000000000E+001 1.0937500000000000E+001 0.0000000000000000E+000 1.0000000000000000E+000
4.2187500000000000E+001 1.0937500000000000E+001 5.0000000000000000E-001 1.0000000000000000E+000
4.2187500000000000E+001 1.0937500000000000E+001 1.0000000000000000E+000 1.0000000000000000E+000
4.2187500000000000E+001 1.4062500000000000E+001 0.0000000000000000E+000 1.0000000000000000E+000
4.2187500000000000E+001 1.4062500000000000E+001 5.0000000000000000E-001 1.0000000000000000E+000
4.2187500000000000E+001 1.4062500000000000E+001 1.0000000000000000E+000 1.0000000000000000E+000
4.2187500000000000E+001 1.7187500000000000E+001 0.0000000000000000E+000 1.0000000000000000E+000
4.2187500000000000E+001 1.7187500000000000E+001 5.0000000000000000E-001 1.0000000000000000E+000
4.2187500000000000E+001 1.7187500000000000E+001 1.0000000000000000E+000 1.0000000000000000E+000
4.2187500000000000E+001 2.0312500000000000E+001 0.0000000000000000E+000 1.0000000000000000E+000
4.2187500000000000E+001 2.0312500000000000E+001 5.0000000000000000E-001 1.0000000000000000E+000
4.2187500000000000E+001 2.0312500000000000E+001 1.0000000000000000E+000 1.0000000000000000E+000
4.2187500000000000E+001 2.3437500000000000E+001 0.0000000000000000E+000 1.0000000000000000E+000
4.2187500000000000E+001 2.3437500000000000E+001 5.0000000000000000E-001 1.0000000000000000E+000
4.2187500000000000E+001 2.3437500000000000E+001 1.0000000000000000E+000 1.0000000000000000E+000
4.2187500000000000E+001 2.6562500000000000E+001 0.0000000000000000E+000 1.0000000000000000E+000
4.2187500000000000E+001 2.6562500000000000E+001 5.0000000000000000E-001 1.0000000000000000E+000
4.2187500000000000E+001 2.6562500000000000E+001 1.0000000000000000E+000 1.0000000000000000E+000
4.2187500000000000E+001 2.9687500000000000E+001 0.0000000000000000E+000 1.0000000000000000E+000
4.2187500000000000E+001 2.9687500000000000E+001 5.0000000000000000E-001 1.0000000000000000E+000
4.2187500000000000E+001 2.9687500000000000E+001 1.0000000000000000E+000 1.0000000000000000E+000
4.2187500000000000E+001 3.2812500000000000E+001 0.0000000000000000E+000 1.0000000000000000E+000
4.2187500000000000E+001 3.2812500000000000E+001 5.0000000000000000E-001 1.0000000000000000E+000
4.2187500000000000E+001 3.2812500000000000E+001 1.0000000000000000E+000 1.0000000000000000E+000
4.2187500000000000E+001 3.5937500000000000E+001 0.0000000000000000E+000 1.0000000000000000E+000
4.2187500000000000E+001 3.5937500000000000E+001 5.0000000000000000E-001 1.0000000000000000E+000
4.2187500000000000E+001 3.5937500000000000E+001 1.0000000000000000E+000 1.0000000000000000E+000
4.2187500000000000E+001 3.9062500000000000E+001 0.0000000000000000E+000 1.0000000000000000E+000
4.2187500000000000E+001 3.9062500000000000E+001 5.0000000000000000E-001 1.0000000000000000E+000
4.2187500000000000E+001 3.9062500000000000E+001 1.0000000000000000E+000 1.0000000000000000E+000
4.2187500000000000E+001 4.2187500000000000E+001 0.0000000000000000E+000 1.0000000000000000E+000
4.2187500000000000E+001 4.2187500000000000E+001 5.0000000000000000E-001 1.0000000000000000E+000
4.2187500000000000E+001 4.2187500000000000E+001 1.0000000000000000E+000 1.0000000000000000E+000
4.2187500000000000E+001 4.5312500000000000E+001 0.0000000000000000E+000 1.0000000000000000E+000
4.2187500000000000E+001 4.5312500000000000E+001 5.0000000000000000E-001 1.0000000000000000E+000
4.2187500000000000E+001 4.5312500000000000E+001 1.0000000000000000E+000 1.0000000000000000E+000
4.2187500000000000E+001 4.8437500000000000E+001 0.0000000000000000E+000 1.0000000000000000E+000
4.2187500000000000E+001 4.8437500000000000E+001 5.0000000000000000E-001 1.0000000000000000E+000
4.2187500000000000E+001 4.8437500000000000E+001 1.0000000000000000E+000 1.0000000000000000E+000
4.2187500000000000E+001 5.0000000000000000E+001 0.0000000000000000E+000 1.0000000000000000E+000
4.2187500000000000E+001 5.0000000000000000E+001 5.0000000000000000E-001 1.0000000000000000E+000
4.2187500000000000E+001 5.0000000000000000E+001 1.0000000000000000E+000 1.0000000000000000E+000
4.5312500000000000E+001 0.0000000000000000E+000 0.0000000000000000E+000 1.0000000000000000E+000
4.5312500000000000E+001 0.0000000000000000E+000 5.0000000000000000E-001 1.0000000000000000E+000
4.5312500000000000E+001 0.0000000000000000E+000 1.0000000000000000E+000 1.0000000000000000E+000
4.5312500000000000E+001 1.5625000000000002E+000 0.0000000000000000E+000 1.0000000000000000E+000
4.5312500000000000E+001 1.5625000000000002E+000 5.0000000000000000E-001 1.0000000000000000E+000
4.5312500000000000E+001 1.5625000000000002E+000 1.0000000000000000E+000 1.0000000000000000E+000
4.5312500000000000E+001 4.6875000000000000E+000 0.0000000000000000E+000 1.0000000000000000E+000
4.5312500000000000E+001 4.6875000000000000E+000 5.0000000000000000E-001 1.0000000000000000E+000
4.5312500000000000E+001 4.6875000000000000E+000 1.0000000000000000E+000 1.0000000000000000E+000
4.5312500000000000E+001 7.8125000000000000E+000 0.0000000000000000E+000 1.0000000000000000E+000
4.5312500000000000E+001 7.8125000000000000E+000 5.0000000000000000E-001 1.0000000000000000E+000
4.5312500000000000E+001 7.8125000000000000E+000 1.0000000000000000E+000 1.0000000000000000E+000
4.5312500000000000E+001 1.0937500000000000E+001 0.0000000000000000E+000 1.0000000000000000E+000
4.5312500000000000E+001 1.0937500000000000E+001 5.0000000000000000E-001 1.0000000000000000E+000
4.5312500000000000E+001 1.0937500000000000E+001 1.0000000000000000E+000 1.0000000000000000E+000
4.5312500000000000E+001 1.4062500000000000E+001 0.0000000000000000E+000 1.0000000000000000E+000
4.5312500000000000E+001 1.4062500000000000E+001 5.0000000000000000E-001 1.0000000000000000E+000
4.5312500000000000E+001 1.4062500000000000E+001 1.0000000000000000E+000 1.0000000000000000E+000
4.5312500000000000E+001 1.7187500000000000E+001 0.0000000000000000E+000 1.0000000000000000E+000
4.5312500000000000E+001 1.7187500000000000E+001 5.0000000000000000E-001 1.0000000000000000E+000
4.5312500000000000E+001 1.7187500000000000E+001 1.0000000000000000E+000 1.0000000000000000E+000
4.5312500000000000E+001 2.0312500000000000E+001 0.0000000000000000E+000 1.0000000000000000E+000
4.5312500000000000E+001 2.0312500000000000E+001 5.0000000000000000E-001 1.0000000000000000E+000
4.5312500000000000E+001 2.0312500000000000E+001 1.0000000000000000E+000 1.0000000000000000E+000
4.5312500000000000E+001 2.3437500000000000E+001 0.0000000000000000E+000 1.0000000000000000E+000
4.5312500000000000E+001 2.3437500000000000E+001 5.0000000000000000E-001 1.0000000000000000E+000
4.5312500000000000E+001 2.3437500000000000E+001 1.0000000000000000E+000 1.0000000000000000E+000
4.5312500000000000E+001 2.6562500000000000E+001 0.0000000000000000E+000 1.0000000000000000E+000
4.5312500000000000E+001 2.6562500000000000E+001 5.0000000000000000E-001 1.0000000000000000E+000
4.5312500000000000E+001 2.6562500000000000E+001 1.0000000000000000E+000 1.0000000000000000E+000
4.5312500000000000E+001 2.9687500000000000E+001 0.0000000000000000E+000 1.0000000000000000E+000
4.5312500000000000E+001 2.9687500000000000E+001 5.0000000000000000E-001 1.0000000000000000E+000
4.5312500000000000E+001 2.9687500000000000E+001 1.0000000000000000E+000 1.0000000000000000E+000
4.5312500000000000E+001 3.2812500000000000E+001 0.0000000000000000E+000 1.0000000000000000E+000
4.5312500000000000E+001 3.2812500000000000E+001 5.0000000000000000E-001 1.0000000000000000E+000
4.5312500000000000E+001 3.2812500000000000E+001 1.0000000000000000E+000 1.0000000000000000E+000
4.5312500000000000E+001 3.5937500000000000E+001 0.0000000000000000E+000 1.0000000000000000E+000
4.5312500000000000E+001 3.5937500000000000E+001 5.0000000000000000E-001 1.0000000000000000E+000
4.5312500000000000E+001 3.5937500000000000E+001 1.0000000000000000E+000 1.0000000000000000E+000
4.5312500000000000E+001 3.9062500000000000E+001 0.0000000000000000E+000 1.0000000000000000E+000
4.5312500000000000E+001 3.9062500000000000E+001 5.0000000000000000E-001 1.0000000000000000E+000
4.5312500000000000E+001 3.9062500000000000E+001 1.0000000000000000E+000 1.0000000000000000E+000
4.5312500000000000E+001 4.2187500000000000E+001 0.0000000000000000E+000 1.0000000000000000E+000
4.5312500000000000E+001 4.2187500000000000E+001 5.0000000000000000E-001 1.0000000000000000E+000
4.5312500000000000E+001 4.2187500000000000E+001 1.0000000000000000E+000 1.0000000000000000E+000
4.5312500000000000E+001 4.5312500000000000E+001 0.0000000000000000E+000 1.0000000000000000E+000
4.5312500000000000E+001 4.5312500000000000E+001 5.0000000000000000E-001 1.0000000000000000E+000
4.5312500000000000E+001 4.5312500000000000E+001 1.0000000000000000E+000 1.0000000000000000E+000
4.5312500000000000E+001 4.8437500000000000E+001 0.0000000000000000E+000 1.0000000000000000E+000
4.5312500000000000E+001 4.8437500000000000E+001 5.0000000000000000E-001 1.0000000000000000E+000
4.5312500000000000E+001 4.8437500000000000E+001 1.0000000000000000E+000 1.0000000000000000E+000
4.5312500000000000E+001 5.0000000000000000E+001 0.0000000000000000E+000 1.0000000000000000E+000
4.5312500000000000E+001 5.0000000000000000E+001 5.0000000000000000E-001 1.0000000000000000E+000
4.5312500000000000E+001 5.0000000000000000E+001 1.0000000000000000E+000 1.0000000000000000E+000
4.8437500000000000E+001 0.0000000000000000E+000 0.0000000000000000E+000 1.0000000000000000E+000
4.8437500000000000E+001 0.0000000000000000E+000 5.0000000000000000E-001 1.0000000000000000E+000
4.8437500000000000E+001 0.0000000000000000E+000 1.0000000000000000E+000 1.0000000000000000E+000
4.8437500000000000E+001 1.5625000000000002E+000 0.0000000000000000E+000 1.0000000000000000E+000
4.8437500000000000E+001 1.5625000000000002E+000 5.0000000000000000E-001 1.0000000000000000E+000
4.8437500000000000E+001 1.5625000000000002E+000 1.0000000000000000E+000 1.0000000000000000E+000
4.8437500000000000E+001 4.6875000000000000E+000 0.0000000000000000E+000 1.0000000000000000E+000
4.8437500000000000E+001 4.6875000000000000E+000 5.0000000000000000E-001 1.0000000000000000E+000
4.8437500000000000E+001 4.6875000000000000E+000 1.0000000000000000E+000 1.0000000000000000E+000
4.8437500000000000E+001 7.8125000000000000E+000 0.0000000000000000E+000 1.0000000000000000E+000
4.8437500000000000E+001 7.8125000000000000E+000 5.0000000000000000E-001 1.0000000000000000E+000
4.8437500000000000E+001 7.8125000000000000E+000 1.0000000000000000E+000 1.0000000000000000E+000
4.8437500000000000E+001 1.0937500000000000E+001 0.0000000000000000E+000 1.0000000000000000E+000
4.8437500000000000E+001 1.0937500000000000E+001 5.0000000000000000E-001 1.0000000000000000E+000
4.8437500000000000E+001 1.0937500000000000E+001 1.0000000000000000E+000 1.0000000000000000E+000
4.8437500000000000E+001 1.4062500000000000E+001 0.0000000000000000E+000 1.0000000000000000E+000
4.8437500000000000E+001 1.4062500000000000E+001 5.0000000000000000E-001 1.0000000000000000E+000
4.8437500000000000E+001 1.4062500000000000E+001 1.0000000000000000E+000 1.0000000000000000E+000
4.8437500000000000E+001 1.7187500000000000E+001 0.0000000000000000E+000 1.0000000000000000E+000
4.8437500000000000E+001 1.7187500000000000E+001 5.0000000000000000E-001 1.0000000000000000E+000
4.8437500000000000E+001 1.7187500000000000E+001 1.0000000000000000E+000 1.0000000000000000E+000
4.8437500000000000E+001 2.0312500000000000E+001 0.0000000000000000E+000 1.0000000000000000E+000
4.8437500000000000E+001 2.0312500000000000E+001 5.0000000000000000E-001 1.0000000000000000E+000
4.8437500000000000E+001 2.0312500000000000E+001 1.0000000000000000E+000 1.0000000000000000E+000
4.8437500000000000E+001 2.3437500000000000E+001 0.0000000000000000E+000 1.0000000000000000E+000
4.8437500000000000E+001 2.3437500000000000E+001 5.0000000000000000E-001 1.0000000000000000E+000
4.8437500000000000E+001 2.3437500000000000E+001 1.0000000000000000E+000 1.0000000000000000E+000
4.8437500000000000E+001 2.6562500000000000E+001 0.0000000000000000E+000 1.0000000000000000E+000
4.8437500000000000E+001 2.6562500000000000E+001 5.0000000000000000E-001 1.0000000000000000E+000
4.8437500000000000E+001 2.6562500000000000E+001 1.0000000000000000E+000 1.0000000000000000E+000
4.8437500000000000E+001 2.9687500000000000E+001 0.0000000000000000E+000 1.0000000000000000E+000
4.8437500000000000E+001 2.9687500000000000E+001 5.0000000000000000E-001 1.0000000000000000E+000
4.8437500000000000E+001 2.9687500000000000E+001 1.0000000000000000E+000 1.0000000000000000E+000
4.8437500000000000E+001 3.2812500000000000E+001 0.0000000000000000E+000 1.0000000000000000E+000
4.8437500000000000E+001 3.2812500000000000E+001 5.0000000000000000E-001 1.0000000000000000E+000
4.8437500000000000E+001 3.2812500000000000E+001 1.0000000000000000E+000 1.0000000000000000E+000
4.8437500000000000E+001 3.5937500000000000E+001 0.0000000000000000E+000 1.0000000000000000E+000
4.8437500000000000E+001 3.5937500000000000E+001 5.0000000000000000E-001 1.0000000000000000E+000
4.8437500000000000E+001 3.5937500000000000E+001 1.0000000000000000E+000 1.0000000000000000E+000
4.8437500000000000E+001 3.9062500000000000E+001 0.0000000000000000E+000 1.0000000000000000E+000
4.8437500000000000E+001 3.9062500000000000E+001 5.0000000000000000E-001 1.0000000000000000E+000
4.8437500000000000E+001 3.9062500000000000E+001 1.0000000000000000E+000 1.0000000000000000E+000
4.8437500000000000E+001 4.2187500000000000E+001 0.0000000000000000E+000 1.0000000000000000E+000
4.8437500000000000E+001 4.2187500000000000E+001 5.0000000000000000E-001 1.0000000000000000E+000
4.8437500000000000E+001 4.2187500000000000E+001 1.0000000000000000E+000 1.0000000000000000E+000
4.8437500000000000E+001 4.5312500000000000E+001 0.0000000000000000E+000 1.0000000000000000E+000
4.8437500000000000E+001 4.5312500000000000E+001 5.0000000000000000E-001 1.0000000000000000E+000
4.8437500000000000E+001 4.5312500000000000E+001 1.0000000000000000E+000 1.0000000000000000E+000
4.8437500000000000E+001 4.8437500000000000E+001 0.0000000000000000E+000 1.0000000000000000E+000
4.8437500000000000E+001 4.8437500000000000E+001 5.0000000000000000E-001 1.0000000000000000E+000
4.8437500000000000E+001 4.8437500000000000E+001 1.0000000000000000E+000 1.0000000000000000E+000
4.8437500000000000E+001 5.0000000000000000E+001 0.0000000000000000E+000 1.0000000000000000E+000
4.8437500000000000E+001 5.0000000000000000E+001 5.0000000000000000E-001 1.0000000000000000E+000
4.8437500000000000E+001 5.0000000000000000E+001 1.0000000000000000E+000 1.0000000000000000E+000
5.0000000000000000E+001 0.0000000000000000E+000 0.0000000000000000E+000 1.0000000000000000E+000
5.0000000000000000E+001 0.0000000000000000E+000 5.0000000000000000E-001 1.0000000000000000E+000
5.0000000000000000E+001 0.0000000000000000E+000 1.0000000000000000E+000 1.0000000000000000E+000
5.0000000000000000E+001 1.5625000000000002E+000 0.0000000000000000E+000 1.0000000000000000E+000
5.0000000000000000E+001 1.5625000000000002E+000 5.0000000000000000E-001 1.0000000000000000E+000
5.0000000000000000E+001 1.5625000000000002E+000 1.0000000000000000E+000 1.0000000000000000E+000
5.0000000000000000E+001 4.6875000000000000E+000 0.0000000000000000E+000 1.0000000000000000E+000
5.0000000000000000E+001 4.6875000000000000E+000 5.0000000000000000E-001 1.0000000000000000E+000
5.0000000000000000E+001 4.6875000000000000E+000 1.0000000000000000E+000 1.0000000000000000E+000
5.0000000000000000E+001 7.8125000000000000E+000 0.0000000000000000E+000 1.0000000000000000E+000
5.0000000000000000E+001 7.8125000000000000E+000 5.0000000000000000E-001 1.0000000000000000E+000
5.0000000000000000E+001 7.8125000000000000E+000 1.0000000000000000E+000 1.0000000000000000E+000
5.0000000000000000E+001 1.0937500000000000E+001 0.0000000000000000E+000 1.0000000000000000E+000
5.0000000000000000E+001 1.0937500000000000E+001 5.0000000000000000E-001 1.0000000000000000E+000
5.0000000000000000E+001 1.0937500000000000E+001 1.0000000000000000E+000 1.0000000000000000E+000
5.0000000000000000E+001 1.4062500000000000E+001 0.0000000000000000E+000 1.0000000000000000E+000
5.0000000000000000E+001 1.4062500000000000E+001 5.0000000000000000E-001 1.0000000000000000E+000
5.0000000000000000E+001 1.4062500000000000E+001 1.0000000000000000E+000 1.0000000000000000E+000
5.0000000000000000E+001 1.7187500000000000E+001 0.0000000000000000E+000 1.0000000000000000E+000
5.0000000000000000E+001 1.7187500000000000E+001 5.0000000000000000E-001 1.0000000000000000E+000
5.0000000000000000E+001 1.7187500000000000E+001 1.0000000000000000E+000 1.0000000000000000E+000
5.0000000000000000E+001 2.0312500000000000E+001 0.0000000000000000E+000 1.0000000000000000E+000
5.0000000000000000E+001 2.0312500000000000E+001 5.0000000000000000E-001 1.0000000000000000E+000
5.0000000000000000E+001 2.0312500000000000E+001 1.0000000000000000E+000 1.0000000000000000E+000
5.0000000000000000E+001 2.3437500000000000E+001 0.0000000000000000E+000 1.0000000000000000E+000
5.0000000000000000E+001 2.3437500000000000E+001 5.0000000000000000E-001 1.0000000000000000E+000
5.0000000000000000E+001 2.3437500000000000E+001 1.0000000000000000E+000 1.0000000000000000E+000
5.0000000000000000E+001 2.6562500000000000E+001 0.0000000000000000E+000 1.0000000000000000E+000
5.0000000000000000E+001 2.6562500000000000E+001 5.0000000000000000E-001 1.0000000000000000E+000
5.0000000000000000E+001 2.6562500000000000E+001 1.0000000000000000E+000 1.0000000000000000E+000
5.0000000000000000E+001 2.9687500000000000E+001 0.0000000000000000E+000 1.0000000000000000E+000
5.0000000000000000E+001 2.9687500000000000E+001 5.0000000000000000E-001 1.0000000000000000E+000
5.0000000000000000E+001 2.9687500000000000E+001 1.0000000000000000E+000 1.0000000000000000E+000
5.0000000000000000E+001 3.2812500000000000E+001 0.0000000000000000E+000 1.0000000000000000E+000
5.0000000000000000E+001 3.2812500000000000E+001 5.0000000000000000E-001 1.0000000000000000E+000
5.0000000000000000E+001 3.2812500000000000E+001 1.0000000000000000E+000 1.0000000000000000E+000
5.0000000000000000E+001 3.5937500000000000E+001 0.0000000000000000E+000 1.0000000000000000E+000
5.0000000000000000E+001 3.5937500000000000E+001 5.0000000000000000E-001 1.0000000000000000E+000
5.0000000000000000E+001 3.5937500000000000E+001 1.0000000000000000E+000 1.0000000000000000E+000
5.0000000000000000E+001 3.9062500000000000E+001 0.0000000000000000E+000 1.0000000000000000E+000
5.0000000000000000E+001 3.9062500000000000E+001 5.0000000000000000E-001 1.0000000000000000E+000
5.0000000000000000E+001 3.9062500000000000E+001 1.0000000000000000E+000 1.0000000000000000E+000
5.0000000000000000E+001 4.2187500000000000E+001 0.0000000000000000E+000 1.0000000000000000E+000
5.0000000000000000E+001 4.2187500000000000E+001 5.0000000000000000E-001 1.0000000000000000E+000
5.0000000000000000E+001 4.2187500000000000E+001 1.0000000000000000E+000 1.0000000000000000E+000
5.0000000000000000E+001 4.5312500000000000E+001 0.0000000000000000E+000 1.0000000000000000E+000
5.0000000000000000E+001 4.5312500000000000E+001 5.0000000000000000E-001 1.0000000000000000E+000
5.0000000000000000E+001 4.5312500000000000E+001 1.0000000000000000E+000 1.0000000000000000E+000
5.0000000000000000E+001 4.8437500000000000E+001 0.0000000000000000E+000 1.0000000000000000E+000
5.0000000000000000E+001 4.8437500000000000E+001 5.0000000000000000E-001 1.0000000000000000E+000
5.0000000000000000E+001 4.8437500000000000E+001 1.0000000000000000E+000 1.0000000000000000E+000
5.0000000000000000E+001 5.0000000000000000E+001 0.0000000000000000E+000 1.0000000000000000E+000
5.0000000000000000E+001 5.0000000000000000E+001 5.0000000000000000E-001 1.0000000000000000E+000
5.0000000000000000E+001 5.0000000000000000E+001 1.0000000000000000E+000 1.0000000000000000E+000
 --------------------------------------------------------
*material
5
10000.0, 0.3, 1.0, 0.0, 1.0e25
!Young Modulus, Poisson coef, thickness (set to 1.0 if not used), density, Yield Stress
*bcdof   !boundary condition *38
417
1	,	1
2	,	1
3	,	1
4	,	1
5	,	1
6	,	1
7	,	1
8	,	1
9	,	1
10	,	1
11	,	1
12	,	1
13	,	1
14	,	1
15	,	1
16	,	1
17	,	1
18	,	1
19	,	1
37	,	1
55	,	1
73	,	1
91	,	1
109	,	1
127	,	1
145	,	1
163	,	1
181	,	1
199	,	1
217	,	1
235	,	1
253	,	1
271	,	1
289	,	1
307	,	1
325	,	1
326	,	1
327	,	1
328	,	1
329	,	1
330	,	1
331	,	1
332	,	1
333	,	1
334	,	1
335	,	1
336	,	1
337	,	1
338	,	1
339	,	1
340	,	1
341	,	1
342	,	1
343	,	1
361	,	1
379	,	1
397	,	1
415	,	1
433	,	1
451	,	1
469	,	1
487	,	1
505	,	1
523	,	1
541	,	1
559	,	1
577	,	1
595	,	1
613	,	1
631	,	1
649	,	1
650	,	1
651	,	1
652	,	1
653	,	1
654	,	1
655	,	1
656	,	1
657	,	1
658	,	1
659	,	1
660	,	1
661	,	1
662	,	1
663	,	1
664	,	1
665	,	1
666	,	1
667	,	1
685	,	1
703	,	1
721	,	1
739	,	1
757	,	1
775	,	1
793	,	1
811	,	1
829	,	1
847	,	1
865	,	1
883	,	1
901	,	1
919	,	1
937	,	1
955	,	1
1	,	2
2	,	2
3	,	2
4	,	2
5	,	2
6	,	2
7	,	2
8	,	2
9	,	2
10	,	2
11	,	2
12	,	2
13	,	2
14	,	2
15	,	2
16	,	2
17	,	2
18	,	2
19	,	2
37	,	2
55	,	2
73	,	2
91	,	2
109	,	2
127	,	2
145	,	2
163	,	2
181	,	2
199	,	2
217	,	2
235	,	2
253	,	2
271	,	2
289	,	2
307	,	2
325	,	2
326	,	2
327	,	2
328	,	2
329	,	2
330	,	2
331	,	2
332	,	2
333	,	2
334	,	2
335	,	2
336	,	2
337	,	2
338	,	2
339	,	2
340	,	2
341	,	2
342	,	2
343	,	2
361	,	2
379	,	2
397	,	2
415	,	2
433	,	2
451	,	2
469	,	2
487	,	2
505	,	2
523	,	2
541	,	2
559	,	2
577	,	2
595	,	2
613	,	2
631	,	2
649	,	2
650	,	2
651	,	2
652	,	2
653	,	2
654	,	2
655	,	2
656	,	2
657	,	2
658	,	2
659	,	2
660	,	2
661	,	2
662	,	2
663	,	2
664	,	2
665	,	2
666	,	2
667	,	2
685	,	2
703	,	2
721	,	2
739	,	2
757	,	2
775	,	2
793	,	2
811	,	2
829	,	2
847	,	2
865	,	2
883	,	2
901	,	2
919	,	2
937	,	2
955	,	2
1	,	3
2	,	3
3	,	3
4	,	3
5	,	3
6	,	3
7	,	3
8	,	3
9	,	3
10	,	3
11	,	3
12	,	3
13	,	3
14	,	3
15	,	3
16	,	3
17	,	3
18	,	3
19	,	3
37	,	3
55	,	3
73	,	3
91	,	3
109	,	3
127	,	3
145	,	3
163	,	3
181	,	3
199	,	3
217	,	3
235	,	3
253	,	3
271	,	3
289	,	3
307	,	3
325	,	3
326	,	3
327	,	3
328	,	3
329	,	3
330	,	3
331	,	3
332	,	3
333	,	3
334	,	3
335	,	3
336	,	3
337	,	3
338	,	3
339	,	3
340	,	3
341	,	3
342	,	3
343	,	3
361	,	3
379	,	3
397	,	3
415	,	3
433	,	3
451	,	3
469	,	3
487	,	3
505	,	3
523	,	3
541	,	3
559	,	3
577	,	3
595	,	3
613	,	3
631	,	3
649	,	3
650	,	3
651	,	3
652	,	3
653	,	3
654	,	3
655	,	3
656	,	3
657	,	3
658	,	3
659	,	3
660	,	3
661	,	3
662	,	3
663	,	3
664	,	3
665	,	3
666	,	3
667	,	3
685	,	3
703	,	3
721	,	3
739	,	3
757	,	3
775	,	3
793	,	3
811	,	3
829	,	3
847	,	3
865	,	3
883	,	3
901	,	3
919	,	3
937	,	3
955	,	3
308	,	2
309	,	2
310	,	2
311	,	2
312	,	2
313	,	2
314	,	2
315	,	2
316	,	2
317	,	2
318	,	2
319	,	2
320	,	2
321	,	2
322	,	2
323	,	2
324	,	2
632	,	2
633	,	2
634	,	2
635	,	2
636	,	2
637	,	2
638	,	2
639	,	2
640	,	2
641	,	2
642	,	2
643	,	2
644	,	2
645	,	2
646	,	2
647	,	2
648	,	2
956	,	2
957	,	2
958	,	2
959	,	2
960	,	2
961	,	2
962	,	2
963	,	2
964	,	2
965	,	2
966	,	2
967	,	2
968	,	2
969	,	2
970	,	2
971	,	2
972	,	2
36	,	1
54	,	1
72	,	1
90	,	1
108	,	1
126	,	1
144	,	1
162	,	1
180	,	1
198	,	1
216	,	1
234	,	1
252	,	1
270	,	1
288	,	1
306	,	1
324	,	1
360	,	1
378	,	1
396	,	1
414	,	1
432	,	1
450	,	1
468	,	1
486	,	1
504	,	1
522	,	1
540	,	1
558	,	1
576	,	1
594	,	1
612	,	1
630	,	1
648	,	1
684	,	1
702	,	1
720	,	1
738	,	1
756	,	1
774	,	1
792	,	1
810	,	1
828	,	1
846	,	1
864	,	1
882	,	1
900	,	1
918	,	1
936	,	1
954	,	1
972	,	1
--------------------------------------------------------
*loaddof       !load vector
1
972, 3, -4.09175
*end