!---------------------------------------------------------------------------
!
! Clamped Square Plate 2x2 mesh
!
!---------------------------------------------------------------------------
*begin
3           !problem dimension
3, 3, 3     !degree of each dimension
5, 5, 4     !control points in each direction
0, 0, 0     !open(0) or closed(1) knot vector
--------------------------------------------------------
*knots    !knot spans
0.0, 0.0, 0.0, 0.0, 0.5, 1.0, 1.0, 1.0, 1.0
0.0, 0.0, 0.0, 0.0, 0.5, 1.0, 1.0, 1.0, 1.0
0.0, 0.0, 0.0, 0.0, 1.0, 1.0, 1.0, 1.0
--------------------------------------------------------
*element
Hex64
*bnet     !nurbs control points
0.0000000000000000E+000 0.0000000000000000E+000 0.0000000000000000E+000 1.0000000000000000E+000
0.0000000000000000E+000 0.0000000000000000E+000 3.3333333333333331E-001 1.0000000000000000E+000
0.0000000000000000E+000 0.0000000000000000E+000 6.6666666666666663E-001 1.0000000000000000E+000
0.0000000000000000E+000 0.0000000000000000E+000 1.0000000000000000E+000 1.0000000000000000E+000
0.0000000000000000E+000 8.3333333333333321E+000 0.0000000000000000E+000 1.0000000000000000E+000
0.0000000000000000E+000 8.3333333333333321E+000 3.3333333333333331E-001 1.0000000000000000E+000
0.0000000000000000E+000 8.3333333333333321E+000 6.6666666666666663E-001 1.0000000000000000E+000
0.0000000000000000E+000 8.3333333333333321E+000 1.0000000000000000E+000 1.0000000000000000E+000
0.0000000000000000E+000 2.4999999999999996E+001 0.0000000000000000E+000 1.0000000000000000E+000
0.0000000000000000E+000 2.4999999999999996E+001 3.3333333333333331E-001 1.0000000000000000E+000
0.0000000000000000E+000 2.4999999999999996E+001 6.6666666666666663E-001 1.0000000000000000E+000
0.0000000000000000E+000 2.4999999999999996E+001 1.0000000000000000E+000 1.0000000000000000E+000
0.0000000000000000E+000 4.1666666666666664E+001 0.0000000000000000E+000 1.0000000000000000E+000
0.0000000000000000E+000 4.1666666666666657E+001 3.3333333333333331E-001 1.0000000000000000E+000
0.0000000000000000E+000 4.1666666666666657E+001 6.6666666666666663E-001 1.0000000000000000E+000
0.0000000000000000E+000 4.1666666666666664E+001 1.0000000000000000E+000 1.0000000000000000E+000
0.0000000000000000E+000 5.0000000000000000E+001 0.0000000000000000E+000 1.0000000000000000E+000
0.0000000000000000E+000 4.9999999999999993E+001 3.3333333333333331E-001 1.0000000000000000E+000
0.0000000000000000E+000 4.9999999999999993E+001 6.6666666666666663E-001 1.0000000000000000E+000
0.0000000000000000E+000 5.0000000000000000E+001 1.0000000000000000E+000 1.0000000000000000E+000
8.3333333333333321E+000 0.0000000000000000E+000 0.0000000000000000E+000 1.0000000000000000E+000
8.3333333333333321E+000 0.0000000000000000E+000 3.3333333333333331E-001 1.0000000000000000E+000
8.3333333333333321E+000 0.0000000000000000E+000 6.6666666666666663E-001 1.0000000000000000E+000
8.3333333333333321E+000 0.0000000000000000E+000 1.0000000000000000E+000 1.0000000000000000E+000
8.3333333333333321E+000 8.3333333333333321E+000 0.0000000000000000E+000 1.0000000000000000E+000
8.3333333333333321E+000 8.3333333333333321E+000 3.3333333333333331E-001 1.0000000000000000E+000
8.3333333333333321E+000 8.3333333333333321E+000 6.6666666666666663E-001 1.0000000000000000E+000
8.3333333333333321E+000 8.3333333333333321E+000 1.0000000000000000E+000 1.0000000000000000E+000
8.3333333333333321E+000 2.4999999999999996E+001 0.0000000000000000E+000 1.0000000000000000E+000
8.3333333333333321E+000 2.4999999999999996E+001 3.3333333333333331E-001 1.0000000000000000E+000
8.3333333333333321E+000 2.4999999999999996E+001 6.6666666666666663E-001 1.0000000000000000E+000
8.3333333333333321E+000 2.4999999999999996E+001 1.0000000000000000E+000 1.0000000000000000E+000
8.3333333333333321E+000 4.1666666666666664E+001 0.0000000000000000E+000 1.0000000000000000E+000
8.3333333333333321E+000 4.1666666666666657E+001 3.3333333333333331E-001 1.0000000000000000E+000
8.3333333333333321E+000 4.1666666666666657E+001 6.6666666666666663E-001 1.0000000000000000E+000
8.3333333333333321E+000 4.1666666666666664E+001 1.0000000000000000E+000 1.0000000000000000E+000
8.3333333333333321E+000 5.0000000000000000E+001 0.0000000000000000E+000 1.0000000000000000E+000
8.3333333333333321E+000 4.9999999999999993E+001 3.3333333333333331E-001 1.0000000000000000E+000
8.3333333333333321E+000 4.9999999999999993E+001 6.6666666666666663E-001 1.0000000000000000E+000
8.3333333333333321E+000 5.0000000000000000E+001 1.0000000000000000E+000 1.0000000000000000E+000
2.4999999999999996E+001 0.0000000000000000E+000 0.0000000000000000E+000 1.0000000000000000E+000
2.4999999999999996E+001 0.0000000000000000E+000 3.3333333333333331E-001 1.0000000000000000E+000
2.4999999999999996E+001 0.0000000000000000E+000 6.6666666666666663E-001 1.0000000000000000E+000
2.4999999999999996E+001 0.0000000000000000E+000 1.0000000000000000E+000 1.0000000000000000E+000
2.4999999999999996E+001 8.3333333333333321E+000 0.0000000000000000E+000 1.0000000000000000E+000
2.4999999999999996E+001 8.3333333333333321E+000 3.3333333333333331E-001 1.0000000000000000E+000
2.4999999999999996E+001 8.3333333333333321E+000 6.6666666666666663E-001 1.0000000000000000E+000
2.4999999999999996E+001 8.3333333333333321E+000 1.0000000000000000E+000 1.0000000000000000E+000
2.4999999999999996E+001 2.4999999999999996E+001 0.0000000000000000E+000 1.0000000000000000E+000
2.4999999999999996E+001 2.4999999999999996E+001 3.3333333333333331E-001 1.0000000000000000E+000
2.4999999999999996E+001 2.4999999999999996E+001 6.6666666666666663E-001 1.0000000000000000E+000
2.4999999999999996E+001 2.4999999999999996E+001 1.0000000000000000E+000 1.0000000000000000E+000
2.4999999999999996E+001 4.1666666666666657E+001 0.0000000000000000E+000 1.0000000000000000E+000
2.4999999999999996E+001 4.1666666666666657E+001 3.3333333333333331E-001 1.0000000000000000E+000
2.4999999999999996E+001 4.1666666666666657E+001 6.6666666666666663E-001 1.0000000000000000E+000
2.4999999999999996E+001 4.1666666666666657E+001 1.0000000000000000E+000 1.0000000000000000E+000
2.4999999999999996E+001 4.9999999999999993E+001 0.0000000000000000E+000 1.0000000000000000E+000
2.4999999999999996E+001 4.9999999999999993E+001 3.3333333333333331E-001 1.0000000000000000E+000
2.4999999999999996E+001 4.9999999999999993E+001 6.6666666666666663E-001 1.0000000000000000E+000
2.4999999999999996E+001 4.9999999999999993E+001 1.0000000000000000E+000 1.0000000000000000E+000
4.1666666666666664E+001 0.0000000000000000E+000 0.0000000000000000E+000 1.0000000000000000E+000
4.1666666666666657E+001 0.0000000000000000E+000 3.3333333333333331E-001 1.0000000000000000E+000
4.1666666666666657E+001 0.0000000000000000E+000 6.6666666666666663E-001 1.0000000000000000E+000
4.1666666666666664E+001 0.0000000000000000E+000 1.0000000000000000E+000 1.0000000000000000E+000
4.1666666666666657E+001 8.3333333333333321E+000 0.0000000000000000E+000 1.0000000000000000E+000
4.1666666666666657E+001 8.3333333333333321E+000 3.3333333333333331E-001 1.0000000000000000E+000
4.1666666666666657E+001 8.3333333333333321E+000 6.6666666666666663E-001 1.0000000000000000E+000
4.1666666666666657E+001 8.3333333333333321E+000 1.0000000000000000E+000 1.0000000000000000E+000
4.1666666666666657E+001 2.4999999999999996E+001 0.0000000000000000E+000 1.0000000000000000E+000
4.1666666666666657E+001 2.4999999999999996E+001 3.3333333333333331E-001 1.0000000000000000E+000
4.1666666666666657E+001 2.4999999999999996E+001 6.6666666666666663E-001 1.0000000000000000E+000
4.1666666666666657E+001 2.4999999999999996E+001 1.0000000000000000E+000 1.0000000000000000E+000
4.1666666666666657E+001 4.1666666666666664E+001 0.0000000000000000E+000 1.0000000000000000E+000
4.1666666666666657E+001 4.1666666666666657E+001 3.3333333333333331E-001 1.0000000000000000E+000
4.1666666666666657E+001 4.1666666666666657E+001 6.6666666666666663E-001 1.0000000000000000E+000
4.1666666666666657E+001 4.1666666666666664E+001 1.0000000000000000E+000 1.0000000000000000E+000
4.1666666666666664E+001 5.0000000000000000E+001 0.0000000000000000E+000 1.0000000000000000E+000
4.1666666666666657E+001 4.9999999999999993E+001 3.3333333333333331E-001 1.0000000000000000E+000
4.1666666666666657E+001 4.9999999999999993E+001 6.6666666666666663E-001 1.0000000000000000E+000
4.1666666666666664E+001 5.0000000000000000E+001 1.0000000000000000E+000 1.0000000000000000E+000
5.0000000000000000E+001 0.0000000000000000E+000 0.0000000000000000E+000 1.0000000000000000E+000
4.9999999999999993E+001 0.0000000000000000E+000 3.3333333333333331E-001 1.0000000000000000E+000
4.9999999999999993E+001 0.0000000000000000E+000 6.6666666666666663E-001 1.0000000000000000E+000
5.0000000000000000E+001 0.0000000000000000E+000 1.0000000000000000E+000 1.0000000000000000E+000
5.0000000000000000E+001 8.3333333333333321E+000 0.0000000000000000E+000 1.0000000000000000E+000
4.9999999999999993E+001 8.3333333333333321E+000 3.3333333333333331E-001 1.0000000000000000E+000
4.9999999999999993E+001 8.3333333333333321E+000 6.6666666666666663E-001 1.0000000000000000E+000
5.0000000000000000E+001 8.3333333333333321E+000 1.0000000000000000E+000 1.0000000000000000E+000
4.9999999999999993E+001 2.4999999999999996E+001 0.0000000000000000E+000 1.0000000000000000E+000
4.9999999999999993E+001 2.4999999999999996E+001 3.3333333333333331E-001 1.0000000000000000E+000
4.9999999999999993E+001 2.4999999999999996E+001 6.6666666666666663E-001 1.0000000000000000E+000
4.9999999999999993E+001 2.4999999999999996E+001 1.0000000000000000E+000 1.0000000000000000E+000
5.0000000000000000E+001 4.1666666666666664E+001 0.0000000000000000E+000 1.0000000000000000E+000
4.9999999999999993E+001 4.1666666666666657E+001 3.3333333333333331E-001 1.0000000000000000E+000
4.9999999999999993E+001 4.1666666666666657E+001 6.6666666666666663E-001 1.0000000000000000E+000
5.0000000000000000E+001 4.1666666666666664E+001 1.0000000000000000E+000 1.0000000000000000E+000
5.0000000000000000E+001 5.0000000000000000E+001 0.0000000000000000E+000 1.0000000000000000E+000
4.9999999999999993E+001 4.9999999999999993E+001 3.3333333333333331E-001 1.0000000000000000E+000
4.9999999999999993E+001 4.9999999999999993E+001 6.6666666666666663E-001 1.0000000000000000E+000
5.0000000000000000E+001 5.0000000000000000E+001 1.0000000000000000E+000 1.0000000000000000E+000
 --------------------------------------------------------
*material
5
1.0e4, 0.3 1.0, 1.0, 1e15
!Young Modulus, Poisson coef, thickness (set to 1.0 if not used), density, Yield Stress
*bcdof
140
1	,	1
2	,	1
3	,	1
4	,	1
5	,	1
26	,	1
27	,	1
28	,	1
29	,	1
30	,	1
51	,	1
52	,	1
53	,	1
54	,	1
55	,	1
76	,	1
77	,	1
78	,	1
79	,	1
80	,	1
6	,	1
11	,	1
16	,	1
21	,	1
31	,	1
36	,	1
41	,	1
46	,	1
56	,	1
61	,	1
66	,	1
71	,	1
81	,	1
86	,	1
91	,	1
96	,	1
1	,	2
2	,	2
3	,	2
4	,	2
5	,	2
26	,	2
27	,	2
28	,	2
29	,	2
30	,	2
51	,	2
52	,	2
53	,	2
54	,	2
55	,	2
76	,	2
77	,	2
78	,	2
79	,	2
80	,	2
6	,	2
11	,	2
16	,	2
21	,	2
31	,	2
36	,	2
41	,	2
46	,	2
56	,	2
61	,	2
66	,	2
71	,	2
81	,	2
86	,	2
91	,	2
96	,	2
1	,	3
2	,	3
3	,	3
4	,	3
5	,	3
26	,	3
27	,	3
28	,	3
29	,	3
30	,	3
51	,	3
52	,	3
53	,	3
54	,	3
55	,	3
76	,	3
77	,	3
78	,	3
79	,	3
80	,	3
6	,	3
11	,	3
16	,	3
21	,	3
31	,	3
36	,	3
41	,	3
46	,	3
56	,	3
61	,	3
66	,	3
71	,	3
81	,	3
86	,	3
91	,	3
96	,	3
10	,	1
15	,	1
20	,	1
25	,	1
35	,	1
40	,	1
45	,	1
50	,	1
60	,	1
65	,	1
70	,	1
75	,	1
85	,	1
90	,	1
95	,	1
100	,	1
22	,	2
23	,	2
24	,	2
25	,	2
47	,	2
48	,	2
49	,	2
50	,	2
72	,	2
73	,	2
74	,	2
75	,	2
97	,	2
98	,	2
99	,	2
100	,	2
*loaddof
1
100, 3, -4.09175
*end