!---------------------------------------------------------------------------
!
! Clamped Square Plate with central load (Volumetric Locking Test)
!
!---------------------------------------------------------------------------

*begin
3           !problem dimension
1, 1, 1     !degree of each dimension
9, 9, 2     !control points in each direction
0, 0, 0     !open(0) or closed(1) knot vector
--------------------------------------------------------
*knots    !knot spans
0.0 0.0 0.125 0.25 0.375 0.5 0.625 0.75 0.875 1.0 1.0
0.0 0.0 0.125 0.25 0.375 0.5 0.625 0.75 0.875 1.0 1.0
0.0, 0.0, 1.0, 1.0
--------------------------------------------------------
*element
Hex8
*bnet     !nurbs control points
0.0000000000000000E+000 0.0000000000000000E+000 0.0000000000000000E+000 1.0000000000000000E+000
0.0000000000000000E+000 0.0000000000000000E+000 1.0000000000000000E+000 1.0000000000000000E+000
0.0000000000000000E+000 6.2500000000000009E+000 0.0000000000000000E+000 1.0000000000000000E+000
0.0000000000000000E+000 6.2500000000000009E+000 1.0000000000000000E+000 1.0000000000000000E+000
0.0000000000000000E+000 1.2500000000000002E+001 0.0000000000000000E+000 1.0000000000000000E+000
0.0000000000000000E+000 1.2500000000000002E+001 1.0000000000000000E+000 1.0000000000000000E+000
0.0000000000000000E+000 1.8750000000000004E+001 0.0000000000000000E+000 1.0000000000000000E+000
0.0000000000000000E+000 1.8750000000000004E+001 1.0000000000000000E+000 1.0000000000000000E+000
0.0000000000000000E+000 2.5000000000000004E+001 0.0000000000000000E+000 1.0000000000000000E+000
0.0000000000000000E+000 2.5000000000000004E+001 1.0000000000000000E+000 1.0000000000000000E+000
0.0000000000000000E+000 3.1250000000000000E+001 0.0000000000000000E+000 1.0000000000000000E+000
0.0000000000000000E+000 3.1250000000000000E+001 1.0000000000000000E+000 1.0000000000000000E+000
0.0000000000000000E+000 3.7500000000000000E+001 0.0000000000000000E+000 1.0000000000000000E+000
0.0000000000000000E+000 3.7500000000000000E+001 1.0000000000000000E+000 1.0000000000000000E+000
0.0000000000000000E+000 4.3750000000000000E+001 0.0000000000000000E+000 1.0000000000000000E+000
0.0000000000000000E+000 4.3750000000000000E+001 1.0000000000000000E+000 1.0000000000000000E+000
0.0000000000000000E+000 5.0000000000000000E+001 0.0000000000000000E+000 1.0000000000000000E+000
0.0000000000000000E+000 5.0000000000000000E+001 1.0000000000000000E+000 1.0000000000000000E+000
6.2500000000000009E+000 0.0000000000000000E+000 0.0000000000000000E+000 1.0000000000000000E+000
6.2500000000000009E+000 0.0000000000000000E+000 1.0000000000000000E+000 1.0000000000000000E+000
6.2500000000000018E+000 6.2500000000000009E+000 0.0000000000000000E+000 1.0000000000000000E+000
6.2500000000000018E+000 6.2500000000000009E+000 1.0000000000000000E+000 1.0000000000000000E+000
6.2500000000000018E+000 1.2500000000000002E+001 0.0000000000000000E+000 1.0000000000000000E+000
6.2500000000000018E+000 1.2500000000000002E+001 1.0000000000000000E+000 1.0000000000000000E+000
6.2500000000000018E+000 1.8750000000000004E+001 0.0000000000000000E+000 1.0000000000000000E+000
6.2500000000000018E+000 1.8750000000000004E+001 1.0000000000000000E+000 1.0000000000000000E+000
6.2500000000000018E+000 2.5000000000000004E+001 0.0000000000000000E+000 1.0000000000000000E+000
6.2500000000000018E+000 2.5000000000000004E+001 1.0000000000000000E+000 1.0000000000000000E+000
6.2500000000000018E+000 3.1250000000000000E+001 0.0000000000000000E+000 1.0000000000000000E+000
6.2500000000000018E+000 3.1250000000000000E+001 1.0000000000000000E+000 1.0000000000000000E+000
6.2500000000000009E+000 3.7500000000000000E+001 0.0000000000000000E+000 1.0000000000000000E+000
6.2500000000000009E+000 3.7500000000000000E+001 1.0000000000000000E+000 1.0000000000000000E+000
6.2500000000000009E+000 4.3750000000000000E+001 0.0000000000000000E+000 1.0000000000000000E+000
6.2500000000000009E+000 4.3750000000000000E+001 1.0000000000000000E+000 1.0000000000000000E+000
6.2500000000000009E+000 5.0000000000000000E+001 0.0000000000000000E+000 1.0000000000000000E+000
6.2500000000000009E+000 5.0000000000000000E+001 1.0000000000000000E+000 1.0000000000000000E+000
1.2500000000000002E+001 0.0000000000000000E+000 0.0000000000000000E+000 1.0000000000000000E+000
1.2500000000000002E+001 0.0000000000000000E+000 1.0000000000000000E+000 1.0000000000000000E+000
1.2500000000000004E+001 6.2500000000000009E+000 0.0000000000000000E+000 1.0000000000000000E+000
1.2500000000000004E+001 6.2500000000000009E+000 1.0000000000000000E+000 1.0000000000000000E+000
1.2500000000000004E+001 1.2500000000000002E+001 0.0000000000000000E+000 1.0000000000000000E+000
1.2500000000000004E+001 1.2500000000000002E+001 1.0000000000000000E+000 1.0000000000000000E+000
1.2500000000000004E+001 1.8750000000000004E+001 0.0000000000000000E+000 1.0000000000000000E+000
1.2500000000000004E+001 1.8750000000000004E+001 1.0000000000000000E+000 1.0000000000000000E+000
1.2500000000000004E+001 2.5000000000000004E+001 0.0000000000000000E+000 1.0000000000000000E+000
1.2500000000000004E+001 2.5000000000000004E+001 1.0000000000000000E+000 1.0000000000000000E+000
1.2500000000000004E+001 3.1250000000000000E+001 0.0000000000000000E+000 1.0000000000000000E+000
1.2500000000000004E+001 3.1250000000000000E+001 1.0000000000000000E+000 1.0000000000000000E+000
1.2500000000000002E+001 3.7500000000000000E+001 0.0000000000000000E+000 1.0000000000000000E+000
1.2500000000000002E+001 3.7500000000000000E+001 1.0000000000000000E+000 1.0000000000000000E+000
1.2500000000000002E+001 4.3750000000000000E+001 0.0000000000000000E+000 1.0000000000000000E+000
1.2500000000000002E+001 4.3750000000000000E+001 1.0000000000000000E+000 1.0000000000000000E+000
1.2500000000000002E+001 5.0000000000000000E+001 0.0000000000000000E+000 1.0000000000000000E+000
1.2500000000000002E+001 5.0000000000000000E+001 1.0000000000000000E+000 1.0000000000000000E+000
1.8750000000000004E+001 0.0000000000000000E+000 0.0000000000000000E+000 1.0000000000000000E+000
1.8750000000000004E+001 0.0000000000000000E+000 1.0000000000000000E+000 1.0000000000000000E+000
1.8750000000000004E+001 6.2500000000000009E+000 0.0000000000000000E+000 1.0000000000000000E+000
1.8750000000000004E+001 6.2500000000000009E+000 1.0000000000000000E+000 1.0000000000000000E+000
1.8750000000000004E+001 1.2500000000000002E+001 0.0000000000000000E+000 1.0000000000000000E+000
1.8750000000000004E+001 1.2500000000000002E+001 1.0000000000000000E+000 1.0000000000000000E+000
1.8750000000000004E+001 1.8750000000000004E+001 0.0000000000000000E+000 1.0000000000000000E+000
1.8750000000000004E+001 1.8750000000000004E+001 1.0000000000000000E+000 1.0000000000000000E+000
1.8750000000000004E+001 2.5000000000000004E+001 0.0000000000000000E+000 1.0000000000000000E+000
1.8750000000000004E+001 2.5000000000000004E+001 1.0000000000000000E+000 1.0000000000000000E+000
1.8750000000000004E+001 3.1250000000000000E+001 0.0000000000000000E+000 1.0000000000000000E+000
1.8750000000000004E+001 3.1250000000000000E+001 1.0000000000000000E+000 1.0000000000000000E+000
1.8750000000000004E+001 3.7500000000000000E+001 0.0000000000000000E+000 1.0000000000000000E+000
1.8750000000000004E+001 3.7500000000000000E+001 1.0000000000000000E+000 1.0000000000000000E+000
1.8750000000000004E+001 4.3750000000000000E+001 0.0000000000000000E+000 1.0000000000000000E+000
1.8750000000000004E+001 4.3750000000000000E+001 1.0000000000000000E+000 1.0000000000000000E+000
1.8750000000000004E+001 5.0000000000000000E+001 0.0000000000000000E+000 1.0000000000000000E+000
1.8750000000000004E+001 5.0000000000000000E+001 1.0000000000000000E+000 1.0000000000000000E+000
2.5000000000000004E+001 0.0000000000000000E+000 0.0000000000000000E+000 1.0000000000000000E+000
2.5000000000000004E+001 0.0000000000000000E+000 1.0000000000000000E+000 1.0000000000000000E+000
2.5000000000000007E+001 6.2500000000000009E+000 0.0000000000000000E+000 1.0000000000000000E+000
2.5000000000000007E+001 6.2500000000000009E+000 1.0000000000000000E+000 1.0000000000000000E+000
2.5000000000000007E+001 1.2500000000000002E+001 0.0000000000000000E+000 1.0000000000000000E+000
2.5000000000000007E+001 1.2500000000000002E+001 1.0000000000000000E+000 1.0000000000000000E+000
2.5000000000000007E+001 1.8750000000000004E+001 0.0000000000000000E+000 1.0000000000000000E+000
2.5000000000000007E+001 1.8750000000000004E+001 1.0000000000000000E+000 1.0000000000000000E+000
2.5000000000000007E+001 2.5000000000000004E+001 0.0000000000000000E+000 1.0000000000000000E+000
2.5000000000000007E+001 2.5000000000000004E+001 1.0000000000000000E+000 1.0000000000000000E+000
2.5000000000000007E+001 3.1250000000000000E+001 0.0000000000000000E+000 1.0000000000000000E+000
2.5000000000000007E+001 3.1250000000000000E+001 1.0000000000000000E+000 1.0000000000000000E+000
2.5000000000000004E+001 3.7500000000000000E+001 0.0000000000000000E+000 1.0000000000000000E+000
2.5000000000000004E+001 3.7500000000000000E+001 1.0000000000000000E+000 1.0000000000000000E+000
2.5000000000000004E+001 4.3750000000000000E+001 0.0000000000000000E+000 1.0000000000000000E+000
2.5000000000000004E+001 4.3750000000000000E+001 1.0000000000000000E+000 1.0000000000000000E+000
2.5000000000000004E+001 5.0000000000000000E+001 0.0000000000000000E+000 1.0000000000000000E+000
2.5000000000000004E+001 5.0000000000000000E+001 1.0000000000000000E+000 1.0000000000000000E+000
3.1250000000000000E+001 0.0000000000000000E+000 0.0000000000000000E+000 1.0000000000000000E+000
3.1250000000000000E+001 0.0000000000000000E+000 1.0000000000000000E+000 1.0000000000000000E+000
3.1250000000000000E+001 6.2500000000000009E+000 0.0000000000000000E+000 1.0000000000000000E+000
3.1250000000000000E+001 6.2500000000000009E+000 1.0000000000000000E+000 1.0000000000000000E+000
3.1250000000000000E+001 1.2500000000000002E+001 0.0000000000000000E+000 1.0000000000000000E+000
3.1250000000000000E+001 1.2500000000000002E+001 1.0000000000000000E+000 1.0000000000000000E+000
3.1250000000000000E+001 1.8750000000000004E+001 0.0000000000000000E+000 1.0000000000000000E+000
3.1250000000000000E+001 1.8750000000000004E+001 1.0000000000000000E+000 1.0000000000000000E+000
3.1250000000000000E+001 2.5000000000000004E+001 0.0000000000000000E+000 1.0000000000000000E+000
3.1250000000000000E+001 2.5000000000000004E+001 1.0000000000000000E+000 1.0000000000000000E+000
3.1250000000000000E+001 3.1250000000000000E+001 0.0000000000000000E+000 1.0000000000000000E+000
3.1250000000000000E+001 3.1250000000000000E+001 1.0000000000000000E+000 1.0000000000000000E+000
3.1250000000000000E+001 3.7500000000000000E+001 0.0000000000000000E+000 1.0000000000000000E+000
3.1250000000000000E+001 3.7500000000000000E+001 1.0000000000000000E+000 1.0000000000000000E+000
3.1250000000000000E+001 4.3750000000000000E+001 0.0000000000000000E+000 1.0000000000000000E+000
3.1250000000000000E+001 4.3750000000000000E+001 1.0000000000000000E+000 1.0000000000000000E+000
3.1250000000000000E+001 5.0000000000000000E+001 0.0000000000000000E+000 1.0000000000000000E+000
3.1250000000000000E+001 5.0000000000000000E+001 1.0000000000000000E+000 1.0000000000000000E+000
3.7500000000000000E+001 0.0000000000000000E+000 0.0000000000000000E+000 1.0000000000000000E+000
3.7500000000000000E+001 0.0000000000000000E+000 1.0000000000000000E+000 1.0000000000000000E+000
3.7500000000000000E+001 6.2500000000000009E+000 0.0000000000000000E+000 1.0000000000000000E+000
3.7500000000000000E+001 6.2500000000000009E+000 1.0000000000000000E+000 1.0000000000000000E+000
3.7500000000000000E+001 1.2500000000000002E+001 0.0000000000000000E+000 1.0000000000000000E+000
3.7500000000000000E+001 1.2500000000000002E+001 1.0000000000000000E+000 1.0000000000000000E+000
3.7500000000000000E+001 1.8750000000000004E+001 0.0000000000000000E+000 1.0000000000000000E+000
3.7500000000000000E+001 1.8750000000000004E+001 1.0000000000000000E+000 1.0000000000000000E+000
3.7500000000000000E+001 2.5000000000000004E+001 0.0000000000000000E+000 1.0000000000000000E+000
3.7500000000000000E+001 2.5000000000000004E+001 1.0000000000000000E+000 1.0000000000000000E+000
3.7500000000000000E+001 3.1250000000000000E+001 0.0000000000000000E+000 1.0000000000000000E+000
3.7500000000000000E+001 3.1250000000000000E+001 1.0000000000000000E+000 1.0000000000000000E+000
3.7500000000000000E+001 3.7500000000000000E+001 0.0000000000000000E+000 1.0000000000000000E+000
3.7500000000000000E+001 3.7500000000000000E+001 1.0000000000000000E+000 1.0000000000000000E+000
3.7500000000000000E+001 4.3750000000000000E+001 0.0000000000000000E+000 1.0000000000000000E+000
3.7500000000000000E+001 4.3750000000000000E+001 1.0000000000000000E+000 1.0000000000000000E+000
3.7500000000000000E+001 5.0000000000000000E+001 0.0000000000000000E+000 1.0000000000000000E+000
3.7500000000000000E+001 5.0000000000000000E+001 1.0000000000000000E+000 1.0000000000000000E+000
4.3750000000000000E+001 0.0000000000000000E+000 0.0000000000000000E+000 1.0000000000000000E+000
4.3750000000000000E+001 0.0000000000000000E+000 1.0000000000000000E+000 1.0000000000000000E+000
4.3750000000000000E+001 6.2500000000000009E+000 0.0000000000000000E+000 1.0000000000000000E+000
4.3750000000000000E+001 6.2500000000000009E+000 1.0000000000000000E+000 1.0000000000000000E+000
4.3750000000000000E+001 1.2500000000000002E+001 0.0000000000000000E+000 1.0000000000000000E+000
4.3750000000000000E+001 1.2500000000000002E+001 1.0000000000000000E+000 1.0000000000000000E+000
4.3750000000000000E+001 1.8750000000000004E+001 0.0000000000000000E+000 1.0000000000000000E+000
4.3750000000000000E+001 1.8750000000000004E+001 1.0000000000000000E+000 1.0000000000000000E+000
4.3750000000000000E+001 2.5000000000000004E+001 0.0000000000000000E+000 1.0000000000000000E+000
4.3750000000000000E+001 2.5000000000000004E+001 1.0000000000000000E+000 1.0000000000000000E+000
4.3750000000000000E+001 3.1250000000000000E+001 0.0000000000000000E+000 1.0000000000000000E+000
4.3750000000000000E+001 3.1250000000000000E+001 1.0000000000000000E+000 1.0000000000000000E+000
4.3750000000000000E+001 3.7500000000000000E+001 0.0000000000000000E+000 1.0000000000000000E+000
4.3750000000000000E+001 3.7500000000000000E+001 1.0000000000000000E+000 1.0000000000000000E+000
4.3750000000000000E+001 4.3750000000000000E+001 0.0000000000000000E+000 1.0000000000000000E+000
4.3750000000000000E+001 4.3750000000000000E+001 1.0000000000000000E+000 1.0000000000000000E+000
4.3750000000000000E+001 5.0000000000000000E+001 0.0000000000000000E+000 1.0000000000000000E+000
4.3750000000000000E+001 5.0000000000000000E+001 1.0000000000000000E+000 1.0000000000000000E+000
5.0000000000000000E+001 0.0000000000000000E+000 0.0000000000000000E+000 1.0000000000000000E+000
5.0000000000000000E+001 0.0000000000000000E+000 1.0000000000000000E+000 1.0000000000000000E+000
5.0000000000000000E+001 6.2500000000000009E+000 0.0000000000000000E+000 1.0000000000000000E+000
5.0000000000000000E+001 6.2500000000000009E+000 1.0000000000000000E+000 1.0000000000000000E+000
5.0000000000000000E+001 1.2500000000000002E+001 0.0000000000000000E+000 1.0000000000000000E+000
5.0000000000000000E+001 1.2500000000000002E+001 1.0000000000000000E+000 1.0000000000000000E+000
5.0000000000000000E+001 1.8750000000000004E+001 0.0000000000000000E+000 1.0000000000000000E+000
5.0000000000000000E+001 1.8750000000000004E+001 1.0000000000000000E+000 1.0000000000000000E+000
5.0000000000000000E+001 2.5000000000000004E+001 0.0000000000000000E+000 1.0000000000000000E+000
5.0000000000000000E+001 2.5000000000000004E+001 1.0000000000000000E+000 1.0000000000000000E+000
5.0000000000000000E+001 3.1250000000000000E+001 0.0000000000000000E+000 1.0000000000000000E+000
5.0000000000000000E+001 3.1250000000000000E+001 1.0000000000000000E+000 1.0000000000000000E+000
5.0000000000000000E+001 3.7500000000000000E+001 0.0000000000000000E+000 1.0000000000000000E+000
5.0000000000000000E+001 3.7500000000000000E+001 1.0000000000000000E+000 1.0000000000000000E+000
5.0000000000000000E+001 4.3750000000000000E+001 0.0000000000000000E+000 1.0000000000000000E+000
5.0000000000000000E+001 4.3750000000000000E+001 1.0000000000000000E+000 1.0000000000000000E+000
5.0000000000000000E+001 5.0000000000000000E+001 0.0000000000000000E+000 1.0000000000000000E+000
5.0000000000000000E+001 5.0000000000000000E+001 1.0000000000000000E+000 1.0000000000000000E+000
 --------------------------------------------------------
*material
5
10000.0, 0.49, 1.0, 0.0, 1.0e25
!Young Modulus, Poisson coef, thickness (set to 1.0 if not used), density, Yield Stress
*bcdof   !boundary condition *38
134
1	,	1
2	,	1
3	,	1
4	,	1
5	,	1
6	,	1
7	,	1
8	,	1
9	,	1
10	,	1
19	,	1
28	,	1
37	,	1
46	,	1
55	,	1
64	,	1
73	,	1
82	,	1
83	,	1
84	,	1
85	,	1
86	,	1
87	,	1
88	,	1
89	,	1
90	,	1
91	,	1
100	,	1
109	,	1
118	,	1
127	,	1
136	,	1
145	,	1
154	,	1
1	,	2
2	,	2
3	,	2
4	,	2
5	,	2
6	,	2
7	,	2
8	,	2
9	,	2
10	,	2
19	,	2
28	,	2
37	,	2
46	,	2
55	,	2
64	,	2
73	,	2
82	,	2
83	,	2
84	,	2
85	,	2
86	,	2
87	,	2
88	,	2
89	,	2
90	,	2
91	,	2
100	,	2
109	,	2
118	,	2
127	,	2
136	,	2
145	,	2
154	,	2
1	,	3
2	,	3
3	,	3
4	,	3
5	,	3
6	,	3
7	,	3
8	,	3
9	,	3
10	,	3
19	,	3
28	,	3
37	,	3
46	,	3
55	,	3
64	,	3
73	,	3
82	,	3
83	,	3
84	,	3
85	,	3
86	,	3
87	,	3
88	,	3
89	,	3
90	,	3
91	,	3
100	,	3
109	,	3
118	,	3
127	,	3
136	,	3
145	,	3
154	,	3
74	,	2
75	,	2
76	,	2
77	,	2
78	,	2
79	,	2
80	,	2
81	,	2
155	,	2
156	,	2
157	,	2
158	,	2
159	,	2
160	,	2
161	,	2
162	,	2
18	,	1
27	,	1
36	,	1
45	,	1
54	,	1
63	,	1
72	,	1
81	,	1
99	,	1
108	,	1
117	,	1
126	,	1
135	,	1
144	,	1
153	,	1
162	,	1
--------------------------------------------------------
*loaddof       !load vector
1
162, 3, -4.09175
*end