!---------------------------------------------------------------------------
!
! Beam Benging subjected to Momentum in the tip
!
!---------------------------------------------------------------------------
*begin
3           !problem dimension
2, 2, 2     !degree of each dimension
3, 12, 3     !control points in each direction
0, 0, 0     !open(0) or closed(1) knot vector
--------------------------------------------------------
*knots    !knot spans
0.0, 0.0, 0.0, 1.0, 1.0, 1.0
0.0, 0.0, 0.0, 0.1, 0.2, 0.3, 0.4, 0.5, 0.6, 0.7, 0.8, 0.9, 1.0, 1.0, 1.0
0.0, 0.0, 0.0, 1.0, 1.0, 1.0
--------------------------------------------------------
*element
Hex27
*bnet     !nurbs control points
0.0000000000000000E+000 0.0000000000000000E+000 9.9975000000000005E+000 1.0000000000000000E+000
0.0000000000000000E+000 0.0000000000000000E+000 1.0000000000000000E+001 1.0000000000000000E+000
0.0000000000000000E+000 0.0000000000000000E+000 1.0002500000000000E+001 1.0000000000000000E+000
0.0000000000000000E+000 7.2826025346847922E-001 9.9975000000000005E+000 9.7071067811865475E-001
0.0000000000000000E+000 7.2844236405949425E-001 9.9999999999999982E+000 9.7071067811865475E-001
0.0000000000000000E+000 7.2862447465050917E-001 1.0002500000000000E+001 9.7071067811865475E-001
0.0000000000000000E+000 2.2059565364103184E+000 9.7810682371225095E+000 9.2384776310850236E-001
0.0000000000000000E+000 2.2065081634511818E+000 9.7835141156514212E+000 9.2384776310850236E-001
0.0000000000000000E+000 2.2070597904920444E+000 9.7859599941803346E+000 9.2384776310850236E-001
0.0000000000000000E+000 3.6977403893574055E+000 9.3225257560025803E+000 8.8870057685088799E-001
0.0000000000000000E+000 3.6986650556213112E+000 9.3248569702451416E+000 8.8870057685088799E-001
0.0000000000000000E+000 3.6995897218852165E+000 9.3271881844877012E+000 8.8870057685088799E-001
0.0000000000000000E+000 5.1447323394892184E+000 8.6109949541397768E+000 8.6526911934581185E-001
0.0000000000000000E+000 5.1460188442002694E+000 8.6131482412000775E+000 8.6526911934581185E-001
0.0000000000000000E+000 5.1473053489113187E+000 8.6153015282603764E+000 8.6526911934581185E-001
0.0000000000000000E+000 6.4836600538950115E+000 7.6549400359300064E+000 8.5355339059327373E-001
0.0000000000000000E+000 6.4852813742385713E+000 7.6568542494923806E+000 8.5355339059327373E-001
0.0000000000000000E+000 6.4869026945821311E+000 7.6587684630547539E+000 8.5355339059327373E-001
0.0000000000000000E+000 7.6549400359300064E+000 6.4836600538950098E+000 8.5355339059327384E-001
0.0000000000000000E+000 7.6568542494923797E+000 6.4852813742385695E+000 8.5355339059327384E-001
0.0000000000000000E+000 7.6587684630547530E+000 6.4869026945821302E+000 8.5355339059327384E-001
0.0000000000000000E+000 8.6109949541397768E+000 5.1447323394892184E+000 8.6526911934581185E-001
0.0000000000000000E+000 8.6131482412000775E+000 5.1460188442002694E+000 8.6526911934581185E-001
0.0000000000000000E+000 8.6153015282603764E+000 5.1473053489113179E+000 8.6526911934581185E-001
0.0000000000000000E+000 9.3225257560025803E+000 3.6977403893574055E+000 8.8870057685088799E-001
0.0000000000000000E+000 9.3248569702451416E+000 3.6986650556213108E+000 8.8870057685088799E-001
0.0000000000000000E+000 9.3271881844877012E+000 3.6995897218852161E+000 8.8870057685088799E-001
0.0000000000000000E+000 9.7810682371225113E+000 2.2059565364103184E+000 9.2384776310850225E-001
0.0000000000000000E+000 9.7835141156514247E+000 2.2065081634511814E+000 9.2384776310850225E-001
0.0000000000000000E+000 9.7859599941803346E+000 2.2070597904920435E+000 9.2384776310850225E-001
0.0000000000000000E+000 9.9974999999999987E+000 7.2826025346847900E-001 9.7071067811865475E-001
0.0000000000000000E+000 1.0000000000000000E+001 7.2844236405949392E-001 9.7071067811865475E-001
0.0000000000000000E+000 1.0002500000000000E+001 7.2862447465050872E-001 9.7071067811865475E-001
0.0000000000000000E+000 9.9975000000000005E+000 0.0000000000000000E+000 1.0000000000000000E+000
0.0000000000000000E+000 1.0000000000000000E+001 0.0000000000000000E+000 1.0000000000000000E+000
0.0000000000000000E+000 1.0002500000000000E+001 0.0000000000000000E+000 1.0000000000000000E+000
5.0000000000000000E-001 0.0000000000000000E+000 9.9975000000000005E+000 1.0000000000000000E+000
5.0000000000000000E-001 0.0000000000000000E+000 1.0000000000000000E+001 1.0000000000000000E+000
5.0000000000000000E-001 0.0000000000000000E+000 1.0002500000000000E+001 1.0000000000000000E+000
5.0000000000000000E-001 7.2826025346847922E-001 9.9975000000000005E+000 9.7071067811865475E-001
5.0000000000000000E-001 7.2844236405949425E-001 9.9999999999999982E+000 9.7071067811865475E-001
5.0000000000000000E-001 7.2862447465050917E-001 1.0002500000000000E+001 9.7071067811865475E-001
5.0000000000000000E-001 2.2059565364103184E+000 9.7810682371225095E+000 9.2384776310850236E-001
5.0000000000000000E-001 2.2065081634511818E+000 9.7835141156514212E+000 9.2384776310850236E-001
5.0000000000000000E-001 2.2070597904920444E+000 9.7859599941803346E+000 9.2384776310850236E-001
5.0000000000000000E-001 3.6977403893574055E+000 9.3225257560025803E+000 8.8870057685088799E-001
5.0000000000000000E-001 3.6986650556213112E+000 9.3248569702451416E+000 8.8870057685088799E-001
5.0000000000000000E-001 3.6995897218852165E+000 9.3271881844877012E+000 8.8870057685088799E-001
5.0000000000000000E-001 5.1447323394892184E+000 8.6109949541397768E+000 8.6526911934581185E-001
5.0000000000000000E-001 5.1460188442002694E+000 8.6131482412000775E+000 8.6526911934581185E-001
5.0000000000000000E-001 5.1473053489113187E+000 8.6153015282603764E+000 8.6526911934581185E-001
5.0000000000000000E-001 6.4836600538950115E+000 7.6549400359300064E+000 8.5355339059327373E-001
5.0000000000000000E-001 6.4852813742385713E+000 7.6568542494923806E+000 8.5355339059327373E-001
5.0000000000000000E-001 6.4869026945821311E+000 7.6587684630547539E+000 8.5355339059327373E-001
5.0000000000000000E-001 7.6549400359300064E+000 6.4836600538950098E+000 8.5355339059327384E-001
5.0000000000000000E-001 7.6568542494923797E+000 6.4852813742385695E+000 8.5355339059327384E-001
5.0000000000000000E-001 7.6587684630547530E+000 6.4869026945821302E+000 8.5355339059327384E-001
5.0000000000000000E-001 8.6109949541397768E+000 5.1447323394892184E+000 8.6526911934581185E-001
5.0000000000000000E-001 8.6131482412000775E+000 5.1460188442002694E+000 8.6526911934581185E-001
5.0000000000000000E-001 8.6153015282603764E+000 5.1473053489113179E+000 8.6526911934581185E-001
5.0000000000000000E-001 9.3225257560025803E+000 3.6977403893574055E+000 8.8870057685088799E-001
5.0000000000000000E-001 9.3248569702451416E+000 3.6986650556213108E+000 8.8870057685088799E-001
5.0000000000000000E-001 9.3271881844877012E+000 3.6995897218852161E+000 8.8870057685088799E-001
5.0000000000000000E-001 9.7810682371225113E+000 2.2059565364103184E+000 9.2384776310850225E-001
5.0000000000000000E-001 9.7835141156514247E+000 2.2065081634511814E+000 9.2384776310850225E-001
5.0000000000000000E-001 9.7859599941803346E+000 2.2070597904920435E+000 9.2384776310850225E-001
5.0000000000000000E-001 9.9974999999999987E+000 7.2826025346847900E-001 9.7071067811865475E-001
5.0000000000000000E-001 1.0000000000000000E+001 7.2844236405949392E-001 9.7071067811865475E-001
5.0000000000000000E-001 1.0002500000000000E+001 7.2862447465050872E-001 9.7071067811865475E-001
5.0000000000000000E-001 9.9975000000000005E+000 0.0000000000000000E+000 1.0000000000000000E+000
5.0000000000000000E-001 1.0000000000000000E+001 0.0000000000000000E+000 1.0000000000000000E+000
5.0000000000000000E-001 1.0002500000000000E+001 0.0000000000000000E+000 1.0000000000000000E+000
1.0000000000000000E+000 0.0000000000000000E+000 9.9975000000000005E+000 1.0000000000000000E+000
1.0000000000000000E+000 0.0000000000000000E+000 1.0000000000000000E+001 1.0000000000000000E+000
1.0000000000000000E+000 0.0000000000000000E+000 1.0002500000000000E+001 1.0000000000000000E+000
1.0000000000000000E+000 7.2826025346847922E-001 9.9975000000000005E+000 9.7071067811865475E-001
1.0000000000000000E+000 7.2844236405949425E-001 9.9999999999999982E+000 9.7071067811865475E-001
1.0000000000000000E+000 7.2862447465050917E-001 1.0002500000000000E+001 9.7071067811865475E-001
1.0000000000000000E+000 2.2059565364103184E+000 9.7810682371225095E+000 9.2384776310850236E-001
1.0000000000000000E+000 2.2065081634511818E+000 9.7835141156514212E+000 9.2384776310850236E-001
1.0000000000000000E+000 2.2070597904920444E+000 9.7859599941803346E+000 9.2384776310850236E-001
1.0000000000000000E+000 3.6977403893574055E+000 9.3225257560025803E+000 8.8870057685088799E-001
1.0000000000000000E+000 3.6986650556213112E+000 9.3248569702451416E+000 8.8870057685088799E-001
1.0000000000000000E+000 3.6995897218852165E+000 9.3271881844877012E+000 8.8870057685088799E-001
1.0000000000000000E+000 5.1447323394892184E+000 8.6109949541397768E+000 8.6526911934581185E-001
1.0000000000000000E+000 5.1460188442002694E+000 8.6131482412000775E+000 8.6526911934581185E-001
1.0000000000000000E+000 5.1473053489113187E+000 8.6153015282603764E+000 8.6526911934581185E-001
1.0000000000000000E+000 6.4836600538950115E+000 7.6549400359300064E+000 8.5355339059327373E-001
1.0000000000000000E+000 6.4852813742385713E+000 7.6568542494923806E+000 8.5355339059327373E-001
1.0000000000000000E+000 6.4869026945821311E+000 7.6587684630547539E+000 8.5355339059327373E-001
1.0000000000000000E+000 7.6549400359300064E+000 6.4836600538950098E+000 8.5355339059327384E-001
1.0000000000000000E+000 7.6568542494923797E+000 6.4852813742385695E+000 8.5355339059327384E-001
1.0000000000000000E+000 7.6587684630547530E+000 6.4869026945821302E+000 8.5355339059327384E-001
1.0000000000000000E+000 8.6109949541397768E+000 5.1447323394892184E+000 8.6526911934581185E-001
1.0000000000000000E+000 8.6131482412000775E+000 5.1460188442002694E+000 8.6526911934581185E-001
1.0000000000000000E+000 8.6153015282603764E+000 5.1473053489113179E+000 8.6526911934581185E-001
1.0000000000000000E+000 9.3225257560025803E+000 3.6977403893574055E+000 8.8870057685088799E-001
1.0000000000000000E+000 9.3248569702451416E+000 3.6986650556213108E+000 8.8870057685088799E-001
1.0000000000000000E+000 9.3271881844877012E+000 3.6995897218852161E+000 8.8870057685088799E-001
1.0000000000000000E+000 9.7810682371225113E+000 2.2059565364103184E+000 9.2384776310850225E-001
1.0000000000000000E+000 9.7835141156514247E+000 2.2065081634511814E+000 9.2384776310850225E-001
1.0000000000000000E+000 9.7859599941803346E+000 2.2070597904920435E+000 9.2384776310850225E-001
1.0000000000000000E+000 9.9974999999999987E+000 7.2826025346847900E-001 9.7071067811865475E-001
1.0000000000000000E+000 1.0000000000000000E+001 7.2844236405949392E-001 9.7071067811865475E-001
1.0000000000000000E+000 1.0002500000000000E+001 7.2862447465050872E-001 9.7071067811865475E-001
1.0000000000000000E+000 9.9975000000000005E+000 0.0000000000000000E+000 1.0000000000000000E+000
1.0000000000000000E+000 1.0000000000000000E+001 0.0000000000000000E+000 1.0000000000000000E+000
1.0000000000000000E+000 1.0002500000000000E+001 0.0000000000000000E+000 1.0000000000000000E+000
 --------------------------------------------------------
*material
5
1000.0, 0.0, 1.0, 0.0, 1.0e25
!Young Modulus, Poisson coef, thickness (set to 1.0 if not used), density, Yield Stress
*bcdof   !boundary condition *38
27
1	,	1
2	,	1
3	,	1
37	,	1
38	,	1
39	,	1
73	,	1
74	,	1
75	,	1
1	,	2
2	,	2
3	,	2
37	,	2
38	,	2
39	,	2
73	,	2
74	,	2
75	,	2
1	,	3
2	,	3
3	,	3
37	,	3
38	,	3
39	,	3
73	,	3
74	,	3
75	,	3
--------------------------------------------------------
*loaddof       !load vector
3
106, 2, -4.16666667E-09
107, 2, -4.16666667E-09
108, 2, -4.16666667E-09
*end