!---------------------------------------------------------------------------
!
! Beam Benging subjected to Momentum in the tip
!
!---------------------------------------------------------------------------
*begin
3           !problem dimension
2, 2, 2     !degree of each dimension
3, 12, 3     !control points in each direction
0, 0, 0     !open(0) or closed(1) knot vector
--------------------------------------------------------
*knots    !knot spans
0.0, 0.0, 0.0, 1.0, 1.0, 1.0
0.0, 0.0, 0.0, 0.1, 0.2, 0.3, 0.4, 0.5, 0.6, 0.7, 0.8, 0.9, 1.0, 1.0, 1.0
0.0, 0.0, 0.0, 1.0, 1.0, 1.0
--------------------------------------------------------
*element
Hex27
*bnet     !nurbs control points
0.0000000000000000E+000 0.0000000000000000E+000 9.7500000000000000E+000 1.0000000000000000E+000
0.0000000000000000E+000 0.0000000000000000E+000 1.0000000000000000E+001 1.0000000000000000E+000
0.0000000000000000E+000 0.0000000000000000E+000 1.0250000000000000E+001 1.0000000000000000E+000
0.0000000000000000E+000 7.1023130495800701E-001 9.7500000000000000E+000 9.7071067811865475E-001
0.0000000000000000E+000 7.2844236405949425E-001 9.9999999999999982E+000 9.7071067811865475E-001
0.0000000000000000E+000 7.4665342316098160E-001 1.0250000000000002E+001 9.7071067811865475E-001
0.0000000000000000E+000 2.1513454593649022E+000 9.5389262627601354E+000 9.2384776310850236E-001
0.0000000000000000E+000 2.2065081634511818E+000 9.7835141156514212E+000 9.2384776310850236E-001
0.0000000000000000E+000 2.2616708675374615E+000 1.0028101968542709E+001 9.2384776310850236E-001
0.0000000000000000E+000 3.6061984292307785E+000 9.0917355459890139E+000 8.8870057685088799E-001
0.0000000000000000E+000 3.6986650556213112E+000 9.3248569702451416E+000 8.8870057685088799E-001
0.0000000000000000E+000 3.7911316820118439E+000 9.5579783945012711E+000 8.8870057685088799E-001
0.0000000000000000E+000 5.0173683730952625E+000 8.3978195351700755E+000 8.6526911934581185E-001
0.0000000000000000E+000 5.1460188442002694E+000 8.6131482412000775E+000 8.6526911934581185E-001
0.0000000000000000E+000 5.2746693153052755E+000 8.8284769472300795E+000 8.6526911934581185E-001
0.0000000000000000E+000 6.3231493398826064E+000 7.4654328932550715E+000 8.5355339059327373E-001
0.0000000000000000E+000 6.4852813742385713E+000 7.6568542494923806E+000 8.5355339059327373E-001
0.0000000000000000E+000 6.6474134085945344E+000 7.8482756057296905E+000 8.5355339059327373E-001
0.0000000000000000E+000 7.4654328932550698E+000 6.3231493398826064E+000 8.5355339059327384E-001
0.0000000000000000E+000 7.6568542494923797E+000 6.4852813742385695E+000 8.5355339059327384E-001
0.0000000000000000E+000 7.8482756057296879E+000 6.6474134085945336E+000 8.5355339059327384E-001
0.0000000000000000E+000 8.3978195351700737E+000 5.0173683730952625E+000 8.6526911934581185E-001
0.0000000000000000E+000 8.6131482412000775E+000 5.1460188442002694E+000 8.6526911934581185E-001
0.0000000000000000E+000 8.8284769472300777E+000 5.2746693153052737E+000 8.6526911934581185E-001
0.0000000000000000E+000 9.0917355459890103E+000 3.6061984292307780E+000 8.8870057685088799E-001
0.0000000000000000E+000 9.3248569702451416E+000 3.6986650556213108E+000 8.8870057685088799E-001
0.0000000000000000E+000 9.5579783945012675E+000 3.7911316820118435E+000 8.8870057685088799E-001
0.0000000000000000E+000 9.5389262627601372E+000 2.1513454593649017E+000 9.2384776310850225E-001
0.0000000000000000E+000 9.7835141156514247E+000 2.2065081634511814E+000 9.2384776310850225E-001
0.0000000000000000E+000 1.0028101968542707E+001 2.2616708675374602E+000 9.2384776310850225E-001
0.0000000000000000E+000 9.7500000000000000E+000 7.1023130495800668E-001 9.7071067811865475E-001
0.0000000000000000E+000 1.0000000000000000E+001 7.2844236405949392E-001 9.7071067811865475E-001
0.0000000000000000E+000 1.0250000000000000E+001 7.4665342316098127E-001 9.7071067811865475E-001
0.0000000000000000E+000 9.7500000000000000E+000 0.0000000000000000E+000 1.0000000000000000E+000
0.0000000000000000E+000 1.0000000000000000E+001 0.0000000000000000E+000 1.0000000000000000E+000
0.0000000000000000E+000 1.0250000000000000E+001 0.0000000000000000E+000 1.0000000000000000E+000
5.0000000000000000E-001 0.0000000000000000E+000 9.7500000000000000E+000 1.0000000000000000E+000
5.0000000000000000E-001 0.0000000000000000E+000 1.0000000000000000E+001 1.0000000000000000E+000
5.0000000000000000E-001 0.0000000000000000E+000 1.0250000000000000E+001 1.0000000000000000E+000
5.0000000000000000E-001 7.1023130495800701E-001 9.7500000000000000E+000 9.7071067811865475E-001
5.0000000000000000E-001 7.2844236405949425E-001 9.9999999999999982E+000 9.7071067811865475E-001
5.0000000000000000E-001 7.4665342316098160E-001 1.0250000000000002E+001 9.7071067811865475E-001
5.0000000000000000E-001 2.1513454593649022E+000 9.5389262627601354E+000 9.2384776310850236E-001
5.0000000000000000E-001 2.2065081634511818E+000 9.7835141156514212E+000 9.2384776310850236E-001
5.0000000000000000E-001 2.2616708675374615E+000 1.0028101968542709E+001 9.2384776310850236E-001
5.0000000000000000E-001 3.6061984292307785E+000 9.0917355459890139E+000 8.8870057685088799E-001
5.0000000000000000E-001 3.6986650556213112E+000 9.3248569702451416E+000 8.8870057685088799E-001
5.0000000000000000E-001 3.7911316820118439E+000 9.5579783945012711E+000 8.8870057685088799E-001
5.0000000000000000E-001 5.0173683730952625E+000 8.3978195351700755E+000 8.6526911934581185E-001
5.0000000000000000E-001 5.1460188442002694E+000 8.6131482412000775E+000 8.6526911934581185E-001
5.0000000000000000E-001 5.2746693153052755E+000 8.8284769472300795E+000 8.6526911934581185E-001
5.0000000000000000E-001 6.3231493398826064E+000 7.4654328932550715E+000 8.5355339059327373E-001
5.0000000000000000E-001 6.4852813742385713E+000 7.6568542494923806E+000 8.5355339059327373E-001
5.0000000000000000E-001 6.6474134085945344E+000 7.8482756057296905E+000 8.5355339059327373E-001
5.0000000000000000E-001 7.4654328932550698E+000 6.3231493398826064E+000 8.5355339059327384E-001
5.0000000000000000E-001 7.6568542494923797E+000 6.4852813742385695E+000 8.5355339059327384E-001
5.0000000000000000E-001 7.8482756057296879E+000 6.6474134085945336E+000 8.5355339059327384E-001
5.0000000000000000E-001 8.3978195351700737E+000 5.0173683730952625E+000 8.6526911934581185E-001
5.0000000000000000E-001 8.6131482412000775E+000 5.1460188442002694E+000 8.6526911934581185E-001
5.0000000000000000E-001 8.8284769472300777E+000 5.2746693153052737E+000 8.6526911934581185E-001
5.0000000000000000E-001 9.0917355459890103E+000 3.6061984292307780E+000 8.8870057685088799E-001
5.0000000000000000E-001 9.3248569702451416E+000 3.6986650556213108E+000 8.8870057685088799E-001
5.0000000000000000E-001 9.5579783945012675E+000 3.7911316820118435E+000 8.8870057685088799E-001
5.0000000000000000E-001 9.5389262627601372E+000 2.1513454593649017E+000 9.2384776310850225E-001
5.0000000000000000E-001 9.7835141156514247E+000 2.2065081634511814E+000 9.2384776310850225E-001
5.0000000000000000E-001 1.0028101968542707E+001 2.2616708675374602E+000 9.2384776310850225E-001
5.0000000000000000E-001 9.7500000000000000E+000 7.1023130495800668E-001 9.7071067811865475E-001
5.0000000000000000E-001 1.0000000000000000E+001 7.2844236405949392E-001 9.7071067811865475E-001
5.0000000000000000E-001 1.0250000000000000E+001 7.4665342316098127E-001 9.7071067811865475E-001
5.0000000000000000E-001 9.7500000000000000E+000 0.0000000000000000E+000 1.0000000000000000E+000
5.0000000000000000E-001 1.0000000000000000E+001 0.0000000000000000E+000 1.0000000000000000E+000
5.0000000000000000E-001 1.0250000000000000E+001 0.0000000000000000E+000 1.0000000000000000E+000
1.0000000000000000E+000 0.0000000000000000E+000 9.7500000000000000E+000 1.0000000000000000E+000
1.0000000000000000E+000 0.0000000000000000E+000 1.0000000000000000E+001 1.0000000000000000E+000
1.0000000000000000E+000 0.0000000000000000E+000 1.0250000000000000E+001 1.0000000000000000E+000
1.0000000000000000E+000 7.1023130495800701E-001 9.7500000000000000E+000 9.7071067811865475E-001
1.0000000000000000E+000 7.2844236405949425E-001 9.9999999999999982E+000 9.7071067811865475E-001
1.0000000000000000E+000 7.4665342316098160E-001 1.0250000000000002E+001 9.7071067811865475E-001
1.0000000000000000E+000 2.1513454593649022E+000 9.5389262627601354E+000 9.2384776310850236E-001
1.0000000000000000E+000 2.2065081634511818E+000 9.7835141156514212E+000 9.2384776310850236E-001
1.0000000000000000E+000 2.2616708675374615E+000 1.0028101968542709E+001 9.2384776310850236E-001
1.0000000000000000E+000 3.6061984292307785E+000 9.0917355459890139E+000 8.8870057685088799E-001
1.0000000000000000E+000 3.6986650556213112E+000 9.3248569702451416E+000 8.8870057685088799E-001
1.0000000000000000E+000 3.7911316820118439E+000 9.5579783945012711E+000 8.8870057685088799E-001
1.0000000000000000E+000 5.0173683730952625E+000 8.3978195351700755E+000 8.6526911934581185E-001
1.0000000000000000E+000 5.1460188442002694E+000 8.6131482412000775E+000 8.6526911934581185E-001
1.0000000000000000E+000 5.2746693153052755E+000 8.8284769472300795E+000 8.6526911934581185E-001
1.0000000000000000E+000 6.3231493398826064E+000 7.4654328932550715E+000 8.5355339059327373E-001
1.0000000000000000E+000 6.4852813742385713E+000 7.6568542494923806E+000 8.5355339059327373E-001
1.0000000000000000E+000 6.6474134085945344E+000 7.8482756057296905E+000 8.5355339059327373E-001
1.0000000000000000E+000 7.4654328932550698E+000 6.3231493398826064E+000 8.5355339059327384E-001
1.0000000000000000E+000 7.6568542494923797E+000 6.4852813742385695E+000 8.5355339059327384E-001
1.0000000000000000E+000 7.8482756057296879E+000 6.6474134085945336E+000 8.5355339059327384E-001
1.0000000000000000E+000 8.3978195351700737E+000 5.0173683730952625E+000 8.6526911934581185E-001
1.0000000000000000E+000 8.6131482412000775E+000 5.1460188442002694E+000 8.6526911934581185E-001
1.0000000000000000E+000 8.8284769472300777E+000 5.2746693153052737E+000 8.6526911934581185E-001
1.0000000000000000E+000 9.0917355459890103E+000 3.6061984292307780E+000 8.8870057685088799E-001
1.0000000000000000E+000 9.3248569702451416E+000 3.6986650556213108E+000 8.8870057685088799E-001
1.0000000000000000E+000 9.5579783945012675E+000 3.7911316820118435E+000 8.8870057685088799E-001
1.0000000000000000E+000 9.5389262627601372E+000 2.1513454593649017E+000 9.2384776310850225E-001
1.0000000000000000E+000 9.7835141156514247E+000 2.2065081634511814E+000 9.2384776310850225E-001
1.0000000000000000E+000 1.0028101968542707E+001 2.2616708675374602E+000 9.2384776310850225E-001
1.0000000000000000E+000 9.7500000000000000E+000 7.1023130495800668E-001 9.7071067811865475E-001
1.0000000000000000E+000 1.0000000000000000E+001 7.2844236405949392E-001 9.7071067811865475E-001
1.0000000000000000E+000 1.0250000000000000E+001 7.4665342316098127E-001 9.7071067811865475E-001
1.0000000000000000E+000 9.7500000000000000E+000 0.0000000000000000E+000 1.0000000000000000E+000
1.0000000000000000E+000 1.0000000000000000E+001 0.0000000000000000E+000 1.0000000000000000E+000
1.0000000000000000E+000 1.0250000000000000E+001 0.0000000000000000E+000 1.0000000000000000E+000
 --------------------------------------------------------
*material
5
1000.0, 0.0, 1.0, 0.0, 1.0e25
!Young Modulus, Poisson coef, thickness (set to 1.0 if not used), density, Yield Stress
*bcdof   !boundary condition *38
27
1	,	1
2	,	1
3	,	1
37	,	1
38	,	1
39	,	1
73	,	1
74	,	1
75	,	1
1	,	2
2	,	2
3	,	2
37	,	2
38	,	2
39	,	2
73	,	2
74	,	2
75	,	2
1	,	3
2	,	3
3	,	3
37	,	3
38	,	3
39	,	3
73	,	3
74	,	3
75	,	3
--------------------------------------------------------
*loaddof       !load vector
3
106, 2, -4.16666667E-03
107, 2, -4.16666667E-03
108, 2, -4.16666667E-03
*end