!---------------------------------------------------------------------------
!
! Beam Benging subjected to Momentum in the tip
!
!---------------------------------------------------------------------------

*begin
3           !problem dimension
2, 2, 2     !degree of each dimension
3, 10, 3     !control points in each direction
0, 0, 0     !open(0) or closed(1) knot vector
--------------------------------------------------------
*knots    !knot spans
0.0, 0.0, 0.0, 1.0, 1.0, 1.0
0.0, 0.0, 0.0, 0.125, 0.25, 0.375, 0.5, 0.625, 0.75, 0.875, 1.0, 1.0, 1.0
0.0, 0.0, 0.0, 1.0, 1.0, 1.0
--------------------------------------------------------
*element
Hex27ANS
*bnet     !nurbs control points
1.0000000000000000E+000 0.0000000000000000E+000 9.5000000000000000E+000 1.0000000000000000E+000
1.0000000000000000E+000 0.0000000000000000E+000 1.0000000000000000E+001 1.0000000000000000E+000
1.0000000000000000E+000 0.0000000000000000E+000 1.0500000000000000E+001 1.0000000000000000E+000
1.0000000000000000E+000 8.7160001956505984E-001 9.5000000000000000E+000 9.6338834764831849E-001
1.0000000000000000E+000 9.1747370480532620E-001 1.0000000000000000E+001 9.6338834764831849E-001
1.0000000000000000E+000 9.6334739004559256E-001 1.0500000000000000E+001 9.6338834764831849E-001
1.0000000000000000E+000 2.6375069780349363E+000 9.1732146180016620E+000 9.0847086912079611E-001
1.0000000000000000E+000 2.7763231347736173E+000 9.6560153873701715E+000 9.0847086912079611E-001
1.0000000000000000E+000 2.9151392915122978E+000 1.0138816156738681E+001 9.0847086912079611E-001
1.0000000000000000E+000 4.3923806569343462E+000 8.4784761313868682E+000 8.7185921676911449E-001
1.0000000000000000E+000 4.6235585862466806E+000 8.9247117172493375E+000 8.7185921676911449E-001
1.0000000000000000E+000 4.8547365155590141E+000 9.3709473031118034E+000 8.7185921676911449E-001
1.0000000000000000E+000 6.0218930265902513E+000 7.4131358159541501E+000 8.5355339059327373E-001
1.0000000000000000E+000 6.3388347648318444E+000 7.8033008588991066E+000 8.5355339059327373E-001
1.0000000000000000E+000 6.6557765030734366E+000 8.1934659018440623E+000 8.5355339059327373E-001
1.0000000000000000E+000 7.4131358159541501E+000 6.0218930265902513E+000 8.5355339059327373E-001
1.0000000000000000E+000 7.8033008588991066E+000 6.3388347648318444E+000 8.5355339059327373E-001
1.0000000000000000E+000 8.1934659018440623E+000 6.6557765030734366E+000 8.5355339059327373E-001
1.0000000000000000E+000 8.4784761313868682E+000 4.3923806569343462E+000 8.7185921676911460E-001
1.0000000000000000E+000 8.9247117172493358E+000 4.6235585862466806E+000 8.7185921676911460E-001
1.0000000000000000E+000 9.3709473031118016E+000 4.8547365155590141E+000 8.7185921676911460E-001
1.0000000000000000E+000 9.1732146180016620E+000 2.6375069780349363E+000 9.0847086912079611E-001
1.0000000000000000E+000 9.6560153873701715E+000 2.7763231347736173E+000 9.0847086912079611E-001
1.0000000000000000E+000 1.0138816156738681E+001 2.9151392915122978E+000 9.0847086912079611E-001
1.0000000000000000E+000 9.5000000000000000E+000 8.7160001956505984E-001 9.6338834764831849E-001
1.0000000000000000E+000 1.0000000000000000E+001 9.1747370480532620E-001 9.6338834764831849E-001
1.0000000000000000E+000 1.0500000000000000E+001 9.6334739004559256E-001 9.6338834764831849E-001
1.0000000000000000E+000 9.5000000000000000E+000 0.0000000000000000E+000 1.0000000000000000E+000
1.0000000000000000E+000 1.0000000000000000E+001 0.0000000000000000E+000 1.0000000000000000E+000
1.0000000000000000E+000 1.0500000000000000E+001 0.0000000000000000E+000 1.0000000000000000E+000
5.0000000000000000E-001 0.0000000000000000E+000 9.5000000000000000E+000 1.0000000000000000E+000
5.0000000000000000E-001 0.0000000000000000E+000 1.0000000000000000E+001 1.0000000000000000E+000
5.0000000000000000E-001 0.0000000000000000E+000 1.0500000000000000E+001 1.0000000000000000E+000
5.0000000000000000E-001 8.7160001956505984E-001 9.5000000000000000E+000 9.6338834764831849E-001
5.0000000000000000E-001 9.1747370480532620E-001 1.0000000000000000E+001 9.6338834764831849E-001
5.0000000000000000E-001 9.6334739004559256E-001 1.0500000000000000E+001 9.6338834764831849E-001
5.0000000000000000E-001 2.6375069780349363E+000 9.1732146180016620E+000 9.0847086912079611E-001
5.0000000000000000E-001 2.7763231347736173E+000 9.6560153873701715E+000 9.0847086912079611E-001
5.0000000000000000E-001 2.9151392915122978E+000 1.0138816156738681E+001 9.0847086912079611E-001
5.0000000000000000E-001 4.3923806569343462E+000 8.4784761313868682E+000 8.7185921676911449E-001
5.0000000000000000E-001 4.6235585862466806E+000 8.9247117172493375E+000 8.7185921676911449E-001
5.0000000000000000E-001 4.8547365155590141E+000 9.3709473031118034E+000 8.7185921676911449E-001
5.0000000000000000E-001 6.0218930265902513E+000 7.4131358159541501E+000 8.5355339059327373E-001
5.0000000000000000E-001 6.3388347648318444E+000 7.8033008588991066E+000 8.5355339059327373E-001
5.0000000000000000E-001 6.6557765030734366E+000 8.1934659018440623E+000 8.5355339059327373E-001
5.0000000000000000E-001 7.4131358159541501E+000 6.0218930265902513E+000 8.5355339059327373E-001
5.0000000000000000E-001 7.8033008588991066E+000 6.3388347648318444E+000 8.5355339059327373E-001
5.0000000000000000E-001 8.1934659018440623E+000 6.6557765030734366E+000 8.5355339059327373E-001
5.0000000000000000E-001 8.4784761313868682E+000 4.3923806569343462E+000 8.7185921676911460E-001
5.0000000000000000E-001 8.9247117172493358E+000 4.6235585862466806E+000 8.7185921676911460E-001
5.0000000000000000E-001 9.3709473031118016E+000 4.8547365155590141E+000 8.7185921676911460E-001
5.0000000000000000E-001 9.1732146180016620E+000 2.6375069780349363E+000 9.0847086912079611E-001
5.0000000000000000E-001 9.6560153873701715E+000 2.7763231347736173E+000 9.0847086912079611E-001
5.0000000000000000E-001 1.0138816156738681E+001 2.9151392915122978E+000 9.0847086912079611E-001
5.0000000000000000E-001 9.5000000000000000E+000 8.7160001956505984E-001 9.6338834764831849E-001
5.0000000000000000E-001 1.0000000000000000E+001 9.1747370480532620E-001 9.6338834764831849E-001
5.0000000000000000E-001 1.0500000000000000E+001 9.6334739004559256E-001 9.6338834764831849E-001
5.0000000000000000E-001 9.5000000000000000E+000 0.0000000000000000E+000 1.0000000000000000E+000
5.0000000000000000E-001 1.0000000000000000E+001 0.0000000000000000E+000 1.0000000000000000E+000
5.0000000000000000E-001 1.0500000000000000E+001 0.0000000000000000E+000 1.0000000000000000E+000
0.0000000000000000E+000 0.0000000000000000E+000 9.5000000000000000E+000 1.0000000000000000E+000
0.0000000000000000E+000 0.0000000000000000E+000 1.0000000000000000E+001 1.0000000000000000E+000
0.0000000000000000E+000 0.0000000000000000E+000 1.0500000000000000E+001 1.0000000000000000E+000
0.0000000000000000E+000 8.7160001956505984E-001 9.5000000000000000E+000 9.6338834764831849E-001
0.0000000000000000E+000 9.1747370480532620E-001 1.0000000000000000E+001 9.6338834764831849E-001
0.0000000000000000E+000 9.6334739004559256E-001 1.0500000000000000E+001 9.6338834764831849E-001
0.0000000000000000E+000 2.6375069780349363E+000 9.1732146180016620E+000 9.0847086912079611E-001
0.0000000000000000E+000 2.7763231347736173E+000 9.6560153873701715E+000 9.0847086912079611E-001
0.0000000000000000E+000 2.9151392915122978E+000 1.0138816156738681E+001 9.0847086912079611E-001
0.0000000000000000E+000 4.3923806569343462E+000 8.4784761313868682E+000 8.7185921676911449E-001
0.0000000000000000E+000 4.6235585862466806E+000 8.9247117172493375E+000 8.7185921676911449E-001
0.0000000000000000E+000 4.8547365155590141E+000 9.3709473031118034E+000 8.7185921676911449E-001
0.0000000000000000E+000 6.0218930265902513E+000 7.4131358159541501E+000 8.5355339059327373E-001
0.0000000000000000E+000 6.3388347648318444E+000 7.8033008588991066E+000 8.5355339059327373E-001
0.0000000000000000E+000 6.6557765030734366E+000 8.1934659018440623E+000 8.5355339059327373E-001
0.0000000000000000E+000 7.4131358159541501E+000 6.0218930265902513E+000 8.5355339059327373E-001
0.0000000000000000E+000 7.8033008588991066E+000 6.3388347648318444E+000 8.5355339059327373E-001
0.0000000000000000E+000 8.1934659018440623E+000 6.6557765030734366E+000 8.5355339059327373E-001
0.0000000000000000E+000 8.4784761313868682E+000 4.3923806569343462E+000 8.7185921676911460E-001
0.0000000000000000E+000 8.9247117172493358E+000 4.6235585862466806E+000 8.7185921676911460E-001
0.0000000000000000E+000 9.3709473031118016E+000 4.8547365155590141E+000 8.7185921676911460E-001
0.0000000000000000E+000 9.1732146180016620E+000 2.6375069780349363E+000 9.0847086912079611E-001
0.0000000000000000E+000 9.6560153873701715E+000 2.7763231347736173E+000 9.0847086912079611E-001
0.0000000000000000E+000 1.0138816156738681E+001 2.9151392915122978E+000 9.0847086912079611E-001
0.0000000000000000E+000 9.5000000000000000E+000 8.7160001956505984E-001 9.6338834764831849E-001
0.0000000000000000E+000 1.0000000000000000E+001 9.1747370480532620E-001 9.6338834764831849E-001
0.0000000000000000E+000 1.0500000000000000E+001 9.6334739004559256E-001 9.6338834764831849E-001
0.0000000000000000E+000 9.5000000000000000E+000 0.0000000000000000E+000 1.0000000000000000E+000
0.0000000000000000E+000 1.0000000000000000E+001 0.0000000000000000E+000 1.0000000000000000E+000
0.0000000000000000E+000 1.0500000000000000E+001 0.0000000000000000E+000 1.0000000000000000E+000
 --------------------------------------------------------
*material
5
1000.0, 0.0, 1.0, 0.0, 1.0e25
!Young Modulus, Poisson coef, thickness (set to 1.0 if not used), density, Yield Stress
*bcdof   !boundary condition *38
27
1	,	1
2	,	1
3	,	1
31	,	1
32	,	1
33	,	1
61	,	1
62	,	1
63	,	1
1	,	2
2	,	2
3	,	2
31	,	2
32	,	2
33	,	2
61	,	2
62	,	2
63	,	2
1	,	3
2	,	3
3	,	3
31	,	3
32	,	3
33	,	3
61	,	3
62	,	3
63	,	3
--------------------------------------------------------
*loaddof       !load vector
3
88, 2, -0.033333333333
89, 2, -0.033333333333
90, 2, -0.033333333333
*end