!---------------------------------------------------------------------------
!
! Full Sphere
! 4x4x1 mesh
!
!---------------------------------------------------------------------------
*begin
3           !problem dimension
2, 2, 2     !degree of each dimension
6, 6, 3     !control points in each direction
0, 0, 0     !open(0) or closed(1) knot vector
--------------------------------------------------------
*knots    !knot spans
0.0, 0.0, 0.0, 0.25, 0.5, 0.75, 1.0, 1.0, 1.0
0.0, 0.0, 0.0, 0.25, 0.5, 0.75, 1.0, 1.0, 1.0
0.0, 0.0, 0.0, 1.0, 1.0, 1.0
--------------------------------------------------------
*element
Hex27ANS
*bnet     !nurbs control points
0.0000000000000000E+000 0.0000000000000000E+000 9.9800000000000004E+000 1.0000000000000000E+000
0.0000000000000000E+000 0.0000000000000000E+000 1.0000000000000000E+001 1.0000000000000000E+000
0.0000000000000000E+000 0.0000000000000000E+000 1.0020000000000000E+001 1.0000000000000000E+000
1.9036208265024346E+000 0.0000000000000000E+000 9.9800000000000004E+000 9.2677669525000006E-001
1.9074356978982312E+000 0.0000000000000000E+000 1.0000000000000000E+001 9.2677669525000006E-001
1.9112505692940274E+000 0.0000000000000000E+000 1.0019999999999998E+001 9.2677669525000006E-001
5.5953885138834796E+000 0.0000000000000000E+000 8.5184628379611596E+000 8.5355339050000012E-001
5.6066017173181164E+000 0.0000000000000000E+000 8.5355339057727058E+000 8.5355339050000012E-001
5.6178149207527506E+000 0.0000000000000000E+000 8.5526049735842484E+000 8.5355339050000012E-001
8.5184628379611596E+000 0.0000000000000000E+000 5.5953885138834796E+000 8.5355339050000001E-001
8.5355339057727058E+000 0.0000000000000000E+000 5.6066017173181155E+000 8.5355339050000001E-001
8.5526049735842502E+000 0.0000000000000000E+000 5.6178149207527515E+000 8.5355339050000001E-001
9.9800000000000004E+000 0.0000000000000000E+000 1.9036208265024346E+000 9.2677669525000006E-001
1.0000000000000000E+001 0.0000000000000000E+000 1.9074356978982312E+000 9.2677669525000006E-001
1.0019999999999998E+001 0.0000000000000000E+000 1.9112505692940274E+000 9.2677669525000006E-001
9.9800000000000004E+000 0.0000000000000000E+000 0.0000000000000000E+000 1.0000000000000000E+000
1.0000000000000000E+001 0.0000000000000000E+000 0.0000000000000000E+000 1.0000000000000000E+000
1.0020000000000000E+001 0.0000000000000000E+000 0.0000000000000000E+000 1.0000000000000000E+000
0.0000000000000000E+000 0.0000000000000000E+000 9.9800000000000004E+000 9.2677669525000006E-001
0.0000000000000000E+000 0.0000000000000000E+000 1.0000000000000000E+001 9.2677669525000006E-001
0.0000000000000000E+000 0.0000000000000000E+000 1.0019999999999998E+001 9.2677669525000006E-001
1.9036208266574770E+000 3.6310343215794383E-001 9.9800000000000004E+000 8.5891504287500009E-001
1.9074356980535843E+000 3.6383109434663707E-001 1.0000000000000000E+001 8.5891504287500009E-001
1.9112505694496915E+000 3.6455875653533037E-001 1.0019999999999998E+001 8.5891504287500009E-001
5.5953885140662649E+000 1.0672843798706597E+000 8.5184628380220904E+000 7.9105339049999990E-001
5.6066017175012677E+000 1.0694232263233061E+000 8.5355339058337574E+000 7.9105339049999990E-001
5.6178149209362696E+000 1.0715620727759527E+000 8.5526049736454244E+000 7.9105339049999990E-001
8.5184628380220886E+000 1.6248420111829673E+000 5.5953885140662640E+000 7.9105339050000001E-001
8.5355339058337556E+000 1.6280982075981634E+000 5.6066017175012668E+000 7.9105339050000001E-001
8.5526049736454226E+000 1.6313544040133594E+000 5.6178149209362687E+000 7.9105339050000001E-001
9.9800000000000004E+000 1.9036208266574770E+000 1.9036208266574770E+000 8.5891504287500009E-001
1.0000000000000000E+001 1.9074356980535843E+000 1.9074356980535843E+000 8.5891504287500009E-001
1.0019999999999998E+001 1.9112505694496915E+000 1.9112505694496915E+000 8.5891504287500009E-001
9.9800000000000004E+000 1.9036208265024346E+000 0.0000000000000000E+000 9.2677669525000006E-001
1.0000000000000000E+001 1.9074356978982312E+000 0.0000000000000000E+000 9.2677669525000006E-001
1.0019999999999998E+001 1.9112505692940274E+000 0.0000000000000000E+000 9.2677669525000006E-001
0.0000000000000000E+000 0.0000000000000000E+000 9.9799999999999986E+000 8.5355339050000012E-001
0.0000000000000000E+000 0.0000000000000000E+000 1.0000000000000000E+001 8.5355339050000012E-001
0.0000000000000000E+000 0.0000000000000000E+000 1.0020000000000000E+001 8.5355339050000012E-001
1.6248420111829667E+000 1.0672843798706593E+000 9.9799999999999986E+000 7.9105339050000012E-001
1.6280982075981634E+000 1.0694232263233059E+000 1.0000000000000000E+001 7.9105339050000012E-001
1.6313544040133592E+000 1.0715620727759523E+000 1.0020000000000000E+001 7.9105339050000012E-001
4.7759628380934700E+000 3.1371114857195912E+000 8.5184628380934697E+000 7.2855339050000001E-001
4.7855339059052815E+000 3.1433982822841591E+000 8.5355339059052824E+000 7.2855339050000001E-001
4.7951049737170903E+000 3.1496850788487274E+000 8.5526049737170915E+000 7.2855339050000001E-001
7.2709628380934701E+000 4.7759628380934691E+000 5.5953885142804092E+000 7.2855339050000001E-001
7.2855339059052815E+000 4.7855339059052815E+000 5.6066017177158418E+000 7.2855339050000001E-001
7.3001049737170911E+000 4.7951049737170903E+000 5.6178149211512727E+000 7.2855339050000001E-001
8.5184628380220868E+000 5.5953885140662631E+000 1.9036208268391204E+000 7.9105339050000012E-001
8.5355339058337556E+000 5.6066017175012659E+000 1.9074356982355922E+000 7.9105339050000012E-001
8.5526049736454226E+000 5.6178149209362678E+000 1.9112505696320627E+000 7.9105339050000012E-001
8.5184628379611596E+000 5.5953885138834796E+000 0.0000000000000000E+000 8.5355339050000012E-001
8.5355339057727058E+000 5.6066017173181164E+000 0.0000000000000000E+000 8.5355339050000012E-001
8.5526049735842484E+000 5.6178149207527506E+000 0.0000000000000000E+000 8.5355339050000012E-001
0.0000000000000000E+000 0.0000000000000000E+000 9.9800000000000004E+000 8.5355339050000001E-001
0.0000000000000000E+000 0.0000000000000000E+000 1.0000000000000002E+001 8.5355339050000001E-001
0.0000000000000000E+000 0.0000000000000000E+000 1.0020000000000000E+001 8.5355339050000001E-001
1.0672843798706593E+000 1.6248420111829673E+000 9.9800000000000004E+000 7.9105339050000001E-001
1.0694232263233061E+000 1.6280982075981634E+000 1.0000000000000002E+001 7.9105339050000001E-001
1.0715620727759525E+000 1.6313544040133594E+000 1.0020000000000000E+001 7.9105339050000001E-001
3.1371114857195903E+000 4.7759628380934709E+000 8.5184628380934697E+000 7.2855339050000001E-001
3.1433982822841591E+000 4.7855339059052815E+000 8.5355339059052824E+000 7.2855339050000001E-001
3.1496850788487274E+000 4.7951049737170903E+000 8.5526049737170915E+000 7.2855339050000001E-001
4.7759628380934691E+000 7.2709628380934710E+000 5.5953885142804092E+000 7.2855339050000001E-001
4.7855339059052797E+000 7.2855339059052815E+000 5.6066017177158409E+000 7.2855339050000001E-001
4.7951049737170903E+000 7.3001049737170893E+000 5.6178149211512727E+000 7.2855339050000001E-001
5.5953885140662640E+000 8.5184628380220886E+000 1.9036208268391210E+000 7.9105339050000001E-001
5.6066017175012668E+000 8.5355339058337574E+000 1.9074356982355922E+000 7.9105339050000001E-001
5.6178149209362687E+000 8.5526049736454226E+000 1.9112505696320632E+000 7.9105339050000001E-001
5.5953885138834796E+000 8.5184628379611596E+000 0.0000000000000000E+000 8.5355339050000001E-001
5.6066017173181155E+000 8.5355339057727058E+000 0.0000000000000000E+000 8.5355339050000001E-001
5.6178149207527515E+000 8.5526049735842502E+000 0.0000000000000000E+000 8.5355339050000001E-001
0.0000000000000000E+000 0.0000000000000000E+000 9.9800000000000004E+000 9.2677669525000006E-001
0.0000000000000000E+000 0.0000000000000000E+000 1.0000000000000000E+001 9.2677669525000006E-001
0.0000000000000000E+000 0.0000000000000000E+000 1.0019999999999998E+001 9.2677669525000006E-001
3.6310343215794383E-001 1.9036208266574770E+000 9.9800000000000004E+000 8.5891504287500009E-001
3.6383109434663707E-001 1.9074356980535843E+000 1.0000000000000000E+001 8.5891504287500009E-001
3.6455875653533037E-001 1.9112505694496915E+000 1.0019999999999998E+001 8.5891504287500009E-001
1.0672843798706597E+000 5.5953885140662649E+000 8.5184628380220904E+000 7.9105339049999990E-001
1.0694232263233061E+000 5.6066017175012677E+000 8.5355339058337574E+000 7.9105339049999990E-001
1.0715620727759527E+000 5.6178149209362696E+000 8.5526049736454244E+000 7.9105339049999990E-001
1.6248420111829673E+000 8.5184628380220886E+000 5.5953885140662640E+000 7.9105339050000001E-001
1.6280982075981634E+000 8.5355339058337556E+000 5.6066017175012668E+000 7.9105339050000001E-001
1.6313544040133594E+000 8.5526049736454226E+000 5.6178149209362687E+000 7.9105339050000001E-001
1.9036208266574770E+000 9.9800000000000004E+000 1.9036208266574770E+000 8.5891504287500009E-001
1.9074356980535843E+000 1.0000000000000000E+001 1.9074356980535843E+000 8.5891504287500009E-001
1.9112505694496915E+000 1.0019999999999998E+001 1.9112505694496915E+000 8.5891504287500009E-001
1.9036208265024346E+000 9.9800000000000004E+000 0.0000000000000000E+000 9.2677669525000006E-001
1.9074356978982312E+000 1.0000000000000000E+001 0.0000000000000000E+000 9.2677669525000006E-001
1.9112505692940274E+000 1.0019999999999998E+001 0.0000000000000000E+000 9.2677669525000006E-001
0.0000000000000000E+000 0.0000000000000000E+000 9.9800000000000004E+000 1.0000000000000000E+000
0.0000000000000000E+000 0.0000000000000000E+000 1.0000000000000000E+001 1.0000000000000000E+000
0.0000000000000000E+000 0.0000000000000000E+000 1.0020000000000000E+001 1.0000000000000000E+000
0.0000000000000000E+000 1.9036208265024346E+000 9.9800000000000004E+000 9.2677669525000006E-001
0.0000000000000000E+000 1.9074356978982312E+000 1.0000000000000000E+001 9.2677669525000006E-001
0.0000000000000000E+000 1.9112505692940274E+000 1.0019999999999998E+001 9.2677669525000006E-001
0.0000000000000000E+000 5.5953885138834796E+000 8.5184628379611596E+000 8.5355339050000012E-001
0.0000000000000000E+000 5.6066017173181164E+000 8.5355339057727058E+000 8.5355339050000012E-001
0.0000000000000000E+000 5.6178149207527506E+000 8.5526049735842484E+000 8.5355339050000012E-001
0.0000000000000000E+000 8.5184628379611596E+000 5.5953885138834796E+000 8.5355339050000001E-001
0.0000000000000000E+000 8.5355339057727058E+000 5.6066017173181155E+000 8.5355339050000001E-001
0.0000000000000000E+000 8.5526049735842502E+000 5.6178149207527515E+000 8.5355339050000001E-001
0.0000000000000000E+000 9.9800000000000004E+000 1.9036208265024346E+000 9.2677669525000006E-001
0.0000000000000000E+000 1.0000000000000000E+001 1.9074356978982312E+000 9.2677669525000006E-001
0.0000000000000000E+000 1.0019999999999998E+001 1.9112505692940274E+000 9.2677669525000006E-001
0.0000000000000000E+000 9.9800000000000004E+000 0.0000000000000000E+000 1.0000000000000000E+000
0.0000000000000000E+000 1.0000000000000000E+001 0.0000000000000000E+000 1.0000000000000000E+000
0.0000000000000000E+000 1.0020000000000000E+001 0.0000000000000000E+000 1.0000000000000000E+000
 --------------------------------------------------------
*material
5
6.825e7, 0.30, 1.0, 1.0, 1e15
!Young Modulus, Poisson coef, thickness (set to 1.0 if not used), density, Yield Stress
*bcdof
84
1	,	1
2	,	1
3	,	1
4	,	1
5	,	1
6	,	1
12	,	1
18	,	1
24	,	1
30	,	1
36	,	1
37	,	1
38	,	1
39	,	1
40	,	1
41	,	1
42	,	1
48	,	1
54	,	1
60	,	1
66	,	1
72	,	1
73	,	1
74	,	1
75	,	1
76	,	1
77	,	1
78	,	1
84	,	1
90	,	1
96	,	1
102	,	1
108	,	1
1	,	2
2	,	2
3	,	2
4	,	2
5	,	2
6	,	2
7	,	2
13	,	2
19	,	2
25	,	2
31	,	2
37	,	2
38	,	2
39	,	2
40	,	2
41	,	2
42	,	2
43	,	2
49	,	2
55	,	2
61	,	2
67	,	2
73	,	2
74	,	2
75	,	2
76	,	2
77	,	2
78	,	2
79	,	2
85	,	2
91	,	2
97	,	2
103	,	2
1	,	3
2	,	3
3	,	3
4	,	3
5	,	3
6	,	3
37	,	3
38	,	3
39	,	3
40	,	3
41	,	3
42	,	3
73	,	3
74	,	3
75	,	3
76	,	3
77	,	3
78	,	3
*loaddof
2
103, 1, -1.0
108, 2,  1.0
*end