!----------------------------------------------------------------- 
!----------------------------------------------------------------- 
!	FullHemisphere
!----------------------------------------------------------------- 
!----------------------------------------------------------------- 
*begin 
3			!problem dimension
2, 2, 2		!degree of each dimension
10, 10, 3	!control points in each direction
0, 0, 0		!open(0) or closed(1) knot vector
!----------------------------------------------------------------- 
*knots	!knot spans
0.000, 0.000, 0.000, 0.125, 0.250, 0.375, 0.500, 0.625, 0.750, 0.875, 1.000, 1.000, 1.000
0.000, 0.000, 0.000, 0.125, 0.250, 0.375, 0.500, 0.625, 0.750, 0.875, 1.000, 1.000, 1.000
0.000, 0.000, 0.000, 1.000, 1.000, 1.000
!----------------------------------------------------------------- 
*element
Hex27
!-----------------------------------------------------------------
*bnet
0.0000000000000000E+000 0.0000000000000000E+000 9.7500000000000000E+000 1.0000000000000000E+000
0.0000000000000000E+000 0.0000000000000000E+000 1.0000000000000000E+001 1.0000000000000000E+000
0.0000000000000000E+000 0.0000000000000000E+000 1.0250000000000000E+001 1.0000000000000000E+000
8.9453686197085025E-001 0.0000000000000000E+000 9.7500000000000000E+000 9.6338834762500003E-001
9.1747370458548738E-001 0.0000000000000000E+000 1.0000000000000000E+001 9.6338834762500003E-001
9.4041054720012451E-001 0.0000000000000000E+000 1.0250000000000000E+001 9.6338834762500003E-001
2.7069150559523258E+000 0.0000000000000000E+000 9.4146150026643962E+000 9.0847086906250007E-001
2.7763231343100769E+000 0.0000000000000000E+000 9.6560153873481003E+000 9.0847086906250007E-001
2.8457312126678294E+000 0.0000000000000000E+000 9.8974157720317990E+000 9.0847086906250007E-001
4.5079696210998081E+000 0.0000000000000000E+000 8.7015939242199618E+000 8.7185921668750010E-001
4.6235585857433925E+000 0.0000000000000000E+000 8.9247117171486785E+000 8.7185921668750010E-001
4.7391475503869778E+000 0.0000000000000000E+000 9.1478295100773952E+000 8.7185921668750010E-001
6.1803638953209683E+000 0.0000000000000000E+000 7.6082183371925813E+000 8.5355339050000012E-001
6.3388347644317626E+000 0.0000000000000000E+000 7.8033008586590578E+000 8.5355339050000012E-001
6.4973056335425561E+000 0.0000000000000000E+000 7.9983833801255333E+000 8.5355339050000012E-001
7.6082183371925813E+000 0.0000000000000000E+000 6.1803638953209692E+000 8.5355339050000001E-001
7.8033008586590578E+000 0.0000000000000000E+000 6.3388347644317635E+000 8.5355339050000001E-001
7.9983833801255342E+000 0.0000000000000000E+000 6.4973056335425561E+000 8.5355339050000001E-001
8.7015939242199618E+000 0.0000000000000000E+000 4.5079696210998081E+000 8.7185921668750010E-001
8.9247117171486785E+000 0.0000000000000000E+000 4.6235585857433925E+000 8.7185921668750010E-001
9.1478295100773934E+000 0.0000000000000000E+000 4.7391475503869769E+000 8.7185921668750010E-001
9.4146150026643962E+000 0.0000000000000000E+000 2.7069150559523258E+000 9.0847086906250007E-001
9.6560153873480985E+000 0.0000000000000000E+000 2.7763231343100769E+000 9.0847086906250007E-001
9.8974157720317990E+000 0.0000000000000000E+000 2.8457312126678289E+000 9.0847086906250007E-001
9.7500000000000000E+000 0.0000000000000000E+000 8.9453686197085014E-001 9.6338834762500003E-001
1.0000000000000000E+001 0.0000000000000000E+000 9.1747370458548738E-001 9.6338834762500003E-001
1.0250000000000000E+001 0.0000000000000000E+000 9.4041054720012440E-001 9.6338834762500003E-001
9.7500000000000000E+000 0.0000000000000000E+000 0.0000000000000000E+000 1.0000000000000000E+000
1.0000000000000000E+001 0.0000000000000000E+000 0.0000000000000000E+000 1.0000000000000000E+000
1.0250000000000000E+001 0.0000000000000000E+000 0.0000000000000000E+000 1.0000000000000000E+000
0.0000000000000000E+000 0.0000000000000000E+000 9.7500000000000000E+000 9.6338834762500003E-001
0.0000000000000000E+000 0.0000000000000000E+000 1.0000000000000000E+001 9.6338834762500003E-001
0.0000000000000000E+000 0.0000000000000000E+000 1.0250000000000000E+001 9.6338834762500003E-001
8.9453686201018112E-001 8.2071404907006609E-002 9.7500000000000018E+000 9.2811710834375005E-001
9.1747370462582656E-001 8.4175799904622151E-002 9.9999999999999982E+000 9.2811710834375005E-001
9.4041054724147233E-001 8.6280194902237706E-002 1.0250000000000000E+001 9.2811710834375005E-001
2.7069150560352568E+000 2.4835233855016087E-001 9.4146150026683468E+000 8.7521024942187509E-001
2.7763231343951347E+000 2.5472034723093423E-001 9.6560153873521486E+000 8.7521024942187509E-001
2.8457312127550134E+000 2.6108835591170754E-001 9.8974157720359521E+000 8.7521024942187509E-001
4.5079696211898508E+000 4.1359435900329822E-001 8.7015939242379687E+000 8.3993901014062511E-001
4.6235585858357435E+000 4.2419934256748537E-001 8.9247117171671473E+000 8.3993901014062511E-001
4.7391475504816380E+000 4.3480432613167247E-001 9.1478295100963258E+000 8.3993901014062511E-001
6.1803638953925466E+000 5.6703213605678693E-001 7.6082183372355265E+000 8.2230339050000012E-001
6.3388347645051750E+000 5.8157142159670450E-001 7.8033008587031043E+000 8.2230339050000012E-001
6.4973056336178052E+000 5.9611070713662206E-001 7.9983833801706830E+000 8.2230339050000012E-001
7.6082183372355274E+000 6.9803402649343926E-001 6.1803638953925466E+000 8.2230339050000012E-001
7.8033008587031043E+000 7.1593233486506580E-001 6.3388347645051750E+000 8.2230339050000012E-001
7.9983833801706830E+000 7.3383064323669245E-001 6.4973056336178034E+000 8.2230339050000012E-001
8.7015939242379670E+000 7.9834836149902744E-001 4.5079696211898499E+000 8.3993901014062522E-001
8.9247117171671455E+000 8.1881883230669461E-001 4.6235585858357426E+000 8.3993901014062522E-001
9.1478295100963258E+000 8.3928930311436190E-001 4.7391475504816354E+000 8.3993901014062522E-001
9.4146150026683433E+000 8.6376617047869464E-001 2.7069150560352564E+000 8.7521024942187509E-001
9.6560153873521486E+000 8.8591402100378924E-001 2.7763231343951347E+000 8.7521024942187509E-001
9.8974157720359521E+000 9.0806187152888374E-001 2.8457312127550125E+000 8.7521024942187509E-001
9.7500000000000018E+000 8.9453686201018112E-001 8.9453686201018090E-001 9.2811710834375005E-001
9.9999999999999982E+000 9.1747370462582656E-001 9.1747370462582656E-001 9.2811710834375005E-001
1.0250000000000000E+001 9.4041054724147233E-001 9.4041054724147233E-001 9.2811710834375005E-001
9.7500000000000000E+000 8.9453686197085025E-001 0.0000000000000000E+000 9.6338834762500003E-001
1.0000000000000000E+001 9.1747370458548738E-001 0.0000000000000000E+000 9.6338834762500003E-001
1.0250000000000000E+001 9.4041054720012451E-001 0.0000000000000000E+000 9.6338834762500003E-001
0.0000000000000000E+000 0.0000000000000000E+000 9.7500000000000018E+000 9.0847086906250007E-001
0.0000000000000000E+000 0.0000000000000000E+000 1.0000000000000002E+001 9.0847086906250007E-001
0.0000000000000000E+000 0.0000000000000000E+000 1.0249999999999998E+001 9.0847086906250007E-001
8.6376617047869442E-001 2.4835233855016087E-001 9.7500000000000018E+000 8.7521024942187509E-001
8.8591402100378924E-001 2.5472034723093423E-001 1.0000000000000000E+001 8.7521024942187509E-001
9.0806187152888396E-001 2.6108835591170754E-001 1.0249999999999998E+001 8.7521024942187509E-001
2.6138013434747558E+000 7.5152708952616987E-001 9.4146150026748661E+000 8.2531931996093766E-001
2.6808218907433394E+000 7.7079701489863561E-001 9.6560153873588348E+000 8.2531931996093766E-001
2.7478424380119226E+000 7.9006694027110147E-001 9.8974157720428071E+000 8.2531931996093766E-001
4.3529024029495273E+000 1.2515580351696465E+000 8.7015939242677049E+000 7.9205870032031256E-001
4.4645152850764376E+000 1.2836492668406629E+000 8.9247117171976456E+000 7.9205870032031256E-001
4.5761281672033478E+000 1.3157404985116798E+000 9.1478295101275879E+000 7.9205870032031256E-001
5.9677688874640538E+000 1.7158687265305279E+000 7.6082183373064369E+000 7.7542839050000012E-001
6.1207886025272336E+000 1.7598653605441308E+000 7.8033008587758337E+000 7.7542839050000012E-001
6.2738083175904151E+000 1.8038619945577341E+000 7.9983833802452295E+000 7.7542839050000012E-001
7.3465073335513233E+000 2.1122872584490104E+000 6.1803638955107294E+000 7.7542839050000012E-001
7.5348793164628933E+000 2.1664484702041129E+000 6.3388347646263892E+000 7.7542839050000012E-001
7.7232512993744660E+000 2.2206096819592158E+000 6.4973056337420489E+000 7.7542839050000012E-001
8.4022724827336415E+000 2.4158436520523727E+000 4.5079696213385203E+000 7.9205870032031267E-001
8.6177153669062960E+000 2.4777883610793565E+000 4.6235585859882251E+000 7.9205870032031267E-001
8.8331582510789541E+000 2.5397330701063408E+000 4.7391475506379317E+000 7.9205870032031267E-001
9.0907667331891471E+000 2.6138013434747553E+000 2.7069150561721846E+000 8.2531931996093766E-001
9.3238633160914315E+000 2.6808218907433394E+000 2.7763231345355743E+000 8.2531931996093766E-001
9.5569598989937159E+000 2.7478424380119226E+000 2.8457312128989636E+000 8.2531931996093766E-001
9.4146150026683468E+000 2.7069150560352564E+000 8.9453686207512106E-001 8.7521024942187509E-001
9.6560153873521504E+000 2.7763231343951342E+000 9.1747370469243195E-001 8.7521024942187509E-001
9.8974157720359521E+000 2.8457312127550130E+000 9.4041054730974249E-001 8.7521024942187509E-001
9.4146150026643962E+000 2.7069150559523258E+000 0.0000000000000000E+000 9.0847086906250007E-001
9.6560153873481003E+000 2.7763231343100769E+000 0.0000000000000000E+000 9.0847086906250007E-001
9.8974157720317990E+000 2.8457312126678294E+000 0.0000000000000000E+000 9.0847086906250007E-001
0.0000000000000000E+000 0.0000000000000000E+000 9.7500000000000018E+000 8.7185921668750010E-001
0.0000000000000000E+000 0.0000000000000000E+000 1.0000000000000002E+001 8.7185921668750010E-001
0.0000000000000000E+000 0.0000000000000000E+000 1.0250000000000000E+001 8.7185921668750010E-001
7.9834836149902721E-001 4.1359435900329822E-001 9.7500000000000018E+000 8.3993901014062511E-001
8.1881883230669472E-001 4.2419934256748537E-001 1.0000000000000000E+001 8.3993901014062511E-001
8.3928930311436201E-001 4.3480432613167247E-001 1.0250000000000000E+001 8.3993901014062511E-001
2.4158436520523732E+000 1.2515580351696469E+000 9.4146150026796711E+000 7.9205870032031256E-001
2.4777883610793574E+000 1.2836492668406629E+000 9.6560153873637642E+000 7.9205870032031256E-001
2.5397330701063412E+000 1.3157404985116798E+000 9.8974157720478591E+000 7.9205870032031256E-001
4.0232329301784064E+000 2.0842861650998787E+000 8.7015939242896074E+000 7.6013849377343767E-001
4.1263927489009307E+000 2.1377294001024394E+000 8.9247117172201094E+000 7.6013849377343767E-001
4.2295525676234531E+000 2.1911726351050009E+000 9.1478295101506113E+000 7.6013849377343767E-001
5.5157966076097278E+000 2.8575274556574781E+000 7.6082183373586725E+000 7.4417839050000012E-001
5.6572272898561318E+000 2.9307973904179265E+000 7.8033008588294086E+000 7.4417839050000012E-001
5.7986579721025331E+000 3.0040673251783754E+000 7.9983833803001438E+000 7.4417839050000012E-001
6.7901155342863415E+000 3.5177043219970150E+000 6.1803638955977895E+000 7.4417839050000012E-001
6.9642210608065058E+000 3.6079018687148880E+000 6.3388347647156822E+000 7.4417839050000012E-001
7.1383265873266666E+000 3.6980994154327602E+000 6.4973056338335748E+000 7.4417839050000012E-001
7.7659217254673685E+000 4.0232329301784064E+000 4.5079696214480389E+000 7.6013849377343767E-001
7.9650479235562752E+000 4.1263927489009307E+000 4.6235585861005530E+000 7.6013849377343767E-001
8.1641741216451802E+000 4.2295525676234540E+000 4.7391475507530663E+000 7.6013849377343767E-001
8.4022724827336432E+000 4.3529024029495265E+000 2.7069150562730542E+000 7.9205870032031256E-001
8.6177153669062996E+000 4.4645152850764376E+000 2.7763231346390302E+000 7.9205870032031256E-001
8.8331582510789559E+000 4.5761281672033487E+000 2.8457312130050063E+000 7.9205870032031256E-001
8.7015939242379705E+000 4.5079696211898499E+000 8.9453686212295935E-001 8.3993901014062511E-001
8.9247117171671491E+000 4.6235585858357435E+000 9.1747370474149703E-001 8.3993901014062511E-001
9.1478295100963258E+000 4.7391475504816372E+000 9.4041054736003427E-001 8.3993901014062511E-001
8.7015939242199618E+000 4.5079696210998081E+000 0.0000000000000000E+000 8.7185921668750010E-001
8.9247117171486785E+000 4.6235585857433925E+000 0.0000000000000000E+000 8.7185921668750010E-001
9.1478295100773952E+000 4.7391475503869778E+000 0.0000000000000000E+000 8.7185921668750010E-001
0.0000000000000000E+000 0.0000000000000000E+000 9.7500000000000018E+000 8.5355339050000012E-001
0.0000000000000000E+000 0.0000000000000000E+000 1.0000000000000000E+001 8.5355339050000012E-001
0.0000000000000000E+000 0.0000000000000000E+000 1.0249999999999998E+001 8.5355339050000012E-001
6.9803402649343915E-001 5.6703213605678693E-001 9.7500000000000018E+000 8.2230339050000012E-001
7.1593233486506602E-001 5.8157142159670450E-001 1.0000000000000000E+001 8.2230339050000012E-001
7.3383064323669256E-001 5.9611070713662218E-001 1.0249999999999998E+001 8.2230339050000012E-001
2.1122872584490100E+000 1.7158687265305275E+000 9.4146150026822255E+000 7.7542839050000012E-001
2.1664484702041134E+000 1.7598653605441308E+000 9.6560153873663843E+000 7.7542839050000012E-001
2.2206096819592158E+000 1.8038619945577341E+000 9.8974157720505431E+000 7.7542839050000012E-001
3.5177043219970154E+000 2.8575274556574777E+000 8.7015939243012639E+000 7.4417839050000012E-001
3.6079018687148880E+000 2.9307973904179265E+000 8.9247117172320660E+000 7.4417839050000012E-001
3.6980994154327602E+000 3.0040673251783745E+000 9.1478295101628682E+000 7.4417839050000012E-001
4.8227238895644113E+000 3.9176305521779389E+000 7.6082183373864716E+000 7.2855339050000012E-001
4.9463834764763197E+000 4.0180826176183997E+000 7.8033008588579200E+000 7.2855339050000012E-001
5.0700430633882272E+000 4.1185346830588605E+000 7.9983833803293694E+000 7.2855339050000012E-001
5.9369216686932358E+000 4.8227238895644104E+000 6.1803638956441205E+000 7.2855339050000012E-001
6.0891504294289591E+000 4.9463834764763197E+000 6.3388347647632015E+000 7.2855339050000012E-001
6.2413791901646833E+000 5.0700430633882290E+000 6.4973056338822808E+000 7.2855339050000012E-001
6.7901155342863415E+000 5.5157966076097269E+000 4.5079696215063221E+000 7.4417839050000012E-001
6.9642210608065058E+000 5.6572272898561309E+000 4.6235585861603301E+000 7.4417839050000012E-001
7.1383265873266657E+000 5.7986579721025349E+000 4.7391475508143373E+000 7.4417839050000012E-001
7.3465073335513216E+000 5.9677688874640529E+000 2.7069150563267339E+000 7.7542839050000012E-001
7.5348793164628960E+000 6.1207886025272336E+000 2.7763231346940866E+000 7.7542839050000012E-001
7.7232512993744651E+000 6.2738083175904151E+000 2.8457312130614385E+000 7.7542839050000012E-001
7.6082183372355283E+000 6.1803638953925448E+000 8.9453686214841766E-001 8.2230339050000012E-001
7.8033008587031052E+000 6.3388347645051750E+000 9.1747370476760792E-001 8.2230339050000012E-001
7.9983833801706830E+000 6.4973056336178052E+000 9.4041054738679808E-001 8.2230339050000012E-001
7.6082183371925813E+000 6.1803638953209683E+000 0.0000000000000000E+000 8.5355339050000012E-001
7.8033008586590578E+000 6.3388347644317626E+000 0.0000000000000000E+000 8.5355339050000012E-001
7.9983833801255333E+000 6.4973056335425561E+000 0.0000000000000000E+000 8.5355339050000012E-001
0.0000000000000000E+000 0.0000000000000000E+000 9.7500000000000000E+000 8.5355339050000001E-001
0.0000000000000000E+000 0.0000000000000000E+000 1.0000000000000002E+001 8.5355339050000001E-001
0.0000000000000000E+000 0.0000000000000000E+000 1.0250000000000000E+001 8.5355339050000001E-001
5.6703213605678671E-001 6.9803402649343926E-001 9.7499999999999982E+000 8.2230339050000012E-001
5.8157142159670461E-001 7.1593233486506580E-001 1.0000000000000000E+001 8.2230339050000012E-001
5.9611070713662218E-001 7.3383064323669256E-001 1.0249999999999998E+001 8.2230339050000012E-001
1.7158687265305275E+000 2.1122872584490104E+000 9.4146150026822237E+000 7.7542839050000012E-001
1.7598653605441308E+000 2.1664484702041129E+000 9.6560153873663843E+000 7.7542839050000012E-001
1.8038619945577341E+000 2.2206096819592158E+000 9.8974157720505431E+000 7.7542839050000012E-001
2.8575274556574777E+000 3.5177043219970154E+000 8.7015939243012639E+000 7.4417839050000012E-001
2.9307973904179265E+000 3.6079018687148876E+000 8.9247117172320660E+000 7.4417839050000012E-001
3.0040673251783740E+000 3.6980994154327602E+000 9.1478295101628682E+000 7.4417839050000012E-001
3.9176305521779389E+000 4.8227238895644113E+000 7.6082183373864716E+000 7.2855339050000012E-001
4.0180826176183997E+000 4.9463834764763197E+000 7.8033008588579200E+000 7.2855339050000012E-001
4.1185346830588587E+000 5.0700430633882272E+000 7.9983833803293694E+000 7.2855339050000012E-001
4.8227238895644113E+000 5.9369216686932367E+000 6.1803638956441214E+000 7.2855339050000001E-001
4.9463834764763206E+000 6.0891504294289600E+000 6.3388347647632015E+000 7.2855339050000001E-001
5.0700430633882281E+000 6.2413791901646842E+000 6.4973056338822817E+000 7.2855339050000001E-001
5.5157966076097287E+000 6.7901155342863415E+000 4.5079696215063221E+000 7.4417839050000001E-001
5.6572272898561318E+000 6.9642210608065049E+000 4.6235585861603292E+000 7.4417839050000001E-001
5.7986579721025331E+000 7.1383265873266684E+000 4.7391475508143381E+000 7.4417839050000001E-001
5.9677688874640547E+000 7.3465073335513216E+000 2.7069150563267339E+000 7.7542839050000001E-001
6.1207886025272353E+000 7.5348793164628942E+000 2.7763231346940858E+000 7.7542839050000001E-001
6.2738083175904142E+000 7.7232512993744677E+000 2.8457312130614389E+000 7.7542839050000001E-001
6.1803638953925466E+000 7.6082183372355274E+000 8.9453686214841777E-001 8.2230339050000001E-001
6.3388347645051759E+000 7.8033008587031052E+000 9.1747370476760792E-001 8.2230339050000001E-001
6.4973056336178034E+000 7.9983833801706838E+000 9.4041054738679819E-001 8.2230339050000001E-001
6.1803638953209692E+000 7.6082183371925813E+000 0.0000000000000000E+000 8.5355339050000001E-001
6.3388347644317635E+000 7.8033008586590578E+000 0.0000000000000000E+000 8.5355339050000001E-001
6.4973056335425561E+000 7.9983833801255342E+000 0.0000000000000000E+000 8.5355339050000001E-001
0.0000000000000000E+000 0.0000000000000000E+000 9.7500000000000000E+000 8.7185921668750010E-001
0.0000000000000000E+000 0.0000000000000000E+000 9.9999999999999982E+000 8.7185921668750010E-001
0.0000000000000000E+000 0.0000000000000000E+000 1.0250000000000000E+001 8.7185921668750010E-001
4.1359435900329811E-001 7.9834836149902721E-001 9.7500000000000000E+000 8.3993901014062511E-001
4.2419934256748537E-001 8.1881883230669472E-001 1.0000000000000000E+001 8.3993901014062511E-001
4.3480432613167247E-001 8.3928930311436201E-001 1.0250000000000000E+001 8.3993901014062511E-001
1.2515580351696463E+000 2.4158436520523732E+000 9.4146150026796693E+000 7.9205870032031256E-001
1.2836492668406629E+000 2.4777883610793574E+000 9.6560153873637624E+000 7.9205870032031256E-001
1.3157404985116796E+000 2.5397330701063412E+000 9.8974157720478591E+000 7.9205870032031256E-001
2.0842861650998783E+000 4.0232329301784064E+000 8.7015939242896057E+000 7.6013849377343767E-001
2.1377294001024394E+000 4.1263927489009298E+000 8.9247117172201094E+000 7.6013849377343767E-001
2.1911726351049996E+000 4.2295525676234531E+000 9.1478295101506113E+000 7.6013849377343767E-001
2.8575274556574777E+000 5.5157966076097278E+000 7.6082183373586725E+000 7.4417839050000012E-001
2.9307973904179265E+000 5.6572272898561309E+000 7.8033008588294086E+000 7.4417839050000012E-001
3.0040673251783740E+000 5.7986579721025331E+000 7.9983833803001438E+000 7.4417839050000012E-001
3.5177043219970154E+000 6.7901155342863424E+000 6.1803638955977904E+000 7.4417839050000001E-001
3.6079018687148880E+000 6.9642210608065049E+000 6.3388347647156822E+000 7.4417839050000001E-001
3.6980994154327602E+000 7.1383265873266684E+000 6.4973056338335731E+000 7.4417839050000001E-001
4.0232329301784064E+000 7.7659217254673667E+000 4.5079696214480398E+000 7.6013849377343756E-001
4.1263927489009298E+000 7.9650479235562743E+000 4.6235585861005521E+000 7.6013849377343756E-001
4.2295525676234522E+000 8.1641741216451820E+000 4.7391475507530663E+000 7.6013849377343756E-001
4.3529024029495265E+000 8.4022724827336415E+000 2.7069150562730542E+000 7.9205870032031256E-001
4.4645152850764376E+000 8.6177153669062978E+000 2.7763231346390302E+000 7.9205870032031256E-001
4.5761281672033469E+000 8.8331582510789559E+000 2.8457312130050054E+000 7.9205870032031256E-001
4.5079696211898499E+000 8.7015939242379705E+000 8.9453686212295946E-001 8.3993901014062500E-001
4.6235585858357444E+000 8.9247117171671491E+000 9.1747370474149703E-001 8.3993901014062500E-001
4.7391475504816372E+000 9.1478295100963276E+000 9.4041054736003427E-001 8.3993901014062500E-001
4.5079696210998081E+000 8.7015939242199618E+000 0.0000000000000000E+000 8.7185921668750010E-001
4.6235585857433925E+000 8.9247117171486785E+000 0.0000000000000000E+000 8.7185921668750010E-001
4.7391475503869769E+000 9.1478295100773934E+000 0.0000000000000000E+000 8.7185921668750010E-001
0.0000000000000000E+000 0.0000000000000000E+000 9.7500000000000000E+000 9.0847086906250007E-001
0.0000000000000000E+000 0.0000000000000000E+000 9.9999999999999982E+000 9.0847086906250007E-001
0.0000000000000000E+000 0.0000000000000000E+000 1.0249999999999998E+001 9.0847086906250007E-001
2.4835233855016081E-001 8.6376617047869453E-001 9.7500000000000018E+000 8.7521024942187509E-001
2.5472034723093423E-001 8.8591402100378924E-001 1.0000000000000000E+001 8.7521024942187509E-001
2.6108835591170754E-001 9.0806187152888396E-001 1.0249999999999998E+001 8.7521024942187509E-001
7.5152708952616976E-001 2.6138013434747571E+000 9.4146150026748696E+000 8.2531931996093744E-001
7.7079701489863583E-001 2.6808218907433399E+000 9.6560153873588384E+000 8.2531931996093744E-001
7.9006694027110169E-001 2.7478424380119231E+000 9.8974157720428071E+000 8.2531931996093744E-001
1.2515580351696467E+000 4.3529024029495282E+000 8.7015939242677067E+000 7.9205870032031234E-001
1.2836492668406634E+000 4.4645152850764394E+000 8.9247117171976491E+000 7.9205870032031234E-001
1.3157404985116798E+000 4.5761281672033496E+000 9.1478295101275879E+000 7.9205870032031234E-001
1.7158687265305279E+000 5.9677688874640555E+000 7.6082183373064396E+000 7.7542839049999990E-001
1.7598653605441312E+000 6.1207886025272353E+000 7.8033008587758355E+000 7.7542839049999990E-001
1.8038619945577343E+000 6.2738083175904160E+000 7.9983833802452304E+000 7.7542839049999990E-001
2.1122872584490104E+000 7.3465073335513251E+000 6.1803638955107312E+000 7.7542839049999990E-001
2.1664484702041134E+000 7.5348793164628960E+000 6.3388347646263909E+000 7.7542839049999990E-001
2.2206096819592163E+000 7.7232512993744677E+000 6.4973056337420498E+000 7.7542839049999990E-001
2.4158436520523727E+000 8.4022724827336415E+000 4.5079696213385203E+000 7.9205870032031256E-001
2.4777883610793570E+000 8.6177153669062978E+000 4.6235585859882260E+000 7.9205870032031256E-001
2.5397330701063408E+000 8.8331582510789524E+000 4.7391475506379317E+000 7.9205870032031256E-001
2.6138013434747553E+000 9.0907667331891453E+000 2.7069150561721846E+000 8.2531931996093766E-001
2.6808218907433394E+000 9.3238633160914315E+000 2.7763231345355743E+000 8.2531931996093766E-001
2.7478424380119222E+000 9.5569598989937159E+000 2.8457312128989636E+000 8.2531931996093766E-001
2.7069150560352564E+000 9.4146150026683433E+000 8.9453686207512106E-001 8.7521024942187509E-001
2.7763231343951342E+000 9.6560153873521486E+000 9.1747370469243195E-001 8.7521024942187509E-001
2.8457312127550125E+000 9.8974157720359521E+000 9.4041054730974249E-001 8.7521024942187509E-001
2.7069150559523258E+000 9.4146150026643962E+000 0.0000000000000000E+000 9.0847086906250007E-001
2.7763231343100769E+000 9.6560153873480985E+000 0.0000000000000000E+000 9.0847086906250007E-001
2.8457312126678289E+000 9.8974157720317990E+000 0.0000000000000000E+000 9.0847086906250007E-001
0.0000000000000000E+000 0.0000000000000000E+000 9.7500000000000000E+000 9.6338834762500003E-001
0.0000000000000000E+000 0.0000000000000000E+000 1.0000000000000000E+001 9.6338834762500003E-001
0.0000000000000000E+000 0.0000000000000000E+000 1.0250000000000000E+001 9.6338834762500003E-001
8.2071404907006595E-002 8.9453686201018112E-001 9.7500000000000018E+000 9.2811710834375005E-001
8.4175799904622137E-002 9.1747370462582656E-001 9.9999999999999982E+000 9.2811710834375005E-001
8.6280194902237692E-002 9.4041054724147233E-001 1.0250000000000000E+001 9.2811710834375005E-001
2.4835233855016087E-001 2.7069150560352573E+000 9.4146150026683468E+000 8.7521024942187498E-001
2.5472034723093423E-001 2.7763231343951351E+000 9.6560153873521504E+000 8.7521024942187498E-001
2.6108835591170759E-001 2.8457312127550130E+000 9.8974157720359521E+000 8.7521024942187498E-001
4.1359435900329822E-001 4.5079696211898508E+000 8.7015939242379705E+000 8.3993901014062500E-001
4.2419934256748532E-001 4.6235585858357444E+000 8.9247117171671491E+000 8.3993901014062500E-001
4.3480432613167252E-001 4.7391475504816372E+000 9.1478295100963276E+000 8.3993901014062500E-001
5.6703213605678693E-001 6.1803638953925466E+000 7.6082183372355274E+000 8.2230339050000001E-001
5.8157142159670450E-001 6.3388347645051759E+000 7.8033008587031052E+000 8.2230339050000001E-001
5.9611070713662218E-001 6.4973056336178061E+000 7.9983833801706838E+000 8.2230339050000001E-001
6.9803402649343926E-001 7.6082183372355283E+000 6.1803638953925466E+000 8.2230339050000001E-001
7.1593233486506580E-001 7.8033008587031052E+000 6.3388347645051759E+000 8.2230339050000001E-001
7.3383064323669256E-001 7.9983833801706838E+000 6.4973056336178034E+000 8.2230339050000001E-001
7.9834836149902733E-001 8.7015939242379687E+000 4.5079696211898508E+000 8.3993901014062500E-001
8.1881883230669461E-001 8.9247117171671491E+000 4.6235585858357444E+000 8.3993901014062500E-001
8.3928930311436212E-001 9.1478295100963276E+000 4.7391475504816372E+000 8.3993901014062500E-001
8.6376617047869442E-001 9.4146150026683433E+000 2.7069150560352564E+000 8.7521024942187509E-001
8.8591402100378913E-001 9.6560153873521486E+000 2.7763231343951347E+000 8.7521024942187509E-001
9.0806187152888374E-001 9.8974157720359521E+000 2.8457312127550125E+000 8.7521024942187509E-001
8.9453686201018090E-001 9.7500000000000018E+000 8.9453686201018090E-001 9.2811710834375005E-001
9.1747370462582656E-001 9.9999999999999982E+000 9.1747370462582656E-001 9.2811710834375005E-001
9.4041054724147222E-001 1.0250000000000000E+001 9.4041054724147222E-001 9.2811710834375005E-001
8.9453686197085014E-001 9.7500000000000000E+000 0.0000000000000000E+000 9.6338834762500003E-001
9.1747370458548738E-001 1.0000000000000000E+001 0.0000000000000000E+000 9.6338834762500003E-001
9.4041054720012440E-001 1.0250000000000000E+001 0.0000000000000000E+000 9.6338834762500003E-001
0.0000000000000000E+000 0.0000000000000000E+000 9.7500000000000000E+000 1.0000000000000000E+000
0.0000000000000000E+000 0.0000000000000000E+000 1.0000000000000000E+001 1.0000000000000000E+000
0.0000000000000000E+000 0.0000000000000000E+000 1.0250000000000000E+001 1.0000000000000000E+000
0.0000000000000000E+000 8.9453686197085025E-001 9.7500000000000000E+000 9.6338834762500003E-001
0.0000000000000000E+000 9.1747370458548738E-001 1.0000000000000000E+001 9.6338834762500003E-001
0.0000000000000000E+000 9.4041054720012451E-001 1.0250000000000000E+001 9.6338834762500003E-001
0.0000000000000000E+000 2.7069150559523258E+000 9.4146150026643962E+000 9.0847086906250007E-001
0.0000000000000000E+000 2.7763231343100769E+000 9.6560153873481003E+000 9.0847086906250007E-001
0.0000000000000000E+000 2.8457312126678294E+000 9.8974157720317990E+000 9.0847086906250007E-001
0.0000000000000000E+000 4.5079696210998081E+000 8.7015939242199618E+000 8.7185921668750010E-001
0.0000000000000000E+000 4.6235585857433925E+000 8.9247117171486785E+000 8.7185921668750010E-001
0.0000000000000000E+000 4.7391475503869778E+000 9.1478295100773952E+000 8.7185921668750010E-001
0.0000000000000000E+000 6.1803638953209683E+000 7.6082183371925813E+000 8.5355339050000012E-001
0.0000000000000000E+000 6.3388347644317626E+000 7.8033008586590578E+000 8.5355339050000012E-001
0.0000000000000000E+000 6.4973056335425561E+000 7.9983833801255333E+000 8.5355339050000012E-001
0.0000000000000000E+000 7.6082183371925813E+000 6.1803638953209692E+000 8.5355339050000001E-001
0.0000000000000000E+000 7.8033008586590578E+000 6.3388347644317635E+000 8.5355339050000001E-001
0.0000000000000000E+000 7.9983833801255342E+000 6.4973056335425561E+000 8.5355339050000001E-001
0.0000000000000000E+000 8.7015939242199618E+000 4.5079696210998081E+000 8.7185921668750010E-001
0.0000000000000000E+000 8.9247117171486785E+000 4.6235585857433925E+000 8.7185921668750010E-001
0.0000000000000000E+000 9.1478295100773934E+000 4.7391475503869769E+000 8.7185921668750010E-001
0.0000000000000000E+000 9.4146150026643962E+000 2.7069150559523258E+000 9.0847086906250007E-001
0.0000000000000000E+000 9.6560153873480985E+000 2.7763231343100769E+000 9.0847086906250007E-001
0.0000000000000000E+000 9.8974157720317990E+000 2.8457312126678289E+000 9.0847086906250007E-001
0.0000000000000000E+000 9.7500000000000000E+000 8.9453686197085014E-001 9.6338834762500003E-001
0.0000000000000000E+000 1.0000000000000000E+001 9.1747370458548738E-001 9.6338834762500003E-001
0.0000000000000000E+000 1.0250000000000000E+001 9.4041054720012440E-001 9.6338834762500003E-001
0.0000000000000000E+000 9.7500000000000000E+000 0.0000000000000000E+000 1.0000000000000000E+000
0.0000000000000000E+000 1.0000000000000000E+001 0.0000000000000000E+000 1.0000000000000000E+000
0.0000000000000000E+000 1.0250000000000000E+001 0.0000000000000000E+000 1.0000000000000000E+000
!-----------------------------------------------------------------
*material
6		!Number of material properties
1.0e+01, 0.2, 1.0, 0.0, 2.0e-01, 9.0
!-----------------------------------------------------------------
*bcdof
144 
1	,	1
2	,	1
3	,	1
4	,	1
5	,	1
6	,	1
7	,	1
8	,	1
9	,	1
10	,	1
20	,	1
30	,	1
40	,	1
50	,	1
60	,	1
70	,	1
80	,	1
90	,	1
100	,	1
101	,	1
102	,	1
103	,	1
104	,	1
105	,	1
106	,	1
107	,	1
108	,	1
109	,	1
110	,	1
120	,	1
130	,	1
140	,	1
150	,	1
160	,	1
170	,	1
180	,	1
190	,	1
200	,	1
201	,	1
202	,	1
203	,	1
204	,	1
205	,	1
206	,	1
207	,	1
208	,	1
209	,	1
210	,	1
220	,	1
230	,	1
240	,	1
250	,	1
260	,	1
270	,	1
280	,	1
290	,	1
300	,	1
1	,	2
2	,	2
3	,	2
4	,	2
5	,	2
6	,	2
7	,	2
8	,	2
9	,	2
10	,	2
11	,	2
21	,	2
31	,	2
41	,	2
51	,	2
61	,	2
71	,	2
81	,	2
91	,	2
101	,	2
102	,	2
103	,	2
104	,	2
105	,	2
106	,	2
107	,	2
108	,	2
109	,	2
110	,	2
111	,	2
121	,	2
131	,	2
141	,	2
151	,	2
161	,	2
171	,	2
181	,	2
191	,	2
201	,	2
202	,	2
203	,	2
204	,	2
205	,	2
206	,	2
207	,	2
208	,	2
209	,	2
210	,	2
211	,	2
221	,	2
231	,	2
241	,	2
251	,	2
261	,	2
271	,	2
281	,	2
291	,	2
1	,	3
2	,	3
3	,	3
4	,	3
5	,	3
6	,	3
7	,	3
8	,	3
9	,	3
10	,	3
101	,	3
102	,	3
103	,	3
104	,	3
105	,	3
106	,	3
107	,	3
108	,	3
109	,	3
110	,	3
201	,	3
202	,	3
203	,	3
204	,	3
205	,	3
206	,	3
207	,	3
208	,	3
209	,	3
210	,	3
!-----------------------------------------------------------------
*loaddof
6 
 91, 1, -0.01
191, 1, -0.02
291, 1, -0.01
100, 2,  0.01
200, 2,  0.02
300, 2,  0.01
!-----------------------------------------------------------------
*NLGeom
!-----------------------------------------------------------------
*Increments
10
*Iterations
25
!-----------------------------------------------------------------
*end
