!---------------------------------------------------------------------------
!
! Full Sphere
! 8x8x1 mesh
!
!---------------------------------------------------------------------------
*begin
3           !problem dimension
3, 3, 3     !degree of each dimension
11, 4, 11     !control points in each direction
0, 0, 0     !open(0) or closed(1) knot vector
--------------------------------------------------------
*knots    !knot spans
0.0, 0.0, 0.0, 0.0, 0.125, 0.25, 0.375, 0.5, 0.625, 0.75, 0.875, 1.0 1.0, 1.0, 1.0
0.0, 0.0, 0.0, 0.0, 1.0, 1.0, 1.0, 1.0
0.0, 0.0, 0.0, 0.0, 0.125, 0.25, 0.375, 0.5, 0.625, 0.75, 0.875, 1.0 1.0, 1.0, 1.0
--------------------------------------------------------
*element
Hex64
*bnet     !nurbs control points
9.9800000000000004E+000 0.0000000000000000E+000 0.0000000000000000E+000 1.0000000000000000E+000
9.9800000000000004E+000 6.0278989575650765E-001 0.0000000000000000E+000 9.7559223176554566E-001
9.8685617815967355E+000 1.8450100565617578E+000 0.0000000000000000E+000 9.3287863735525056E-001
9.3354709011676000E+000 3.7104896749939322E+000 0.0000000000000000E+000 8.8711407191564862E-001
8.4079067644885992E+000 5.5055807912367873E+000 0.0000000000000000E+000 8.5965533265188754E-001
7.1075556928035359E+000 7.1075556928035368E+000 0.0000000000000000E+000 8.5050241956396710E-001
5.5055807912367865E+000 8.4079067644885992E+000 0.0000000000000000E+000 8.5965533265188754E-001
3.7104896749939313E+000 9.3354709011676000E+000 0.0000000000000000E+000 8.8711407191564862E-001
1.8450100565617578E+000 9.8685617815967355E+000 0.0000000000000000E+000 9.3287863735525056E-001
6.0278989575650765E-001 9.9800000000000004E+000 0.0000000000000000E+000 9.7559223176554566E-001
0.0000000000000000E+000 9.9800000000000004E+000 0.0000000000000000E+000 1.0000000000000000E+000
9.9933333333333323E+000 0.0000000000000000E+000 0.0000000000000000E+000 1.0000000000000000E+000
9.9933333333333323E+000 6.0359522627856044E-001 0.0000000000000000E+000 9.7559223176554566E-001
9.8817462328747521E+000 1.8474749998570976E+000 0.0000000000000000E+000 9.3287863735525056E-001
9.3479431401805133E+000 3.7154469090286608E+000 0.0000000000000000E+000 8.8711407191564862E-001
8.4191397728579886E+000 5.5129362765958208E+000 0.0000000000000000E+000 8.5965533265188754E-001
7.1170514251920505E+000 7.1170514251920522E+000 0.0000000000000000E+000 8.5050241956396710E-001
5.5129362765958208E+000 8.4191397728579886E+000 0.0000000000000000E+000 8.5965533265188754E-001
3.7154469090286604E+000 9.3479431401805151E+000 0.0000000000000000E+000 8.8711407191564862E-001
1.8474749998570981E+000 9.8817462328747538E+000 0.0000000000000000E+000 9.3287863735525056E-001
6.0359522627856110E-001 9.9933333333333323E+000 0.0000000000000000E+000 9.7559223176554566E-001
6.6666666666666672E-016 9.9933333333333323E+000 0.0000000000000000E+000 1.0000000000000000E+000
1.0006666666666666E+001 0.0000000000000000E+000 0.0000000000000000E+000 1.0000000000000000E+000
1.0006666666666666E+001 6.0440055680061333E-001 0.0000000000000000E+000 9.7559223176554566E-001
9.8949306841527722E+000 1.8499399431524373E+000 0.0000000000000000E+000 9.3287863735525056E-001
9.3604153791934319E+000 3.7204041430633885E+000 0.0000000000000000E+000 8.8711407191564862E-001
8.4303727812273799E+000 5.5202917619548550E+000 0.0000000000000000E+000 8.5965533265188754E-001
7.1265471575805677E+000 7.1265471575805677E+000 0.0000000000000000E+000 8.5050241956396710E-001
5.5202917619548550E+000 8.4303727812273799E+000 0.0000000000000000E+000 8.5965533265188754E-001
3.7204041430633890E+000 9.3604153791934319E+000 0.0000000000000000E+000 8.8711407191564862E-001
1.8499399431524384E+000 9.8949306841527722E+000 0.0000000000000000E+000 9.3287863735525056E-001
6.0440055680061466E-001 1.0006666666666666E+001 0.0000000000000000E+000 9.7559223176554566E-001
1.3333333333333334E-015 1.0006666666666666E+001 0.0000000000000000E+000 1.0000000000000000E+000
1.0020000000000000E+001 0.0000000000000000E+000 0.0000000000000000E+000 1.0000000000000000E+000
1.0020000000000000E+001 6.0520588732266611E-001 0.0000000000000000E+000 9.7559223176554566E-001
9.9081151354307888E+000 1.8524048864477769E+000 0.0000000000000000E+000 9.3287863735525056E-001
9.3728876182063487E+000 3.7253613770981167E+000 0.0000000000000000E+000 8.8711407191564862E-001
8.4416057895967729E+000 5.5276472473138893E+000 0.0000000000000000E+000 8.5965533265188754E-001
7.1360428899690849E+000 7.1360428899690831E+000 0.0000000000000000E+000 8.5050241956396710E-001
5.5276472473138893E+000 8.4416057895967693E+000 0.0000000000000000E+000 8.5965533265188754E-001
3.7253613770981175E+000 9.3728876182063487E+000 0.0000000000000000E+000 8.8711407191564862E-001
1.8524048864477785E+000 9.9081151354307888E+000 0.0000000000000000E+000 9.3287863735525056E-001
6.0520588732266800E-001 1.0020000000000000E+001 0.0000000000000000E+000 9.7559223176554566E-001
2.0000000000000002E-015 1.0020000000000000E+001 0.0000000000000000E+000 1.0000000000000000E+000
9.9800000000000004E+000 0.0000000000000000E+000 0.0000000000000000E+000 9.7559223176554566E-001
9.9800000000000004E+000 6.0278989575650777E-001 3.6408382607829796E-002 9.5178020268127816E-001
9.8685617815967390E+000 1.8450100565617580E+000 1.1143821840326355E-001 9.1010915178381002E-001
9.3354709011676036E+000 3.7104896749939331E+000 2.2411279402757420E-001 8.6546159725080840E-001
8.4079067644886010E+000 5.5055807912367882E+000 3.3253591896078699E-001 8.3867306453100743E-001
7.1075556928035377E+000 7.1075556928035386E+000 4.2929486524535238E-001 8.2974355362440710E-001
5.5055807912367873E+000 8.4079067644886010E+000 5.0783579580125437E-001 8.3867306453100743E-001
3.7104896749939322E+000 9.3354709011675983E+000 5.6386047408343976E-001 8.6546159725080840E-001
1.8450100565617575E+000 9.8685617815967372E+000 5.9605905086125777E-001 9.1010915178381002E-001
6.0278989575650777E-001 9.9800000000000004E+000 6.0278989575650777E-001 9.5178020268127816E-001
0.0000000000000000E+000 9.9800000000000004E+000 6.0278989575650765E-001 9.7559223176554566E-001
9.9933333333333323E+000 0.0000000000000000E+000 0.0000000000000000E+000 9.7559223176554566E-001
9.9933333333333323E+000 6.0359522627856055E-001 3.6457024401561032E-002 9.5178020268127816E-001
9.8817462328747538E+000 1.8474749998570974E+000 1.1158710045857853E-001 9.1010915178381002E-001
9.3479431401805133E+000 3.7154469090286604E+000 2.2441220991805860E-001 8.6546159725080840E-001
8.4191397728579886E+000 5.5129362765958216E+000 3.3298018872559770E-001 8.3867306453100743E-001
7.1170514251920531E+000 7.1170514251920531E+000 4.2986840547948113E-001 8.2974355362440710E-001
5.5129362765958216E+000 8.4191397728579886E+000 5.0851426713833026E-001 8.3867306453100743E-001
3.7154469090286608E+000 9.3479431401805133E+000 5.6461379469009765E-001 8.6546159725080840E-001
1.8474749998570981E+000 9.8817462328747538E+000 5.9685538893856072E-001 9.1010915178381002E-001
6.0359522627856110E-001 9.9933333333333323E+000 6.0359522627856055E-001 9.5178020268127816E-001
6.2640014056402752E-016 9.9933333333333323E+000 6.0359522627856044E-001 9.7559223176554566E-001
1.0006666666666666E+001 0.0000000000000000E+000 0.0000000000000000E+000 9.7559223176554566E-001
1.0006666666666666E+001 6.0440055680061333E-001 3.6505666195292268E-002 9.5178020268127816E-001
9.8949306841527722E+000 1.8499399431524373E+000 1.1173598251389351E-001 9.1010915178381002E-001
9.3604153791934301E+000 3.7204041430633881E+000 2.2471162580854295E-001 8.6546159725080840E-001
8.4303727812273799E+000 5.5202917619548542E+000 3.3342445849040830E-001 8.3867306453100743E-001
7.1265471575805677E+000 7.1265471575805686E+000 4.3044194571360989E-001 8.2974355362440710E-001
5.5202917619548542E+000 8.4303727812273799E+000 5.0919273847540603E-001 8.3867306453100743E-001
3.7204041430633890E+000 9.3604153791934301E+000 5.6536711529675554E-001 8.6546159725080840E-001
1.8499399431524384E+000 9.8949306841527704E+000 5.9765172701586367E-001 9.1010915178381002E-001
6.0440055680061466E-001 1.0006666666666666E+001 6.0440055680061333E-001 9.5178020268127816E-001
1.2528002811280550E-015 1.0006666666666666E+001 6.0440055680061333E-001 9.7559223176554566E-001
1.0020000000000000E+001 0.0000000000000000E+000 0.0000000000000000E+000 9.7559223176554566E-001
1.0019999999999998E+001 6.0520588732266611E-001 3.6554307989023496E-002 9.5178020268127816E-001
9.9081151354307906E+000 1.8524048864477769E+000 1.1188486456920849E-001 9.1010915178381002E-001
9.3728876182063470E+000 3.7253613770981171E+000 2.2501104169902739E-001 8.6546159725080840E-001
8.4416057895967711E+000 5.5276472473138893E+000 3.3386872825521902E-001 8.3867306453100743E-001
7.1360428899690840E+000 7.1360428899690840E+000 4.3101548594773864E-001 8.2974355362440710E-001
5.5276472473138911E+000 8.4416057895967711E+000 5.0987120981248191E-001 8.3867306453100743E-001
3.7253613770981175E+000 9.3728876182063470E+000 5.6612043590341343E-001 8.6546159725080840E-001
1.8524048864477785E+000 9.9081151354307906E+000 5.9844806509316661E-001 9.1010915178381002E-001
6.0520588732266789E-001 1.0019999999999998E+001 6.0520588732266611E-001 9.5178020268127816E-001
1.8792004216920827E-015 1.0020000000000000E+001 6.0520588732266611E-001 9.7559223176554566E-001
9.9800000000000004E+000 0.0000000000000000E+000 0.0000000000000000E+000 9.3287863735525056E-001
9.9800000000000004E+000 5.9605905086125777E-001 1.1143821840326355E-001 9.1010915178381002E-001
9.8685617815967372E+000 1.8244083898644285E+000 3.4108838765671551E-001 8.7026255203378899E-001
9.3354709011676018E+000 3.6690577753160731E+000 6.8596099851025782E-001 8.2756976658733805E-001
8.4079067644886010E+000 5.4441046274441369E+000 1.0178208343732578E+000 8.0195409531946737E-001
7.1075556928035386E+000 7.0281916303177656E+000 1.3139791313422142E+000 7.9341553823017708E-001
5.5055807912367891E+000 8.3140227814890668E+000 1.5543760055225553E+000 8.0195409531946726E-001
3.7104896749939331E+000 9.2312295940351738E+000 1.7258554805003889E+000 8.2756976658733783E-001
1.8450100565617578E+000 9.7583678995182126E+000 1.8244083898644290E+000 8.7026255203378888E-001
6.0278989575650765E-001 9.8685617815967372E+000 1.8450100565617578E+000 9.1010915178381002E-001
0.0000000000000000E+000 9.8685617815967355E+000 1.8450100565617578E+000 9.3287863735525056E-001
9.9933333333333305E+000 0.0000000000000000E+000 0.0000000000000000E+000 9.3287863735525056E-001
9.9933333333333323E+000 5.9685538893856072E-001 1.1158710045857853E-001 9.1010915178381002E-001
9.8817462328747521E+000 1.8268458092229649E+000 3.4154408356540855E-001 8.7026255203378899E-001
9.3479431401805133E+000 3.6739596561114189E+000 6.8687744607005774E-001 8.2756976658733805E-001
8.4191397728579904E+000 5.4513779803198128E+000 1.0191806484472368E+000 8.0195409531946737E-001
7.1170514251920522E+000 7.0375813318946774E+000 1.3157346144836202E+000 7.9341553823017708E-001
5.5129362765958216E+000 8.3251303603554501E+000 1.5564526601725517E+000 8.0195409531946726E-001
3.7154469090286608E+000 9.2435625661046910E+000 1.7281612326453459E+000 8.2756976658733783E-001
1.8474749998570981E+000 9.7714051311808934E+000 1.8268458092229651E+000 8.7026255203378888E-001
6.0359522627856099E-001 9.8817462328747538E+000 1.8474749998570974E+000 9.1010915178381002E-001
5.4341950189968203E-016 9.8817462328747521E+000 1.8474749998570976E+000 9.3287863735525056E-001
1.0006666666666666E+001 0.0000000000000000E+000 0.0000000000000000E+000 9.3287863735525056E-001
1.0006666666666664E+001 5.9765172701586367E-001 1.1173598251389351E-001 9.1010915178381002E-001
9.8949306841527722E+000 1.8292832285815011E+000 3.4199977947410143E-001 8.7026255203378899E-001
9.3604153791934284E+000 3.6788615369067639E+000 6.8779389362985766E-001 8.2756976658733805E-001
8.4303727812273817E+000 5.4586513331954896E+000 1.0205404625212156E+000 8.0195409531946737E-001
7.1265471575805686E+000 7.0469710334715865E+000 1.3174900976250259E+000 7.9341553823017708E-001
5.5202917619548559E+000 8.3362379392218333E+000 1.5585293148225485E+000 8.0195409531946726E-001
3.7204041430633894E+000 9.2558955381742116E+000 1.7304669847903031E+000 8.2756976658733783E-001
1.8499399431524386E+000 9.7844423628435795E+000 1.8292832285815013E+000 8.7026255203378888E-001
6.0440055680061444E-001 9.8949306841527722E+000 1.8499399431524373E+000 9.1010915178381002E-001
1.0868390037993641E-015 9.8949306841527722E+000 1.8499399431524373E+000 9.3287863735525056E-001
1.0019999999999996E+001 0.0000000000000000E+000 0.0000000000000000E+000 9.3287863735525056E-001
1.0019999999999998E+001 5.9844806509316661E-001 1.1188486456920849E-001 9.1010915178381002E-001
9.9081151354307888E+000 1.8317206479400372E+000 3.4245547538279453E-001 8.7026255203378899E-001
9.3728876182063470E+000 3.6837634177021092E+000 6.8871034118965746E-001 8.2756976658733805E-001
8.4416057895967711E+000 5.4659246860711672E+000 1.0219002765951948E+000 8.0195409531946737E-001
7.1360428899690849E+000 7.0563607350485000E+000 1.3192455807664318E+000 7.9341553823017708E-001
5.5276472473138911E+000 8.3473455180882201E+000 1.5606059694725454E+000 8.0195409531946726E-001
3.7253613770981180E+000 9.2682285102437305E+000 1.7327727369352601E+000 8.2756976658733783E-001
1.8524048864477785E+000 9.7974795945062603E+000 1.8317206479400374E+000 8.7026255203378888E-001
6.0520588732266767E-001 9.9081151354307906E+000 1.8524048864477769E+000 9.1010915178381002E-001
1.6302585056990464E-015 9.9081151354307888E+000 1.8524048864477769E+000 9.3287863735525056E-001
9.9800000000000004E+000 0.0000000000000000E+000 0.0000000000000000E+000 8.8711407191564862E-001
9.9800000000000004E+000 5.6386047408343976E-001 2.2411279402757420E-001 8.6546159725080840E-001
9.8685617815967355E+000 1.7258554805003885E+000 6.8596099851025760E-001 8.2756976658733805E-001
9.3354709011675983E+000 3.4708585561110894E+000 1.3795324276790153E+000 7.8697137659076266E-001
8.4079067644886010E+000 5.1500189649918147E+000 2.0469339359447920E+000 7.6261234259281729E-001
7.1075556928035395E+000 6.6485350048692924E+000 2.6425362738068010E+000 7.5449266459350217E-001
5.5055807912367882E+000 7.8649067073761074E+000 3.1259971180307211E+000 7.6261234259281729E-001
3.7104896749939322E+000 8.7325668283113220E+000 3.4708585561110894E+000 7.8697137659076266E-001
1.8450100565617575E+000 9.2312295940351721E+000 3.6690577753160736E+000 8.2756976658733794E-001
6.0278989575650754E-001 9.3354709011675983E+000 3.7104896749939322E+000 8.6546159725080840E-001
0.0000000000000000E+000 9.3354709011676000E+000 3.7104896749939322E+000 8.8711407191564862E-001
9.9933333333333305E+000 0.0000000000000000E+000 0.0000000000000000E+000 8.8711407191564862E-001
9.9933333333333305E+000 5.6461379469009765E-001 2.2441220991805860E-001 8.6546159725080840E-001
9.8817462328747521E+000 1.7281612326453455E+000 6.8687744607005763E-001 8.2756976658733805E-001
9.3479431401805133E+000 3.4754956416903959E+000 1.3813754903746454E+000 7.8697137659076266E-001
8.4191397728579904E+000 5.1568994178508554E+000 2.0496686506220727E+000 7.6261234259281729E-001
7.1170514251920522E+000 6.6574174831657116E+000 2.6460667163903770E+000 7.5449266459350217E-001
5.5129362765958208E+000 7.8754142647673904E+000 3.1301734668858048E+000 7.6261234259281729E-001
3.7154469090286595E+000 8.7442335842609680E+000 3.4754956416903964E+000 7.8697137659076266E-001
1.8474749998570978E+000 9.2435625661046910E+000 3.6739596561114198E+000 8.2756976658733794E-001
6.0359522627856088E-001 9.3479431401805133E+000 3.7154469090286608E+000 8.6546159725080840E-001
4.1880496493026501E-016 9.3479431401805133E+000 3.7154469090286608E+000 8.8711407191564862E-001
1.0006666666666664E+001 0.0000000000000000E+000 0.0000000000000000E+000 8.8711407191564862E-001
1.0006666666666664E+001 5.6536711529675554E-001 2.2471162580854295E-001 8.6546159725080840E-001
9.8949306841527704E+000 1.7304669847903027E+000 6.8779389362985766E-001 8.2756976658733805E-001
9.3604153791934301E+000 3.4801327272697034E+000 1.3832185530702754E+000 7.8697137659076266E-001
8.4303727812273799E+000 5.1637798707098970E+000 2.0524033652993534E+000 7.6261234259281729E-001
7.1265471575805668E+000 6.6662999614621308E+000 2.6495971589739531E+000 7.5449266459350217E-001
5.5202917619548550E+000 7.8859218221586742E+000 3.1343498157408898E+000 7.6261234259281729E-001
3.7204041430633876E+000 8.7559003402106157E+000 3.4801327272697034E+000 7.8697137659076266E-001
1.8499399431524377E+000 9.2558955381742116E+000 3.6788615369067652E+000 8.2756976658733794E-001
6.0440055680061400E-001 9.3604153791934337E+000 3.7204041430633885E+000 8.6546159725080840E-001
8.3760992986053001E-016 9.3604153791934319E+000 3.7204041430633885E+000 8.8711407191564862E-001
1.0019999999999998E+001 0.0000000000000000E+000 0.0000000000000000E+000 8.8711407191564862E-001
1.0019999999999998E+001 5.6612043590341332E-001 2.2501104169902739E-001 8.6546159725080840E-001
9.9081151354307870E+000 1.7327727369352592E+000 6.8871034118965757E-001 8.2756976658733805E-001
9.3728876182063452E+000 3.4847698128490090E+000 1.3850616157659053E+000 7.8697137659076266E-001
8.4416057895967711E+000 5.1706603235689359E+000 2.0551380799766346E+000 7.6261234259281729E-001
7.1360428899690840E+000 6.6751824397585473E+000 2.6531276015575291E+000 7.5449266459350217E-001
5.5276472473138902E+000 7.8964293795499589E+000 3.1385261645959739E+000 7.6261234259281729E-001
3.7253613770981171E+000 8.7675670961602634E+000 3.4847698128490103E+000 7.8697137659076266E-001
1.8524048864477780E+000 9.2682285102437305E+000 3.6837634177021101E+000 8.2756976658733794E-001
6.0520588732266722E-001 9.3728876182063487E+000 3.7253613770981162E+000 8.6546159725080840E-001
1.2564148947907950E-015 9.3728876182063487E+000 3.7253613770981167E+000 8.8711407191564862E-001
9.9799999999999986E+000 0.0000000000000000E+000 0.0000000000000000E+000 8.5965533265188754E-001
9.9800000000000004E+000 5.0783579580125449E-001 3.3253591896078699E-001 8.3867306453100743E-001
9.8685617815967355E+000 1.5543760055225551E+000 1.0178208343732578E+000 8.0195409531946737E-001
9.3354709011676000E+000 3.1259971180307207E+000 2.0469339359447920E+000 7.6261234259281729E-001
8.4079067644886010E+000 4.6383176329737763E+000 3.0372164177189873E+000 7.3900729095682727E-001
7.1075556928035377E+000 5.9879424437377091E+000 3.9209641377700239E+000 7.3113894041149718E-001
5.5055807912367873E+000 7.0834565290915004E+000 4.6383176329737763E+000 7.3900729095682727E-001
3.7104896749939318E+000 7.8649067073761083E+000 5.1500189649918164E+000 7.6261234259281729E-001
1.8450100565617573E+000 8.3140227814890668E+000 5.4441046274441369E+000 8.0195409531946737E-001
6.0278989575650765E-001 8.4079067644886010E+000 5.5055807912367873E+000 8.3867306453100743E-001
0.0000000000000000E+000 8.4079067644885992E+000 5.5055807912367873E+000 8.5965533265188754E-001
9.9933333333333305E+000 0.0000000000000000E+000 0.0000000000000000E+000 8.5965533265188754E-001
9.9933333333333305E+000 5.0851426713833026E-001 3.3298018872559770E-001 8.3867306453100743E-001
9.8817462328747521E+000 1.5564526601725515E+000 1.0191806484472368E+000 8.0195409531946737E-001
9.3479431401805133E+000 3.1301734668858048E+000 2.0496686506220727E+000 7.6261234259281729E-001
8.4191397728579886E+000 4.6445144501186970E+000 3.0412741550840092E+000 7.3900729095682727E-001
7.1170514251920514E+000 5.9959423668422343E+000 3.9262025668118015E+000 7.3113894041149718E-001
5.5129362765958208E+000 7.0929200648685100E+000 4.6445144501186979E+000 7.3900729095682727E-001
3.7154469090286599E+000 7.8754142647673930E+000 5.1568994178508571E+000 7.6261234259281729E-001
1.8474749998570976E+000 8.3251303603554501E+000 5.4513779803198128E+000 8.0195409531946737E-001
6.0359522627856077E-001 8.4191397728579886E+000 5.5129362765958216E+000 8.3867306453100743E-001
2.9889239871497741E-016 8.4191397728579886E+000 5.5129362765958208E+000 8.5965533265188754E-001
1.0006666666666664E+001 0.0000000000000000E+000 0.0000000000000000E+000 8.5965533265188754E-001
1.0006666666666666E+001 5.0919273847540614E-001 3.3342445849040830E-001 8.3867306453100743E-001
9.8949306841527687E+000 1.5585293148225485E+000 1.0205404625212156E+000 8.0195409531946737E-001
9.3604153791934284E+000 3.1343498157408898E+000 2.0524033652993539E+000 7.6261234259281729E-001
8.4303727812273781E+000 4.6507112672636186E+000 3.0453318924490311E+000 7.3900729095682727E-001
7.1265471575805668E+000 6.0039422899467594E+000 3.9314409958535768E+000 7.3113894041149718E-001
5.5202917619548524E+000 7.1023836006455179E+000 4.6507112672636186E+000 7.3900729095682727E-001
3.7204041430633876E+000 7.8859218221586742E+000 5.1637798707098979E+000 7.6261234259281729E-001
1.8499399431524373E+000 8.3362379392218333E+000 5.4586513331954905E+000 8.0195409531946737E-001
6.0440055680061378E-001 8.4303727812273799E+000 5.5202917619548550E+000 8.3867306453100743E-001
5.9778479742995482E-016 8.4303727812273799E+000 5.5202917619548550E+000 8.5965533265188754E-001
1.0019999999999998E+001 0.0000000000000000E+000 0.0000000000000000E+000 8.5965533265188754E-001
1.0019999999999998E+001 5.0987120981248202E-001 3.3386872825521902E-001 8.3867306453100743E-001
9.9081151354307906E+000 1.5606059694725452E+000 1.0219002765951948E+000 8.0195409531946737E-001
9.3728876182063452E+000 3.1385261645959734E+000 2.0551380799766350E+000 7.6261234259281729E-001
8.4416057895967711E+000 4.6569080844085402E+000 3.0493896298140530E+000 7.3900729095682727E-001
7.1360428899690822E+000 6.0119422130512854E+000 3.9366794248953543E+000 7.3113894041149718E-001
5.5276472473138893E+000 7.1118471364225275E+000 4.6569080844085411E+000 7.3900729095682727E-001
3.7253613770981171E+000 7.8964293795499607E+000 5.1706603235689386E+000 7.6261234259281729E-001
1.8524048864477776E+000 8.3473455180882201E+000 5.4659246860711672E+000 8.0195409531946737E-001
6.0520588732266678E-001 8.4416057895967711E+000 5.5276472473138893E+000 8.3867306453100743E-001
8.9667719614493213E-016 8.4416057895967729E+000 5.5276472473138893E+000 8.5965533265188754E-001
9.9800000000000004E+000 0.0000000000000000E+000 0.0000000000000000E+000 8.5050241956396710E-001
9.9800000000000004E+000 4.2929486524535243E-001 4.2929486524535238E-001 8.2974355362440710E-001
9.8685617815967372E+000 1.3139791313422144E+000 1.3139791313422144E+000 7.9341553823017708E-001
9.3354709011675983E+000 2.6425362738068006E+000 2.6425362738068006E+000 7.5449266459350217E-001
8.4079067644885974E+000 3.9209641377700231E+000 3.9209641377700231E+000 7.3113894041149730E-001
7.1075556928035359E+000 5.0618585096496966E+000 5.0618585096496966E+000 7.2335436568416234E-001
5.5055807912367873E+000 5.9879424437377082E+000 5.9879424437377091E+000 7.3113894041149718E-001
3.7104896749939309E+000 6.6485350048692933E+000 6.6485350048692942E+000 7.5449266459350228E-001
1.8450100565617573E+000 7.0281916303177656E+000 7.0281916303177656E+000 7.9341553823017719E-001
6.0278989575650765E-001 7.1075556928035377E+000 7.1075556928035377E+000 8.2974355362440710E-001
0.0000000000000000E+000 7.1075556928035359E+000 7.1075556928035368E+000 8.5050241956396710E-001
9.9933333333333323E+000 0.0000000000000000E+000 0.0000000000000000E+000 8.5050241956396710E-001
9.9933333333333323E+000 4.2986840547948124E-001 4.2986840547948113E-001 8.2974355362440710E-001
9.8817462328747521E+000 1.3157346144836202E+000 1.3157346144836202E+000 7.9341553823017708E-001
9.3479431401805133E+000 2.6460667163903770E+000 2.6460667163903770E+000 7.5449266459350217E-001
8.4191397728579869E+000 3.9262025668117997E+000 3.9262025668118001E+000 7.3113894041149730E-001
7.1170514251920505E+000 5.0686211796692682E+000 5.0686211796692691E+000 7.2335436568416234E-001
5.5129362765958216E+000 5.9959423668422360E+000 5.9959423668422360E+000 7.3113894041149718E-001
3.7154469090286599E+000 6.6574174831657134E+000 6.6574174831657134E+000 7.5449266459350228E-001
1.8474749998570976E+000 7.0375813318946765E+000 7.0375813318946774E+000 7.9341553823017719E-001
6.0359522627856066E-001 7.1170514251920505E+000 7.1170514251920531E+000 8.2974355362440710E-001
1.9188004724091263E-016 7.1170514251920505E+000 7.1170514251920522E+000 8.5050241956396710E-001
1.0006666666666666E+001 0.0000000000000000E+000 0.0000000000000000E+000 8.5050241956396710E-001
1.0006666666666666E+001 4.3044194571360994E-001 4.3044194571360989E-001 8.2974355362440710E-001
9.8949306841527704E+000 1.3174900976250263E+000 1.3174900976250259E+000 7.9341553823017708E-001
9.3604153791934301E+000 2.6495971589739540E+000 2.6495971589739531E+000 7.5449266459350217E-001
8.4303727812273781E+000 3.9314409958535772E+000 3.9314409958535768E+000 7.3113894041149730E-001
7.1265471575805641E+000 5.0753838496888415E+000 5.0753838496888397E+000 7.2335436568416234E-001
5.5202917619548550E+000 6.0039422899467612E+000 6.0039422899467612E+000 7.3113894041149718E-001
3.7204041430633872E+000 6.6662999614621299E+000 6.6662999614621299E+000 7.5449266459350228E-001
1.8499399431524370E+000 7.0469710334715865E+000 7.0469710334715883E+000 7.9341553823017719E-001
6.0440055680061355E-001 7.1265471575805686E+000 7.1265471575805686E+000 8.2974355362440710E-001
3.8376009448182526E-016 7.1265471575805677E+000 7.1265471575805677E+000 8.5050241956396710E-001
1.0020000000000000E+001 0.0000000000000000E+000 0.0000000000000000E+000 8.5050241956396710E-001
1.0019999999999998E+001 4.3101548594773870E-001 4.3101548594773864E-001 8.2974355362440710E-001
9.9081151354307906E+000 1.3192455807664318E+000 1.3192455807664318E+000 7.9341553823017708E-001
9.3728876182063470E+000 2.6531276015575291E+000 2.6531276015575291E+000 7.5449266459350217E-001
8.4416057895967693E+000 3.9366794248953538E+000 3.9366794248953538E+000 7.3113894041149730E-001
7.1360428899690813E+000 5.0821465197084130E+000 5.0821465197084130E+000 7.2335436568416234E-001
5.5276472473138893E+000 6.0119422130512854E+000 6.0119422130512872E+000 7.3113894041149718E-001
3.7253613770981167E+000 6.6751824397585473E+000 6.6751824397585491E+000 7.5449266459350228E-001
1.8524048864477771E+000 7.0563607350484983E+000 7.0563607350484983E+000 7.9341553823017719E-001
6.0520588732266645E-001 7.1360428899690840E+000 7.1360428899690831E+000 8.2974355362440710E-001
5.7564014172273761E-016 7.1360428899690849E+000 7.1360428899690831E+000 8.5050241956396710E-001
9.9799999999999986E+000 0.0000000000000000E+000 0.0000000000000000E+000 8.5965533265188754E-001
9.9799999999999986E+000 3.3253591896078699E-001 5.0783579580125437E-001 8.3867306453100743E-001
9.8685617815967337E+000 1.0178208343732578E+000 1.5543760055225551E+000 8.0195409531946737E-001
9.3354709011676000E+000 2.0469339359447920E+000 3.1259971180307211E+000 7.6261234259281729E-001
8.4079067644886010E+000 3.0372164177189873E+000 4.6383176329737772E+000 7.3900729095682727E-001
7.1075556928035377E+000 3.9209641377700239E+000 5.9879424437377091E+000 7.3113894041149718E-001
5.5055807912367873E+000 4.6383176329737763E+000 7.0834565290915004E+000 7.3900729095682727E-001
3.7104896749939318E+000 5.1500189649918164E+000 7.8649067073761083E+000 7.6261234259281729E-001
1.8450100565617573E+000 5.4441046274441369E+000 8.3140227814890668E+000 8.0195409531946737E-001
6.0278989575650765E-001 5.5055807912367873E+000 8.4079067644886010E+000 8.3867306453100743E-001
0.0000000000000000E+000 5.5055807912367865E+000 8.4079067644885992E+000 8.5965533265188754E-001
9.9933333333333305E+000 0.0000000000000000E+000 0.0000000000000000E+000 8.5965533265188754E-001
9.9933333333333305E+000 3.3298018872559770E-001 5.0851426713833026E-001 8.3867306453100743E-001
9.8817462328747521E+000 1.0191806484472370E+000 1.5564526601725515E+000 8.0195409531946737E-001
9.3479431401805133E+000 2.0496686506220732E+000 3.1301734668858048E+000 7.6261234259281729E-001
8.4191397728579886E+000 3.0412741550840092E+000 4.6445144501186970E+000 7.3900729095682727E-001
7.1170514251920514E+000 3.9262025668118015E+000 5.9959423668422334E+000 7.3113894041149718E-001
5.5129362765958199E+000 4.6445144501186979E+000 7.0929200648685082E+000 7.3900729095682727E-001
3.7154469090286599E+000 5.1568994178508571E+000 7.8754142647673904E+000 7.6261234259281729E-001
1.8474749998570974E+000 5.4513779803198128E+000 8.3251303603554483E+000 8.0195409531946737E-001
6.0359522627856055E-001 5.5129362765958208E+000 8.4191397728579886E+000 8.3867306453100743E-001
1.0501624819715421E-016 5.5129362765958199E+000 8.4191397728579886E+000 8.5965533265188754E-001
1.0006666666666664E+001 0.0000000000000000E+000 0.0000000000000000E+000 8.5965533265188754E-001
1.0006666666666666E+001 3.3342445849040842E-001 5.0919273847540603E-001 8.3867306453100743E-001
9.8949306841527722E+000 1.0205404625212158E+000 1.5585293148225483E+000 8.0195409531946737E-001
9.3604153791934284E+000 2.0524033652993543E+000 3.1343498157408889E+000 7.6261234259281729E-001
8.4303727812273781E+000 3.0453318924490316E+000 4.6507112672636186E+000 7.3900729095682727E-001
7.1265471575805668E+000 3.9314409958535781E+000 6.0039422899467594E+000 7.3113894041149718E-001
5.5202917619548524E+000 4.6507112672636195E+000 7.1023836006455170E+000 7.3900729095682727E-001
3.7204041430633876E+000 5.1637798707098979E+000 7.8859218221586742E+000 7.6261234259281729E-001
1.8499399431524373E+000 5.4586513331954905E+000 8.3362379392218333E+000 8.0195409531946737E-001
6.0440055680061355E-001 5.5202917619548550E+000 8.4303727812273799E+000 8.3867306453100743E-001
2.1003249639430842E-016 5.5202917619548550E+000 8.4303727812273799E+000 8.5965533265188754E-001
1.0019999999999998E+001 0.0000000000000000E+000 0.0000000000000000E+000 8.5965533265188754E-001
1.0019999999999998E+001 3.3386872825521907E-001 5.0987120981248191E-001 8.3867306453100743E-001
9.9081151354307906E+000 1.0219002765951948E+000 1.5606059694725452E+000 8.0195409531946737E-001
9.3728876182063452E+000 2.0551380799766350E+000 3.1385261645959739E+000 7.6261234259281729E-001
8.4416057895967711E+000 3.0493896298140530E+000 4.6569080844085411E+000 7.3900729095682727E-001
7.1360428899690822E+000 3.9366794248953543E+000 6.0119422130512881E+000 7.3113894041149718E-001
5.5276472473138885E+000 4.6569080844085411E+000 7.1118471364225293E+000 7.3900729095682727E-001
3.7253613770981158E+000 5.1706603235689377E+000 7.8964293795499607E+000 7.6261234259281729E-001
1.8524048864477771E+000 5.4659246860711672E+000 8.3473455180882201E+000 8.0195409531946737E-001
6.0520588732266634E-001 5.5276472473138893E+000 8.4416057895967711E+000 8.3867306453100743E-001
3.1504874459146259E-016 5.5276472473138893E+000 8.4416057895967693E+000 8.5965533265188754E-001
9.9800000000000004E+000 0.0000000000000000E+000 0.0000000000000000E+000 8.8711407191564862E-001
9.9800000000000004E+000 2.2411279402757422E-001 5.6386047408343976E-001 8.6546159725080840E-001
9.8685617815967355E+000 6.8596099851025760E-001 1.7258554805003885E+000 8.2756976658733805E-001
9.3354709011675983E+000 1.3795324276790153E+000 3.4708585561110894E+000 7.8697137659076266E-001
8.4079067644886010E+000 2.0469339359447916E+000 5.1500189649918164E+000 7.6261234259281729E-001
7.1075556928035386E+000 2.6425362738068006E+000 6.6485350048692951E+000 7.5449266459350217E-001
5.5055807912367882E+000 3.1259971180307211E+000 7.8649067073761101E+000 7.6261234259281718E-001
3.7104896749939318E+000 3.4708585561110907E+000 8.7325668283113220E+000 7.8697137659076255E-001
1.8450100565617578E+000 3.6690577753160740E+000 9.2312295940351738E+000 8.2756976658733794E-001
6.0278989575650765E-001 3.7104896749939322E+000 9.3354709011675983E+000 8.6546159725080840E-001
0.0000000000000000E+000 3.7104896749939313E+000 9.3354709011676000E+000 8.8711407191564862E-001
9.9933333333333323E+000 0.0000000000000000E+000 0.0000000000000000E+000 8.8711407191564862E-001
9.9933333333333323E+000 2.2441220991805863E-001 5.6461379469009765E-001 8.6546159725080840E-001
9.8817462328747521E+000 6.8687744607005785E-001 1.7281612326453455E+000 8.2756976658733805E-001
9.3479431401805133E+000 1.3813754903746458E+000 3.4754956416903959E+000 7.8697137659076266E-001
8.4191397728579904E+000 2.0496686506220736E+000 5.1568994178508554E+000 7.6261234259281729E-001
7.1170514251920522E+000 2.6460667163903775E+000 6.6574174831657116E+000 7.5449266459350217E-001
5.5129362765958216E+000 3.1301734668858052E+000 7.8754142647673913E+000 7.6261234259281718E-001
3.7154469090286599E+000 3.4754956416903964E+000 8.7442335842609697E+000 7.8697137659076255E-001
1.8474749998570974E+000 3.6739596561114189E+000 9.2435625661046910E+000 8.2756976658733794E-001
6.0359522627856044E-001 3.7154469090286599E+000 9.3479431401805133E+000 8.6546159725080840E-001
4.3054716020868367E-017 3.7154469090286599E+000 9.3479431401805151E+000 8.8711407191564862E-001
1.0006666666666664E+001 0.0000000000000000E+000 0.0000000000000000E+000 8.8711407191564862E-001
1.0006666666666664E+001 2.2471162580854304E-001 5.6536711529675554E-001 8.6546159725080840E-001
9.8949306841527704E+000 6.8779389362985788E-001 1.7304669847903027E+000 8.2756976658733805E-001
9.3604153791934284E+000 1.3832185530702756E+000 3.4801327272697034E+000 7.8697137659076266E-001
8.4303727812273799E+000 2.0524033652993543E+000 5.1637798707098970E+000 7.6261234259281729E-001
7.1265471575805668E+000 2.6495971589739535E+000 6.6662999614621299E+000 7.5449266459350217E-001
5.5202917619548559E+000 3.1343498157408902E+000 7.8859218221586760E+000 7.6261234259281718E-001
3.7204041430633872E+000 3.4801327272697038E+000 8.7559003402106157E+000 7.8697137659076255E-001
1.8499399431524373E+000 3.6788615369067643E+000 9.2558955381742098E+000 8.2756976658733794E-001
6.0440055680061322E-001 3.7204041430633881E+000 9.3604153791934319E+000 8.6546159725080840E-001
8.6109432041736734E-017 3.7204041430633881E+000 9.3604153791934319E+000 8.8711407191564862E-001
1.0020000000000000E+001 0.0000000000000000E+000 0.0000000000000000E+000 8.8711407191564862E-001
1.0020000000000000E+001 2.2501104169902744E-001 5.6612043590341343E-001 8.6546159725080840E-001
9.9081151354307870E+000 6.8871034118965768E-001 1.7327727369352597E+000 8.2756976658733805E-001
9.3728876182063452E+000 1.3850616157659057E+000 3.4847698128490094E+000 7.8697137659076266E-001
8.4416057895967711E+000 2.0551380799766350E+000 5.1706603235689377E+000 7.6261234259281729E-001
7.1360428899690831E+000 2.6531276015575300E+000 6.6751824397585500E+000 7.5449266459350217E-001
5.5276472473138893E+000 3.1385261645959748E+000 7.8964293795499625E+000 7.6261234259281718E-001
3.7253613770981158E+000 3.4847698128490108E+000 8.7675670961602670E+000 7.8697137659076255E-001
1.8524048864477771E+000 3.6837634177021101E+000 9.2682285102437305E+000 8.2756976658733794E-001
6.0520588732266623E-001 3.7253613770981167E+000 9.3728876182063487E+000 8.6546159725080840E-001
1.2916414806260508E-016 3.7253613770981167E+000 9.3728876182063487E+000 8.8711407191564862E-001
9.9800000000000004E+000 0.0000000000000000E+000 0.0000000000000000E+000 9.3287863735525056E-001
9.9800000000000004E+000 1.1143821840326355E-001 5.9605905086125777E-001 9.1010915178381002E-001
9.8685617815967372E+000 3.4108838765671551E-001 1.8244083898644285E+000 8.7026255203378899E-001
9.3354709011676018E+000 6.8596099851025760E-001 3.6690577753160731E+000 8.2756976658733805E-001
8.4079067644886010E+000 1.0178208343732575E+000 5.4441046274441351E+000 8.0195409531946737E-001
7.1075556928035386E+000 1.3139791313422142E+000 7.0281916303177647E+000 7.9341553823017708E-001
5.5055807912367882E+000 1.5543760055225548E+000 8.3140227814890650E+000 8.0195409531946726E-001
3.7104896749939331E+000 1.7258554805003887E+000 9.2312295940351738E+000 8.2756976658733783E-001
1.8450100565617578E+000 1.8244083898644283E+000 9.7583678995182144E+000 8.7026255203378899E-001
6.0278989575650777E-001 1.8450100565617575E+000 9.8685617815967372E+000 9.1010915178381002E-001
0.0000000000000000E+000 1.8450100565617578E+000 9.8685617815967355E+000 9.3287863735525056E-001
9.9933333333333323E+000 0.0000000000000000E+000 0.0000000000000000E+000 9.3287863735525056E-001
9.9933333333333323E+000 1.1158710045857854E-001 5.9685538893856072E-001 9.1010915178381002E-001
9.8817462328747521E+000 3.4154408356540855E-001 1.8268458092229649E+000 8.7026255203378899E-001
9.3479431401805133E+000 6.8687744607005774E-001 3.6739596561114189E+000 8.2756976658733805E-001
8.4191397728579886E+000 1.0191806484472368E+000 5.4513779803198128E+000 8.0195409531946737E-001
7.1170514251920522E+000 1.3157346144836202E+000 7.0375813318946774E+000 7.9341553823017708E-001
5.5129362765958216E+000 1.5564526601725517E+000 8.3251303603554501E+000 8.0195409531946726E-001
3.7154469090286608E+000 1.7281612326453457E+000 9.2435625661046927E+000 8.2756976658733783E-001
1.8474749998570976E+000 1.8268458092229647E+000 9.7714051311808934E+000 8.7026255203378899E-001
6.0359522627856044E-001 1.8474749998570972E+000 9.8817462328747538E+000 9.1010915178381002E-001
7.4441027657490704E-018 1.8474749998570972E+000 9.8817462328747538E+000 9.3287863735525056E-001
1.0006666666666664E+001 0.0000000000000000E+000 0.0000000000000000E+000 9.3287863735525056E-001
1.0006666666666664E+001 1.1173598251389354E-001 5.9765172701586367E-001 9.1010915178381002E-001
9.8949306841527722E+000 3.4199977947410160E-001 1.8292832285815011E+000 8.7026255203378899E-001
9.3604153791934301E+000 6.8779389362985788E-001 3.6788615369067639E+000 8.2756976658733805E-001
8.4303727812273781E+000 1.0205404625212158E+000 5.4586513331954896E+000 8.0195409531946737E-001
7.1265471575805668E+000 1.3174900976250261E+000 7.0469710334715865E+000 7.9341553823017708E-001
5.5202917619548550E+000 1.5585293148225485E+000 8.3362379392218333E+000 8.0195409531946726E-001
3.7204041430633881E+000 1.7304669847903031E+000 9.2558955381742116E+000 8.2756976658733783E-001
1.8499399431524370E+000 1.8292832285815011E+000 9.7844423628435777E+000 8.7026255203378899E-001
6.0440055680061322E-001 1.8499399431524370E+000 9.8949306841527722E+000 9.1010915178381002E-001
1.4888205531498141E-017 1.8499399431524373E+000 9.8949306841527722E+000 9.3287863735525056E-001
1.0020000000000000E+001 0.0000000000000000E+000 0.0000000000000000E+000 9.3287863735525056E-001
1.0020000000000000E+001 1.1188486456920851E-001 5.9844806509316661E-001 9.1010915178381002E-001
9.9081151354307888E+000 3.4245547538279458E-001 1.8317206479400376E+000 8.7026255203378899E-001
9.3728876182063470E+000 6.8871034118965768E-001 3.6837634177021101E+000 8.2756976658733805E-001
8.4416057895967711E+000 1.0219002765951948E+000 5.4659246860711672E+000 8.0195409531946737E-001
7.1360428899690840E+000 1.3192455807664318E+000 7.0563607350485000E+000 7.9341553823017708E-001
5.5276472473138893E+000 1.5606059694725454E+000 8.3473455180882201E+000 8.0195409531946726E-001
3.7253613770981167E+000 1.7327727369352601E+000 9.2682285102437305E+000 8.2756976658733783E-001
1.8524048864477767E+000 1.8317206479400372E+000 9.7974795945062585E+000 8.7026255203378899E-001
6.0520588732266600E-001 1.8524048864477769E+000 9.9081151354307906E+000 9.1010915178381002E-001
2.2332308297247213E-017 1.8524048864477769E+000 9.9081151354307888E+000 9.3287863735525056E-001
9.9800000000000004E+000 0.0000000000000000E+000 0.0000000000000000E+000 9.7559223176554566E-001
9.9800000000000004E+000 3.6408382607829803E-002 6.0278989575650777E-001 9.5178020268127816E-001
9.8685617815967390E+000 1.1143821840326357E-001 1.8450100565617580E+000 9.1010915178381002E-001
9.3354709011676036E+000 2.2411279402757420E-001 3.7104896749939331E+000 8.6546159725080840E-001
8.4079067644886010E+000 3.3253591896078699E-001 5.5055807912367882E+000 8.3867306453100743E-001
7.1075556928035377E+000 4.2929486524535238E-001 7.1075556928035386E+000 8.2974355362440710E-001
5.5055807912367873E+000 5.0783579580125437E-001 8.4079067644886010E+000 8.3867306453100743E-001
3.7104896749939322E+000 5.6386047408343976E-001 9.3354709011675983E+000 8.6546159725080840E-001
1.8450100565617575E+000 5.9605905086125777E-001 9.8685617815967372E+000 9.1010915178381002E-001
6.0278989575650777E-001 6.0278989575650777E-001 9.9800000000000004E+000 9.5178020268127816E-001
0.0000000000000000E+000 6.0278989575650765E-001 9.9800000000000004E+000 9.7559223176554566E-001
9.9933333333333323E+000 0.0000000000000000E+000 0.0000000000000000E+000 9.7559223176554566E-001
9.9933333333333323E+000 3.6457024401561039E-002 6.0359522627856055E-001 9.5178020268127816E-001
9.8817462328747538E+000 1.1158710045857854E-001 1.8474749998570974E+000 9.1010915178381002E-001
9.3479431401805133E+000 2.2441220991805863E-001 3.7154469090286604E+000 8.6546159725080840E-001
8.4191397728579886E+000 3.3298018872559770E-001 5.5129362765958216E+000 8.3867306453100743E-001
7.1170514251920531E+000 4.2986840547948113E-001 7.1170514251920531E+000 8.2974355362440710E-001
5.5129362765958216E+000 5.0851426713833026E-001 8.4191397728579886E+000 8.3867306453100743E-001
3.7154469090286604E+000 5.6461379469009765E-001 9.3479431401805133E+000 8.6546159725080840E-001
1.8474749998570974E+000 5.9685538893856072E-001 9.8817462328747538E+000 9.1010915178381002E-001
6.0359522627856055E-001 6.0359522627856055E-001 9.9933333333333323E+000 9.5178020268127816E-001
0.0000000000000000E+000 6.0359522627856044E-001 9.9933333333333323E+000 9.7559223176554566E-001
1.0006666666666666E+001 0.0000000000000000E+000 0.0000000000000000E+000 9.7559223176554566E-001
1.0006666666666666E+001 3.6505666195292281E-002 6.0440055680061333E-001 9.5178020268127816E-001
9.8949306841527722E+000 1.1173598251389354E-001 1.8499399431524373E+000 9.1010915178381002E-001
9.3604153791934301E+000 2.2471162580854304E-001 3.7204041430633881E+000 8.6546159725080840E-001
8.4303727812273799E+000 3.3342445849040842E-001 5.5202917619548542E+000 8.3867306453100743E-001
7.1265471575805677E+000 4.3044194571360994E-001 7.1265471575805686E+000 8.2974355362440710E-001
5.5202917619548542E+000 5.0919273847540614E-001 8.4303727812273799E+000 8.3867306453100743E-001
3.7204041430633885E+000 5.6536711529675554E-001 9.3604153791934301E+000 8.6546159725080840E-001
1.8499399431524370E+000 5.9765172701586367E-001 9.8949306841527704E+000 9.1010915178381002E-001
6.0440055680061333E-001 6.0440055680061333E-001 1.0006666666666666E+001 9.5178020268127816E-001
0.0000000000000000E+000 6.0440055680061333E-001 1.0006666666666666E+001 9.7559223176554566E-001
1.0020000000000000E+001 0.0000000000000000E+000 0.0000000000000000E+000 9.7559223176554566E-001
1.0019999999999998E+001 3.6554307989023510E-002 6.0520588732266611E-001 9.5178020268127816E-001
9.9081151354307906E+000 1.1188486456920851E-001 1.8524048864477769E+000 9.1010915178381002E-001
9.3728876182063470E+000 2.2501104169902741E-001 3.7253613770981171E+000 8.6546159725080840E-001
8.4416057895967711E+000 3.3386872825521907E-001 5.5276472473138893E+000 8.3867306453100743E-001
7.1360428899690840E+000 4.3101548594773870E-001 7.1360428899690840E+000 8.2974355362440710E-001
5.5276472473138893E+000 5.0987120981248191E-001 8.4416057895967711E+000 8.3867306453100743E-001
3.7253613770981167E+000 5.6612043590341343E-001 9.3728876182063470E+000 8.6546159725080840E-001
1.8524048864477769E+000 5.9844806509316661E-001 9.9081151354307906E+000 9.1010915178381002E-001
6.0520588732266611E-001 6.0520588732266611E-001 1.0019999999999998E+001 9.5178020268127816E-001
0.0000000000000000E+000 6.0520588732266611E-001 1.0020000000000000E+001 9.7559223176554566E-001
9.9800000000000004E+000 0.0000000000000000E+000 0.0000000000000000E+000 1.0000000000000000E+000
9.9800000000000004E+000 0.0000000000000000E+000 6.0278989575650765E-001 9.7559223176554566E-001
9.8685617815967355E+000 0.0000000000000000E+000 1.8450100565617578E+000 9.3287863735525056E-001
9.3354709011676000E+000 0.0000000000000000E+000 3.7104896749939322E+000 8.8711407191564862E-001
8.4079067644885992E+000 0.0000000000000000E+000 5.5055807912367873E+000 8.5965533265188754E-001
7.1075556928035359E+000 0.0000000000000000E+000 7.1075556928035368E+000 8.5050241956396710E-001
5.5055807912367865E+000 0.0000000000000000E+000 8.4079067644885992E+000 8.5965533265188754E-001
3.7104896749939313E+000 0.0000000000000000E+000 9.3354709011676000E+000 8.8711407191564862E-001
1.8450100565617578E+000 0.0000000000000000E+000 9.8685617815967355E+000 9.3287863735525056E-001
6.0278989575650765E-001 0.0000000000000000E+000 9.9800000000000004E+000 9.7559223176554566E-001
0.0000000000000000E+000 0.0000000000000000E+000 9.9800000000000004E+000 1.0000000000000000E+000
9.9933333333333323E+000 0.0000000000000000E+000 0.0000000000000000E+000 1.0000000000000000E+000
9.9933333333333323E+000 0.0000000000000000E+000 6.0359522627856044E-001 9.7559223176554566E-001
9.8817462328747521E+000 0.0000000000000000E+000 1.8474749998570976E+000 9.3287863735525056E-001
9.3479431401805133E+000 0.0000000000000000E+000 3.7154469090286608E+000 8.8711407191564862E-001
8.4191397728579886E+000 0.0000000000000000E+000 5.5129362765958208E+000 8.5965533265188754E-001
7.1170514251920505E+000 0.0000000000000000E+000 7.1170514251920522E+000 8.5050241956396710E-001
5.5129362765958199E+000 0.0000000000000000E+000 8.4191397728579886E+000 8.5965533265188754E-001
3.7154469090286599E+000 0.0000000000000000E+000 9.3479431401805151E+000 8.8711407191564862E-001
1.8474749998570972E+000 0.0000000000000000E+000 9.8817462328747538E+000 9.3287863735525056E-001
6.0359522627856044E-001 0.0000000000000000E+000 9.9933333333333323E+000 9.7559223176554566E-001
0.0000000000000000E+000 0.0000000000000000E+000 9.9933333333333323E+000 1.0000000000000000E+000
1.0006666666666666E+001 0.0000000000000000E+000 0.0000000000000000E+000 1.0000000000000000E+000
1.0006666666666666E+001 0.0000000000000000E+000 6.0440055680061333E-001 9.7559223176554566E-001
9.8949306841527722E+000 0.0000000000000000E+000 1.8499399431524373E+000 9.3287863735525056E-001
9.3604153791934319E+000 0.0000000000000000E+000 3.7204041430633885E+000 8.8711407191564862E-001
8.4303727812273799E+000 0.0000000000000000E+000 5.5202917619548550E+000 8.5965533265188754E-001
7.1265471575805677E+000 0.0000000000000000E+000 7.1265471575805677E+000 8.5050241956396710E-001
5.5202917619548550E+000 0.0000000000000000E+000 8.4303727812273799E+000 8.5965533265188754E-001
3.7204041430633881E+000 0.0000000000000000E+000 9.3604153791934319E+000 8.8711407191564862E-001
1.8499399431524373E+000 0.0000000000000000E+000 9.8949306841527722E+000 9.3287863735525056E-001
6.0440055680061333E-001 0.0000000000000000E+000 1.0006666666666666E+001 9.7559223176554566E-001
0.0000000000000000E+000 0.0000000000000000E+000 1.0006666666666666E+001 1.0000000000000000E+000
1.0020000000000000E+001 0.0000000000000000E+000 0.0000000000000000E+000 1.0000000000000000E+000
1.0020000000000000E+001 0.0000000000000000E+000 6.0520588732266611E-001 9.7559223176554566E-001
9.9081151354307888E+000 0.0000000000000000E+000 1.8524048864477769E+000 9.3287863735525056E-001
9.3728876182063487E+000 0.0000000000000000E+000 3.7253613770981167E+000 8.8711407191564862E-001
8.4416057895967729E+000 0.0000000000000000E+000 5.5276472473138893E+000 8.5965533265188754E-001
7.1360428899690849E+000 0.0000000000000000E+000 7.1360428899690831E+000 8.5050241956396710E-001
5.5276472473138893E+000 0.0000000000000000E+000 8.4416057895967693E+000 8.5965533265188754E-001
3.7253613770981167E+000 0.0000000000000000E+000 9.3728876182063487E+000 8.8711407191564862E-001
1.8524048864477769E+000 0.0000000000000000E+000 9.9081151354307888E+000 9.3287863735525056E-001
6.0520588732266611E-001 0.0000000000000000E+000 1.0020000000000000E+001 9.7559223176554566E-001
0.0000000000000000E+000 0.0000000000000000E+000 1.0020000000000000E+001 1.0000000000000000E+000
 --------------------------------------------------------
*material
5
6.825e7, 0.30, 1.0, 1.0, 1e15
!Young Modulus, Poisson coef, thickness (set to 1.0 if not used), density, Yield Stress
*bcdof
212
1	,	1
2	,	1
3	,	1
4	,	1
5	,	1
6	,	1
7	,	1
8	,	1
9	,	1
10	,	1
11	,	1
12	,	1
13	,	1
14	,	1
15	,	1
16	,	1
17	,	1
18	,	1
19	,	1
20	,	1
21	,	1
22	,	1
23	,	1
24	,	1
25	,	1
26	,	1
27	,	1
28	,	1
29	,	1
30	,	1
31	,	1
32	,	1
33	,	1
34	,	1
35	,	1
36	,	1
37	,	1
38	,	1
39	,	1
40	,	1
41	,	1
42	,	1
43	,	1
44	,	1
1	,	2
2	,	2
3	,	2
4	,	2
5	,	2
6	,	2
7	,	2
8	,	2
9	,	2
10	,	2
11	,	2
12	,	2
13	,	2
14	,	2
15	,	2
16	,	2
17	,	2
18	,	2
19	,	2
20	,	2
21	,	2
22	,	2
23	,	2
24	,	2
25	,	2
26	,	2
27	,	2
28	,	2
29	,	2
30	,	2
31	,	2
32	,	2
33	,	2
34	,	2
35	,	2
36	,	2
37	,	2
38	,	2
39	,	2
40	,	2
41	,	2
42	,	2
43	,	2
44	,	2
1	,	3
2	,	3
3	,	3
4	,	3
5	,	3
6	,	3
7	,	3
8	,	3
9	,	3
10	,	3
11	,	3
12	,	3
13	,	3
14	,	3
15	,	3
16	,	3
17	,	3
18	,	3
19	,	3
20	,	3
21	,	3
22	,	3
23	,	3
24	,	3
25	,	3
26	,	3
27	,	3
28	,	3
29	,	3
30	,	3
31	,	3
32	,	3
33	,	3
34	,	3
35	,	3
36	,	3
37	,	3
38	,	3
39	,	3
40	,	3
41	,	3
42	,	3
43	,	3
44	,	3
55	,	2
66	,	2
77	,	2
88	,	2
99	,	2
110	,	2
121	,	2
132	,	2
143	,	2
154	,	2
165	,	2
176	,	2
187	,	2
198	,	2
209	,	2
220	,	2
231	,	2
242	,	2
253	,	2
264	,	2
275	,	2
286	,	2
297	,	2
308	,	2
319	,	2
330	,	2
341	,	2
352	,	2
363	,	2
374	,	2
385	,	2
396	,	2
407	,	2
418	,	2
429	,	2
440	,	2
451	,	2
462	,	2
473	,	2
484	,	2
45	,	3
56	,	3
67	,	3
78	,	3
89	,	3
100	,	3
111	,	3
122	,	3
133	,	3
144	,	3
155	,	3
166	,	3
177	,	3
188	,	3
199	,	3
210	,	3
221	,	3
232	,	3
243	,	3
254	,	3
265	,	3
276	,	3
287	,	3
298	,	3
309	,	3
320	,	3
331	,	3
342	,	3
353	,	3
364	,	3
375	,	3
386	,	3
397	,	3
408	,	3
419	,	3
430	,	3
441	,	3
452	,	3
463	,	3
474	,	3
*loaddof
2
441, 2,  1.0
451, 3, -1.0
*end