 
 
 ----------------------------
 INCREMENT   1
 ----------------------------
 
 Gauss Points Coordinates
 
   1,   1,   0.583651123053051E-01,   0.132840863549778E-01,   0.113552682927137E-01,
   1,   2,   0.583542331617669E-01,   0.133301621950372E-01,   0.500000000000000E-01,
   1,   3,   0.583651123053051E-01,   0.132840863549778E-01,   0.886447317072863E-01,
   1,   4,   0.567155801520579E-01,   0.518912885907606E-01,   0.112595842871220E-01,
   1,   5,   0.567070480666971E-01,   0.519387606673808E-01,   0.500000000000000E-01,
   1,   6,   0.567155801520579E-01,   0.518912885907606E-01,   0.887404157128780E-01,
   1,   7,   0.550617433108876E-01,   0.905962903919541E-01,   0.111612519073941E-01,
   1,   8,   0.550556285949675E-01,   0.906452533302592E-01,   0.500000000000000E-01,
   1,   9,   0.550617433108877E-01,   0.905962903919540E-01,   0.888387480926059E-01,
   1,  10,   0.255567832425333E+00,   0.352756543391959E-01,   0.115390677859191E-01,
   1,  11,   0.255533477447764E+00,   0.354173884914094E-01,   0.500000000000000E-01,
   1,  12,   0.255567832425333E+00,   0.352756543391959E-01,   0.884609322140808E-01,
   1,  13,   0.248845520368184E+00,   0.732607315227608E-01,   0.112443519559561E-01,
   1,  14,   0.248816239585785E+00,   0.734063684046782E-01,   0.500000000000000E-01,
   1,  15,   0.248845520368184E+00,   0.732607315227608E-01,   0.887556480440438E-01,
   1,  16,   0.242098391366520E+00,   0.111543673643527E+00,   0.109408321915119E-01,
   1,  17,   0.242074309050568E+00,   0.111693538937181E+00,   0.500000000000000E-01,
   1,  18,   0.242098391366520E+00,   0.111543673643527E+00,   0.890591678084881E-01,
   1,  19,   0.447552091195330E+00,   0.806147267489800E-01,   0.115545443578357E-01,
   1,  20,   0.447515810053697E+00,   0.807550143364023E-01,   0.500000000000000E-01,
   1,  21,   0.447552091195330E+00,   0.806147267489800E-01,   0.884454556421642E-01,
   1,  22,   0.436680045194441E+00,   0.117666749790894E+00,   0.112618594799069E-01,
   1,  23,   0.436643295002560E+00,   0.117809896373391E+00,   0.500000000000000E-01,
   1,  24,   0.436680045194441E+00,   0.117666749790894E+00,   0.887381405200931E-01,
   1,  25,   0.425753809795727E+00,   0.155005978733943E+00,   0.109587783418348E-01,
   1,  26,   0.425716478056981E+00,   0.155152395237992E+00,   0.500000000000000E-01,
   1,  27,   0.425753809795727E+00,   0.155005978733943E+00,   0.890412216581652E-01,
   2,   1,   0.556839401602632E+00,   0.117241834939636E+00,   0.114953080144274E-01,
   2,   2,   0.556810552695224E+00,   0.117342529962525E+00,   0.500000000000000E-01,
   2,   3,   0.556839401602632E+00,   0.117241834939636E+00,   0.885046919855726E-01,
   2,   4,   0.543974129709506E+00,   0.153628400993464E+00,   0.112840039364766E-01,
   2,   5,   0.543938715402453E+00,   0.153729983212304E+00,   0.500000000000000E-01,
   2,   6,   0.543974129709506E+00,   0.153628400993464E+00,   0.887159960635234E-01,
   2,   7,   0.531035609562483E+00,   0.190212093033336E+00,   0.110634521588288E-01,
   2,   8,   0.530993293509474E+00,   0.190314937697715E+00,   0.500000000000000E-01,
   2,   9,   0.531035609562483E+00,   0.190212093033336E+00,   0.889365478411712E-01,
   2,  10,   0.739763308189880E+00,   0.190030345744353E+00,   0.114171987108351E-01,
   2,  11,   0.739741082734719E+00,   0.190087164931020E+00,   0.500000000000000E-01,
   2,  12,   0.739763308189880E+00,   0.190030345744353E+00,   0.885828012891649E-01,
   2,  13,   0.724151550532575E+00,   0.225378817098898E+00,   0.112950812949479E-01,
   2,  14,   0.724121638771900E+00,   0.225434907405707E+00,   0.500000000000000E-01,
   2,  15,   0.724151550532575E+00,   0.225378817098898E+00,   0.887049187050521E-01,
   2,  16,   0.708462657197165E+00,   0.260825701824040E+00,   0.111688681428641E-01,
   2,  17,   0.708424918795756E+00,   0.260880953733574E+00,   0.500000000000000E-01,
   2,  18,   0.708462657197165E+00,   0.260825701824040E+00,   0.888311318571359E-01,
   2,  19,   0.916451294623938E+00,   0.274173793384382E+00,   0.113890981284023E-01,
   2,  20,   0.916424951644249E+00,   0.274230201195583E+00,   0.500000000000000E-01,
   2,  21,   0.916451294623937E+00,   0.274173793384382E+00,   0.886109018715976E-01,
   2,  22,   0.898944035618617E+00,   0.308662303560407E+00,   0.112652895813532E-01,
   2,  23,   0.898922746670362E+00,   0.308719193072039E+00,   0.500000000000000E-01,
   2,  24,   0.898944035618617E+00,   0.308662303560407E+00,   0.887347104186467E-01,
   2,  25,   0.881396832681098E+00,   0.343249918801656E+00,   0.111465003688902E-01,
   2,  26,   0.881381491300832E+00,   0.343306120915402E+00,   0.500000000000000E-01,
   2,  27,   0.881396832681098E+00,   0.343249918801656E+00,   0.888534996311097E-01,
 
 
 ----------------------------
 INCREMENT   2
 ----------------------------
 
 Gauss Points Coordinates
 
   1,   1,   0.598423765681477E-01,   0.149578188550119E-01,   0.113970107045990E-01,
   1,   2,   0.598179654422982E-01,   0.150275037088824E-01,   0.500000000000000E-01,
   1,   3,   0.598423765681477E-01,   0.149578188550119E-01,   0.886029892954010E-01,
   1,   4,   0.572103676948259E-01,   0.534158230433501E-01,   0.112472636271149E-01,
   1,   5,   0.571891621378672E-01,   0.534888831555970E-01,   0.500000000000000E-01,
   1,   6,   0.572103676948259E-01,   0.534158230433501E-01,   0.887527363728850E-01,
   1,   7,   0.545637324943340E-01,   0.920303081945092E-01,   0.110910011826144E-01,
   1,   8,   0.545458802574230E-01,   0.921069991869979E-01,   0.500000000000000E-01,
   1,   9,   0.545637324943340E-01,   0.920303081945092E-01,   0.889089988173856E-01,
   1,  10,   0.257606987869009E+00,   0.506724822470389E-01,   0.116753909695340E-01,
   1,  11,   0.257528449316348E+00,   0.508853179706999E-01,   0.500000000000000E-01,
   1,  12,   0.257606987869009E+00,   0.506724822470389E-01,   0.883246090304659E-01,
   1,  13,   0.247029527490761E+00,   0.876699226304537E-01,   0.112146723916355E-01,
   1,  14,   0.246957396447294E+00,   0.878921111430845E-01,   0.500000000000000E-01,
   1,  15,   0.247029527490761E+00,   0.876699226304538E-01,   0.887853276083644E-01,
   1,  16,   0.236381479885507E+00,   0.125137540701290E+00,   0.107323213224286E-01,
   1,  17,   0.236315981310919E+00,   0.125369871775291E+00,   0.500000000000000E-01,
   1,  18,   0.236381479885507E+00,   0.125137540701290E+00,   0.892676786775713E-01,
   1,  19,   0.443158971172849E+00,   0.122083777694491E+00,   0.117097443793992E-01,
   1,  20,   0.443072411052206E+00,   0.122290545133094E+00,   0.500000000000000E-01,
   1,  21,   0.443158971172849E+00,   0.122083777694491E+00,   0.882902556206007E-01,
   1,  22,   0.426339281287035E+00,   0.156805120527289E+00,   0.112535213189816E-01,
   1,  23,   0.426250225264850E+00,   0.157018509469212E+00,   0.499999999999999E-01,
   1,  24,   0.426339281287035E+00,   0.156805120527289E+00,   0.887464786810184E-01,
   1,  25,   0.409384216515577E+00,   0.191963242861898E+00,   0.107718157405323E-01,
   1,  26,   0.409292299774864E+00,   0.192184043855397E+00,   0.500000000000000E-01,
   1,  27,   0.409384216515577E+00,   0.191963242861898E+00,   0.892281842594676E-01,
   2,   1,   0.545428619561552E+00,   0.179234422810208E+00,   0.116303887874984E-01,
   2,   2,   0.545355840729297E+00,   0.179378306423457E+00,   0.499999999999999E-01,
   2,   3,   0.545428619561552E+00,   0.179234422810208E+00,   0.883696112125015E-01,
   2,   4,   0.525740376685274E+00,   0.212308075995001E+00,   0.113023029482029E-01,
   2,   5,   0.525655807359906E+00,   0.212453678630311E+00,   0.499999999999999E-01,
   2,   6,   0.525740376685274E+00,   0.212308075995001E+00,   0.886976970517970E-01,
   2,   7,   0.505878776818071E+00,   0.245661760104676E+00,   0.109515735296643E-01,
   2,   8,   0.505781517424488E+00,   0.245809633782594E+00,   0.499999999999999E-01,
   2,   9,   0.505878776818071E+00,   0.245661760104676E+00,   0.890484264703355E-01,
   2,  10,   0.709839518937900E+00,   0.291370321547355E+00,   0.115213583432633E-01,
   2,  11,   0.709779812184872E+00,   0.291446584527923E+00,   0.499999999999999E-01,
   2,  12,   0.709839518937900E+00,   0.291370321547355E+00,   0.884786416567366E-01,
   2,  13,   0.686235051723552E+00,   0.321856762444375E+00,   0.113287074976770E-01,
   2,  14,   0.686162773054366E+00,   0.321931242640315E+00,   0.499999999999999E-01,
   2,  15,   0.686235051723552E+00,   0.321856762444375E+00,   0.886712925023227E-01,
   2,  16,   0.662449226327637E+00,   0.352460604117755E+00,   0.111253847729171E-01,
   2,  17,   0.662363989648889E+00,   0.352533133085444E+00,   0.499999999999998E-01,
   2,  18,   0.662449226327637E+00,   0.352460604117755E+00,   0.888746152270826E-01,
   2,  19,   0.859735824696400E+00,   0.419294909465886E+00,   0.114750843869933E-01,
   2,  20,   0.859669751414398E+00,   0.419374954559514E+00,   0.499999999999999E-01,
   2,  21,   0.859735824696400E+00,   0.419294909465886E+00,   0.885249156130064E-01,
   2,  22,   0.833452519861657E+00,   0.447616350808711E+00,   0.112679393113706E-01,
   2,  23,   0.833395466663160E+00,   0.447698846010388E+00,   0.499999999999998E-01,
   2,  24,   0.833452519861657E+00,   0.447616350808711E+00,   0.887320606886291E-01,
   2,  25,   0.807060473648052E+00,   0.476076278587340E+00,   0.110708292825019E-01,
   2,  26,   0.807014629680406E+00,   0.476159956549693E+00,   0.499999999999998E-01,
   2,  27,   0.807060473648052E+00,   0.476076278587340E+00,   0.889291707174977E-01,
 
 
 ----------------------------
 INCREMENT   3
 ----------------------------
 
 Gauss Points Coordinates
 
   1,   1,   0.608920938521667E-01,   0.163922514364890E-01,   0.114229318431075E-01,
   1,   2,   0.608562674543801E-01,   0.164754152907210E-01,   0.500000000000000E-01,
   1,   3,   0.608920938521667E-01,   0.163922514364890E-01,   0.885770681568924E-01,
   1,   4,   0.576014150369706E-01,   0.547116022824969E-01,   0.112389023145918E-01,
   1,   5,   0.575689966666445E-01,   0.547997606854608E-01,   0.500000000000000E-01,
   1,   6,   0.576014150369706E-01,   0.547116022824969E-01,   0.887610976854082E-01,
   1,   7,   0.542832404898070E-01,   0.932250361287349E-01,   0.110450542597952E-01,
   1,   8,   0.542544193024681E-01,   0.933186099533960E-01,   0.500000000000000E-01,
   1,   9,   0.542832404898070E-01,   0.932250361287349E-01,   0.889549457402048E-01,
   1,  10,   0.258384211092853E+00,   0.615556146106205E-01,   0.117604168029000E-01,
   1,  11,   0.258268797086360E+00,   0.618078531830849E-01,   0.500000000000000E-01,
   1,  12,   0.258384211092854E+00,   0.615556146106205E-01,   0.882395831971000E-01,
   1,  13,   0.245331148052907E+00,   0.976851214772597E-01,   0.111951943239529E-01,
   1,  14,   0.245221924493078E+00,   0.979510451062197E-01,   0.500000000000000E-01,
   1,  15,   0.245331148052907E+00,   0.976851214772597E-01,   0.888048056760470E-01,
   1,  16,   0.232159090438595E+00,   0.134391641787118E+00,   0.105974677165170E-01,
   1,  17,   0.232056294472667E+00,   0.134672490827709E+00,   0.500000000000000E-01,
   1,  18,   0.232159090438595E+00,   0.134391641787118E+00,   0.894025322834830E-01,
   1,  19,   0.437653079966125E+00,   0.149416854755916E+00,   0.118074408089879E-01,
   1,  20,   0.437525513976238E+00,   0.149657350577641E+00,   0.500000000000000E-01,
   1,  21,   0.437653079966125E+00,   0.149416854755916E+00,   0.881925591910120E-01,
   1,  22,   0.417232695087705E+00,   0.182149349187791E+00,   0.112502183651629E-01,
   1,  23,   0.417100268846442E+00,   0.182399093921877E+00,   0.499999999999999E-01,
   1,  24,   0.417232695087706E+00,   0.182149349187791E+00,   0.887497816348371E-01,
   1,  25,   0.396606448898504E+00,   0.215401763659960E+00,   0.106549335789258E-01,
   1,  26,   0.396468514868947E+00,   0.215661846040745E+00,   0.500000000000000E-01,
   1,  27,   0.396606448898504E+00,   0.215401763659960E+00,   0.893450664210742E-01,
   2,   1,   0.533477861918105E+00,   0.219109814951354E+00,   0.117164246950854E-01,
   2,   2,   0.533370225966793E+00,   0.219271696590297E+00,   0.499999999999999E-01,
   2,   3,   0.533477861918105E+00,   0.219109814951354E+00,   0.882835753049145E-01,
   2,   4,   0.509832662044115E+00,   0.249388109852203E+00,   0.113184687782523E-01,
   2,   5,   0.509709119196679E+00,   0.249551711910886E+00,   0.499999999999999E-01,
   2,   6,   0.509832662044115E+00,   0.249388109852203E+00,   0.886815312217477E-01,
   2,   7,   0.485937075575211E+00,   0.279979576305838E+00,   0.108868725237181E-01,
   2,   8,   0.485796202500263E+00,   0.280145499019730E+00,   0.500000000000000E-01,
   2,   9,   0.485937075575211E+00,   0.279979576305838E+00,   0.891131274762818E-01,
   2,  10,   0.681701318841092E+00,   0.354018861513787E+00,   0.115903472676211E-01,
   2,  11,   0.681612705709326E+00,   0.354097036831271E+00,   0.499999999999999E-01,
   2,  12,   0.681701318841093E+00,   0.354018861513787E+00,   0.884096527323787E-01,
   2,  13,   0.653736394069846E+00,   0.380457811400496E+00,   0.113573539894915E-01,
   2,  14,   0.653631686383707E+00,   0.380532983516187E+00,   0.499999999999999E-01,
   2,  15,   0.653736394069846E+00,   0.380457811400496E+00,   0.886426460105083E-01,
   2,  16,   0.625514364432810E+00,   0.406999343859326E+00,   0.111080022041681E-01,
   2,  17,   0.625392925552378E+00,   0.407071299265894E+00,   0.499999999999999E-01,
   2,  18,   0.625514364432810E+00,   0.406999343859326E+00,   0.888919977958318E-01,
   2,  19,   0.808899440276196E+00,   0.505709344129732E+00,   0.115358905304071E-01,
   2,  20,   0.808801826502662E+00,   0.505793651990725E+00,   0.499999999999998E-01,
   2,  21,   0.808899440276196E+00,   0.505709344129732E+00,   0.884641094695925E-01,
   2,  22,   0.778072595894620E+00,   0.528956906732410E+00,   0.112771039536679E-01,
   2,  23,   0.777986266421449E+00,   0.529046250984028E+00,   0.499999999999998E-01,
   2,  24,   0.778072595894620E+00,   0.528956906732410E+00,   0.887228960463318E-01,
   2,  25,   0.747078622475233E+00,   0.552342432847065E+00,   0.110309884127457E-01,
   2,  26,   0.747006773035340E+00,   0.552435920266739E+00,   0.499999999999999E-01,
   2,  27,   0.747078622475233E+00,   0.552342432847065E+00,   0.889690115872541E-01,
 
 
 ----------------------------
 INCREMENT   4
 ----------------------------
 
 Gauss Points Coordinates
 
   1,   1,   0.616892043989802E-01,   0.176650700464269E-01,   0.114417325384604E-01,
   1,   2,   0.616437926992800E-01,   0.177569324067118E-01,   0.500000000000000E-01,
   1,   3,   0.616892043989802E-01,   0.176650700464269E-01,   0.885582674615396E-01,
   1,   4,   0.579035786493684E-01,   0.558561574046663E-01,   0.112331662895142E-01,
   1,   5,   0.578614955078893E-01,   0.559542971185752E-01,   0.500000000000000E-01,
   1,   6,   0.579035786493684E-01,   0.558561574046663E-01,   0.887668337104858E-01,
   1,   7,   0.540768886453534E-01,   0.942675038182520E-01,   0.110120415250421E-01,
   1,   8,   0.540383387034888E-01,   0.943724915256531E-01,   0.500000000000000E-01,
   1,   9,   0.540768886453534E-01,   0.942675038182519E-01,   0.889879584749579E-01,
   1,  10,   0.258644436853359E+00,   0.700683128165560E-01,   0.118219749834320E-01,
   1,  11,   0.258498518248743E+00,   0.703452330619091E-01,   0.499999999999999E-01,
   1,  12,   0.258644436853360E+00,   0.700683128165560E-01,   0.881780250165679E-01,
   1,  13,   0.243796686153943E+00,   0.105444949566479E+00,   0.111825842061974E-01,
   1,  14,   0.243656147924235E+00,   0.105738886138984E+00,   0.500000000000000E-01,
   1,  15,   0.243796686153943E+00,   0.105444949566479E+00,   0.888174157938025E-01,
   1,  16,   0.228783137489825E+00,   0.141471266260289E+00,   0.105017652157224E-01,
   1,  17,   0.228648174598382E+00,   0.141783854838233E+00,   0.500000000000000E-01,
   1,  18,   0.228783137489825E+00,   0.141471266260289E+00,   0.894982347842776E-01,
   1,  19,   0.432301033441665E+00,   0.169609186802155E+00,   0.118779051318511E-01,
   1,  20,   0.432140665657664E+00,   0.169868799459587E+00,   0.499999999999999E-01,
   1,  21,   0.432301033441665E+00,   0.169609186802155E+00,   0.881220948681486E-01,
   1,  22,   0.409407664049508E+00,   0.200679415934165E+00,   0.112506222491371E-01,
   1,  23,   0.409240186572849E+00,   0.200950001326028E+00,   0.499999999999999E-01,
   1,  24,   0.409407664049508E+00,   0.200679415934165E+00,   0.887493777508628E-01,
   1,  25,   0.386249143816539E+00,   0.232321388920570E+00,   0.105751756115531E-01,
   1,  26,   0.386073637471585E+00,   0.232604259747171E+00,   0.500000000000000E-01,
   1,  27,   0.386249143816539E+00,   0.232321388920570E+00,   0.894248243884468E-01,
   2,   1,   0.522532975096729E+00,   0.247936625756828E+00,   0.117782151594600E-01,
   2,   2,   0.522398651240731E+00,   0.248105941858612E+00,   0.499999999999998E-01,
   2,   3,   0.522532975096729E+00,   0.247936625756828E+00,   0.882217848405396E-01,
   2,   4,   0.496285646648612E+00,   0.275913756066225E+00,   0.113337534178076E-01,
   2,   5,   0.496132170900893E+00,   0.276084248753955E+00,   0.499999999999998E-01,
   2,   6,   0.496285646648612E+00,   0.275913756066226E+00,   0.886662465821921E-01,
   2,   7,   0.469730163863295E+00,   0.304217498202943E+00,   0.108470299952523E-01,
   2,   8,   0.469555667057965E+00,   0.304389742992102E+00,   0.499999999999999E-01,
   2,   9,   0.469730163863295E+00,   0.304217498202943E+00,   0.891529700047476E-01,
   2,  10,   0.657299805378897E+00,   0.397685802949745E+00,   0.116397435290641E-01,
   2,  11,   0.657190708156349E+00,   0.397759333077701E+00,   0.499999999999997E-01,
   2,  12,   0.657299805378897E+00,   0.397685802949745E+00,   0.883602564709352E-01,
   2,  13,   0.626655245315303E+00,   0.420864605262862E+00,   0.113825764991092E-01,
   2,  14,   0.626527394479589E+00,   0.420933752245971E+00,   0.499999999999998E-01,
   2,  15,   0.626655245315303E+00,   0.420864605262862E+00,   0.886174235008903E-01,
   2,  16,   0.595701894283274E+00,   0.444120687319703E+00,   0.111045647853208E-01,
   2,  17,   0.595554424028630E+00,   0.444185184771063E+00,   0.499999999999998E-01,
   2,  18,   0.595701894283274E+00,   0.444120687319703E+00,   0.888954352146789E-01,
   2,  19,   0.766199608774014E+00,   0.563772261156430E+00,   0.115798153669747E-01,
   2,  20,   0.766079839866825E+00,   0.563853155945778E+00,   0.499999999999996E-01,
   2,  21,   0.766199608774014E+00,   0.563772261156430E+00,   0.884201846330244E-01,
   2,  22,   0.732753716251210E+00,   0.583022791306242E+00,   0.112884872967710E-01,
   2,  23,   0.732646427745208E+00,   0.583111137499631E+00,   0.499999999999997E-01,
   2,  24,   0.732753716251210E+00,   0.583022791306242E+00,   0.887115127032283E-01,
   2,  25,   0.699097815468598E+00,   0.602391941900823E+00,   0.110111887064437E-01,
   2,  26,   0.699006926387928E+00,   0.602487363184852E+00,   0.499999999999998E-01,
   2,  27,   0.699097815468599E+00,   0.602391941900823E+00,   0.889888112935558E-01,
 
 
 ----------------------------
 INCREMENT   5
 ----------------------------
 
 Gauss Points Coordinates
 
   1,   1,   0.623229180133350E-01,   0.188175202824678E-01,   0.114565289797880E-01,
   1,   2,   0.622692970423110E-01,   0.189154028215104E-01,   0.500000000000000E-01,
   1,   3,   0.623229180133350E-01,   0.188175202824678E-01,   0.885434710202120E-01,
   1,   4,   0.581406794698815E-01,   0.568890444199250E-01,   0.112291101136379E-01,
   1,   5,   0.580901718331721E-01,   0.569942310996592E-01,   0.500000000000000E-01,
   1,   6,   0.581406794698815E-01,   0.568890444199250E-01,   0.887708898863620E-01,
   1,   7,   0.539039035683183E-01,   0.951999338914483E-01,   0.109868309432851E-01,
   1,   8,   0.538567124743134E-01,   0.953131262998397E-01,   0.500000000000000E-01,
   1,   9,   0.539039035683183E-01,   0.951999338914482E-01,   0.890131690567148E-01,
   1,  10,   0.258646880026369E+00,   0.771231760216040E-01,   0.118703428845969E-01,
   1,  11,   0.258475206213028E+00,   0.774166839893722E-01,   0.500000000000000E-01,
   1,  12,   0.258646880026369E+00,   0.771231760216040E-01,   0.881296571154031E-01,
   1,  13,   0.242402170568311E+00,   0.111836549340871E+00,   0.111744349251857E-01,
   1,  14,   0.242234827861578E+00,   0.112149664329366E+00,   0.500000000000000E-01,
   1,  15,   0.242402170568311E+00,   0.111836549340871E+00,   0.888255650748142E-01,
   1,  16,   0.225947524526220E+00,   0.147251744537199E+00,   0.104296835255145E-01,
   1,  17,   0.225784634622657E+00,   0.147586439632068E+00,   0.500000000000000E-01,
   1,  18,   0.225947524526220E+00,   0.147251744537199E+00,   0.895703164744855E-01,
   1,  19,   0.427320488002955E+00,   0.185575038777737E+00,   0.119330800283064E-01,
   1,  20,   0.427133341460133E+00,   0.185846127701965E+00,   0.500000000000000E-01,
   1,  21,   0.427320488002955E+00,   0.185575038777737E+00,   0.880669199716936E-01,
   1,  22,   0.402591567811301E+00,   0.215232537006041E+00,   0.112536330803799E-01,
   1,  23,   0.402395281973989E+00,   0.215515709659595E+00,   0.500000000000000E-01,
   1,  24,   0.402591567811301E+00,   0.215232537006041E+00,   0.887463669196201E-01,
   1,  25,   0.377546913806234E+00,   0.245496417476449E+00,   0.105178262471614E-01,
   1,  26,   0.377340320742794E+00,   0.245793153131398E+00,   0.500000000000000E-01,
   1,  27,   0.377546913806234E+00,   0.245496417476449E+00,   0.894821737528385E-01,
   2,   1,   0.512680893922903E+00,   0.270301564677727E+00,   0.118263788496452E-01,
   2,   2,   0.512525801050358E+00,   0.270473264505699E+00,   0.500000000000000E-01,
   2,   3,   0.512680893922903E+00,   0.270301564677727E+00,   0.881736211503547E-01,
   2,   4,   0.484581102821407E+00,   0.296353028360983E+00,   0.113488215209678E-01,
   2,   5,   0.484404284849019E+00,   0.296525057682774E+00,   0.499999999999999E-01,
   2,   6,   0.484581102821407E+00,   0.296353028360983E+00,   0.886511784790322E-01,
   2,   7,   0.456128768988929E+00,   0.322735783377289E+00,   0.108221993837976E-01,
   2,   8,   0.455927985538785E+00,   0.322908652369379E+00,   0.499999999999999E-01,
   2,   9,   0.456128768988929E+00,   0.322735783377289E+00,   0.891778006162022E-01,
   2,  10,   0.636174873662879E+00,   0.430507742766019E+00,   0.116775611732817E-01,
   2,  11,   0.636051427622377E+00,   0.430574293676827E+00,   0.500000000000000E-01,
   2,  12,   0.636174873662880E+00,   0.430507742766019E+00,   0.883224388267182E-01,
   2,  13,   0.603749448854372E+00,   0.451021631593004E+00,   0.114056660705476E-01,
   2,  14,   0.603605225634768E+00,   0.451082340911895E+00,   0.499999999999999E-01,
   2,  15,   0.603749448854371E+00,   0.451021631593004E+00,   0.885943339294522E-01,
   2,  16,   0.570980203879634E+00,   0.471585294709806E+00,   0.111094499077919E-01,
   2,  17,   0.570814138789208E+00,   0.471639832741222E+00,   0.499999999999999E-01,
   2,  18,   0.570980203879634E+00,   0.471585294709806E+00,   0.888905500922079E-01,
   2,  19,   0.730201703885622E+00,   0.605997143101799E+00,   0.116123660168265E-01,
   2,  20,   0.730066894592411E+00,   0.606071999865775E+00,   0.499999999999999E-01,
   2,  21,   0.730201703885622E+00,   0.605997143101799E+00,   0.883876339831732E-01,
   2,  22,   0.695129788743861E+00,   0.622062201388375E+00,   0.113003771469063E-01,
   2,  23,   0.695008066460530E+00,   0.622146581146961E+00,   0.499999999999998E-01,
   2,  24,   0.695129788743861E+00,   0.622062201388375E+00,   0.886996228530934E-01,
   2,  25,   0.659817953520941E+00,   0.638218168201656E+00,   0.110031286232186E-01,
   2,  26,   0.659713754086149E+00,   0.638312229200558E+00,   0.499999999999998E-01,
   2,  27,   0.659817953520941E+00,   0.638218168201656E+00,   0.889968713767810E-01,
 
 
 ----------------------------
 INCREMENT   6
 ----------------------------
 
 Gauss Points Coordinates
 
   1,   1,   0.628426262713808E-01,   0.198752057165021E-01,   0.114687701584038E-01,
   1,   2,   0.627818473668977E-01,   0.199774308092320E-01,   0.500000000000000E-01,
   1,   3,   0.628426262713808E-01,   0.198752057165021E-01,   0.885312298415962E-01,
   1,   4,   0.583296404377484E-01,   0.578345114257156E-01,   0.112262012994741E-01,
   1,   5,   0.582716906950809E-01,   0.579448733277158E-01,   0.500000000000000E-01,
   1,   6,   0.583296404377485E-01,   0.578345114257156E-01,   0.887737987005259E-01,
   1,   7,   0.537490689829377E-01,   0.960475189292661E-01,   0.109668088237126E-01,
   1,   8,   0.536941391294562E-01,   0.961668322575577E-01,   0.500000000000000E-01,
   1,   9,   0.537490689829377E-01,   0.960475189292661E-01,   0.890331911762874E-01,
   1,  10,   0.258504729618229E+00,   0.831842614075748E-01,   0.119103336342805E-01,
   1,  11,   0.258310887738020E+00,   0.834893798205606E-01,   0.500000000000000E-01,
   1,  12,   0.258504729618229E+00,   0.831842614075749E-01,   0.880896663657195E-01,
   1,  13,   0.241122522857383E+00,   0.117304260624877E+00,   0.111693668401567E-01,
   1,  14,   0.240931873912126E+00,   0.117631028329330E+00,   0.500000000000000E-01,
   1,  15,   0.241122522857383E+00,   0.117304260624877E+00,   0.888306331598433E-01,
   1,  16,   0.223489066813073E+00,   0.152164680817248E+00,   0.103733001244113E-01,
   1,  17,   0.223301641747220E+00,   0.152515356364573E+00,   0.500000000000000E-01,
   1,  18,   0.223489066813073E+00,   0.152164680817248E+00,   0.896266998755887E-01,
   1,  19,   0.422724314260842E+00,   0.198759862845923E+00,   0.119786403353042E-01,
   1,  20,   0.422514843253682E+00,   0.199037970632114E+00,   0.500000000000001E-01,
   1,  21,   0.422724314260841E+00,   0.198759862845923E+00,   0.880213596646959E-01,
   1,  22,   0.396562164126970E+00,   0.227194855481006E+00,   0.112585465122250E-01,
   1,  23,   0.396341751519412E+00,   0.227485739824376E+00,   0.500000000000000E-01,
   1,  24,   0.396562164126970E+00,   0.227194855481006E+00,   0.887414534877750E-01,
   1,  25,   0.370040382179910E+00,   0.256260355306755E+00,   0.104753444695153E-01,
   1,  26,   0.369807636206390E+00,   0.256565618776670E+00,   0.500000000000000E-01,
   1,  27,   0.370040382179910E+00,   0.256260355306755E+00,   0.895246555304847E-01,
   2,   1,   0.503793312887683E+00,   0.288463542892668E+00,   0.118660546102678E-01,
   2,   2,   0.503621740245445E+00,   0.288634986474763E+00,   0.500000000000001E-01,
   2,   3,   0.503793312887683E+00,   0.288463542892668E+00,   0.881339453897324E-01,
   2,   4,   0.474303616303099E+00,   0.312873510223450E+00,   0.113639221374751E-01,
   2,   5,   0.474108264261279E+00,   0.313044276711830E+00,   0.500000000000000E-01,
   2,   6,   0.474303616303099E+00,   0.312873510223450E+00,   0.886360778625249E-01,
   2,   7,   0.444426372485889E+00,   0.337615238049899E+00,   0.108072917933631E-01,
   2,   8,   0.444204693403986E+00,   0.337785750392884E+00,   0.500000000000000E-01,
   2,   9,   0.444426372485889E+00,   0.337615238049899E+00,   0.891927082066368E-01,
   2,  10,   0.617702986785941E+00,   0.456441086552729E+00,   0.117079809902237E-01,
   2,  11,   0.617569547692634E+00,   0.456500032436716E+00,   0.500000000000002E-01,
   2,  12,   0.617702986785941E+00,   0.456441086552729E+00,   0.882920190097766E-01,
   2,  13,   0.584030261817367E+00,   0.474735671748012E+00,   0.114273311076390E-01,
   2,  14,   0.583874507804227E+00,   0.474787303830378E+00,   0.500000000000001E-01,
   2,  15,   0.584030261817367E+00,   0.474735671748013E+00,   0.885726688923611E-01,
   2,  16,   0.549990160699530E+00,   0.493053328584294E+00,   0.111196762029466E-01,
   2,  17,   0.549810859762313E+00,   0.493097246314733E+00,   0.499999999999999E-01,
   2,  18,   0.549990160699530E+00,   0.493053328584294E+00,   0.888803237970533E-01,
   2,  19,   0.699451811722884E+00,   0.638400263963441E+00,   0.116369670403253E-01,
   2,  20,   0.699307040791417E+00,   0.638468540658609E+00,   0.500000000000002E-01,
   2,  21,   0.699451811722883E+00,   0.638400263963441E+00,   0.883630329596750E-01,
   2,  22,   0.663318344976135E+00,   0.651881072835796E+00,   0.113121458164986E-01,
   2,  23,   0.663186942677384E+00,   0.651960611092629E+00,   0.500000000000000E-01,
   2,  24,   0.663318344976135E+00,   0.651881072835797E+00,   0.886878541835014E-01,
   2,  25,   0.626924913542033E+00,   0.665421599779103E+00,   0.110024260771811E-01,
   2,  26,   0.626811688338394E+00,   0.665513063685370E+00,   0.499999999999999E-01,
   2,  27,   0.626924913542033E+00,   0.665421599779103E+00,   0.889975739228187E-01,
 
 
 ----------------------------
 INCREMENT   7
 ----------------------------
 
 Gauss Points Coordinates
 
   1,   1,   0.632784304968483E-01,   0.208556956217914E-01,   0.114792485851883E-01,
   1,   2,   0.632113195433169E-01,   0.209611320127887E-01,   0.500000000000000E-01,
   1,   3,   0.632784304968483E-01,   0.208556956217915E-01,   0.885207514148117E-01,
   1,   4,   0.584820367871206E-01,   0.587090770924947E-01,   0.112241247877130E-01,
   1,   5,   0.584174359716810E-01,   0.588233328334438E-01,   0.500000000000000E-01,
   1,   6,   0.584820367871206E-01,   0.587090770924948E-01,   0.887758752122870E-01,
   1,   7,   0.536055607311605E-01,   0.968270857876545E-01,   0.109504807494388E-01,
   1,   8,   0.535436410519914E-01,   0.969510725222334E-01,   0.500000000000000E-01,
   1,   9,   0.536055607311605E-01,   0.968270857876545E-01,   0.890495192505612E-01,
   1,  10,   0.258275436233494E+00,   0.885208083259288E-01,   0.119445746258632E-01,
   1,  11,   0.258062212232689E+00,   0.888342386173766E-01,   0.500000000000000E-01,
   1,  12,   0.258275436233494E+00,   0.885208083259288E-01,   0.880554253741367E-01,
   1,  13,   0.239937837482458E+00,   0.122103158180112E+00,   0.111665511751657E-01,
   1,  14,   0.239726649598754E+00,   0.122439864477246E+00,   0.500000000000000E-01,
   1,  15,   0.239937837482458E+00,   0.122103158180112E+00,   0.888334488248343E-01,
   1,  16,   0.221310376489737E+00,   0.156455008655771E+00,   0.103280787065674E-01,
   1,  17,   0.221101155527253E+00,   0.156817490233114E+00,   0.500000000000000E-01,
   1,  18,   0.221310376489737E+00,   0.156455008655771E+00,   0.896719212934326E-01,
   1,  19,   0.418479428297870E+00,   0.209980918923579E+00,   0.120176717549637E-01,
   1,  20,   0.418251018514108E+00,   0.210263244675659E+00,   0.499999999999999E-01,
   1,  21,   0.418479428297870E+00,   0.209980918923579E+00,   0.879823282450361E-01,
   1,  22,   0.391157672765460E+00,   0.237341629786390E+00,   0.112649015153087E-01,
   1,  23,   0.390916727279555E+00,   0.237637131987503E+00,   0.499999999999999E-01,
   1,  24,   0.391157672765460E+00,   0.237341629786390E+00,   0.887350984846912E-01,
   1,  25,   0.363437627073995E+00,   0.265350041397800E+00,   0.104433955713802E-01,
   1,  26,   0.363182554030578E+00,   0.265660413100941E+00,   0.500000000000000E-01,
   1,  27,   0.363437627073995E+00,   0.265350041397800E+00,   0.895566044286198E-01,
   2,   1,   0.495725249840020E+00,   0.303689817266032E+00,   0.119000303247264E-01,
   2,   2,   0.495540386306026E+00,   0.303859550902884E+00,   0.499999999999998E-01,
   2,   3,   0.495725249840020E+00,   0.303689817266032E+00,   0.880999696752732E-01,
   2,   4,   0.465153173330517E+00,   0.326678026623385E+00,   0.113791369217063E-01,
   2,   5,   0.464942881822804E+00,   0.326845999743945E+00,   0.499999999999999E-01,
   2,   6,   0.465153173330517E+00,   0.326678026623385E+00,   0.886208630782935E-01,
   2,   7,   0.434165342881642E+00,   0.349996380460951E+00,   0.107993625655517E-01,
   2,   8,   0.433926821738743E+00,   0.350162917920396E+00,   0.500000000000000E-01,
   2,   9,   0.434165342881642E+00,   0.349996380460951E+00,   0.892006374344483E-01,
   2,  10,   0.601369839514578E+00,   0.477669612358656E+00,   0.117333634590972E-01,
   2,  11,   0.601229545500288E+00,   0.477721050843964E+00,   0.499999999999997E-01,
   2,  12,   0.601369839514578E+00,   0.477669612358656E+00,   0.882666365409022E-01,
   2,  13,   0.566790652286652E+00,   0.494085182496267E+00,   0.114479746428263E-01,
   2,  14,   0.566626883423557E+00,   0.494127861286657E+00,   0.499999999999998E-01,
   2,  15,   0.566790652286653E+00,   0.494085182496266E+00,   0.885520253571734E-01,
   2,  16,   0.531828614904193E+00,   0.510498987636625E+00,   0.111335138076977E-01,
   2,  17,   0.531640001529224E+00,   0.510532431306598E+00,   0.500000000000000E-01,
   2,  18,   0.531828614904193E+00,   0.510498987636625E+00,   0.888664861923024E-01,
   2,  19,   0.672831734527402E+00,   0.664251442531781E+00,   0.116558083401716E-01,
   2,  20,   0.672680627296980E+00,   0.664313455197795E+00,   0.499999999999997E-01,
   2,  21,   0.672831734527402E+00,   0.664251442531781E+00,   0.883441916598279E-01,
   2,  22,   0.635980526111601E+00,   0.675601235322963E+00,   0.113235776323116E-01,
   2,  23,   0.635842886308420E+00,   0.675675964922998E+00,   0.499999999999999E-01,
   2,  24,   0.635980526111601E+00,   0.675601235322963E+00,   0.886764223676882E-01,
   2,  25,   0.598856695320315E+00,   0.686978399754888E+00,   0.110066034280393E-01,
   2,  26,   0.598737603116348E+00,   0.687066971945757E+00,   0.500000000000000E-01,
   2,  27,   0.598856695320315E+00,   0.686978399754888E+00,   0.889933965719608E-01,
 
 
 ----------------------------
 INCREMENT   8
 ----------------------------
 
 Gauss Points Coordinates
 
   1,   1,   0.636500438618052E-01,   0.217717995931672E-01,   0.114884456163189E-01,
   1,   2,   0.635772659443847E-01,   0.218796439171382E-01,   0.500000000000000E-01,
   1,   3,   0.636500438618052E-01,   0.217717995931672E-01,   0.885115543836810E-01,
   1,   4,   0.586059642075910E-01,   0.595247190821820E-01,   0.112226815038777E-01,
   1,   5,   0.585353612537544E-01,   0.596419467198183E-01,   0.500000000000000E-01,
   1,   6,   0.586059642075910E-01,   0.595247190821820E-01,   0.887773184961222E-01,
   1,   7,   0.534698928517160E-01,   0.975506482756328E-01,   0.109369152190704E-01,
   1,   8,   0.534016113372895E-01,   0.976782538716533E-01,   0.500000000000000E-01,
   1,   9,   0.534698928517160E-01,   0.975506482756328E-01,   0.890630847809295E-01,
   1,  10,   0.257991207344591E+00,   0.933038964251533E-01,   0.119746534503482E-01,
   1,  11,   0.257760821215077E+00,   0.936233339237443E-01,   0.500000000000000E-01,
   1,  12,   0.257991207344591E+00,   0.933038964251533E-01,   0.880253465496517E-01,
   1,  13,   0.238832762008913E+00,   0.126394008232286E+00,   0.111654573563266E-01,
   1,  14,   0.238603271088506E+00,   0.126738026092711E+00,   0.500000000000000E-01,
   1,  15,   0.238832762008913E+00,   0.126394008232286E+00,   0.888345426436732E-01,
   1,  16,   0.219348329040276E+00,   0.160275701289902E+00,   0.102911892258958E-01,
   1,  17,   0.219119559412159E+00,   0.160647001275098E+00,   0.500000000000000E-01,
   1,  18,   0.219348329040276E+00,   0.160275701289903E+00,   0.897088107741042E-01,
   1,  19,   0.414544939185235E+00,   0.219744552032688E+00,   0.120520192455293E-01,
   1,  20,   0.414300233600912E+00,   0.220029240908142E+00,   0.499999999999999E-01,
   1,  21,   0.414544939185236E+00,   0.219744552032688E+00,   0.879479807544705E-01,
   1,  22,   0.386259867738728E+00,   0.246149150406720E+00,   0.112723822903708E-01,
   1,  23,   0.386001215972527E+00,   0.246447205066434E+00,   0.499999999999999E-01,
   1,  24,   0.386259867738728E+00,   0.246149150406720E+00,   0.887276177096290E-01,
   1,  25,   0.357542052292064E+00,   0.273213822825458E+00,   0.104192688669928E-01,
   1,  26,   0.357267683877837E+00,   0.273527001527140E+00,   0.499999999999999E-01,
   1,  27,   0.357542052292064E+00,   0.273213822825458E+00,   0.895807311330070E-01,
   2,   1,   0.488350571392001E+00,   0.316759332306625E+00,   0.119299563777566E-01,
   2,   2,   0.488154851569486E+00,   0.316926537266983E+00,   0.499999999999999E-01,
   2,   3,   0.488350571392001E+00,   0.316759332306625E+00,   0.880700436222432E-01,
   2,   4,   0.456911849619222E+00,   0.338499652382669E+00,   0.113944810984190E-01,
   2,   5,   0.456689375157089E+00,   0.338663984637383E+00,   0.499999999999998E-01,
   2,   6,   0.456911849619223E+00,   0.338499652382669E+00,   0.886055189015807E-01,
   2,   7,   0.425034250506406E+00,   0.360567494293458E+00,   0.107965635336486E-01,
   2,   8,   0.424782009750943E+00,   0.360729176305592E+00,   0.499999999999999E-01,
   2,   9,   0.425034250506406E+00,   0.360567494293458E+00,   0.892034364663511E-01,
   2,  10,   0.586779189778685E+00,   0.495512785593177E+00,   0.117551406313181E-01,
   2,  11,   0.586634350791560E+00,   0.495557119899931E+00,   0.499999999999998E-01,
   2,  12,   0.586779189778685E+00,   0.495512785593178E+00,   0.882448593686815E-01,
   2,  13,   0.551523201417617E+00,   0.510315204362640E+00,   0.114678417632917E-01,
   2,  14,   0.551354025200751E+00,   0.510349381871931E+00,   0.499999999999998E-01,
   2,  15,   0.551523201417617E+00,   0.510315204362641E+00,   0.885321582367078E-01,
   2,  16,   0.515874725276586E+00,   0.525093185691443E+00,   0.111498874619003E-01,
   2,  17,   0.515679731127171E+00,   0.525116655007431E+00,   0.499999999999997E-01,
   2,  18,   0.515874725276586E+00,   0.525093185691443E+00,   0.888501125380992E-01,
   2,  19,   0.649511647669967E+00,   0.685493160274271E+00,   0.116703511064705E-01,
   2,  20,   0.649356829013522E+00,   0.685549559089383E+00,   0.499999999999997E-01,
   2,  21,   0.649511647669967E+00,   0.685493160274271E+00,   0.883296488935289E-01,
   2,  22,   0.612162912042595E+00,   0.695061306819903E+00,   0.113346203443843E-01,
   2,  23,   0.612021554320344E+00,   0.695131645414885E+00,   0.499999999999997E-01,
   2,  24,   0.612162912042595E+00,   0.695061306819903E+00,   0.886653796556151E-01,
   2,  25,   0.574534450517539E+00,   0.704624432978059E+00,   0.110141666508709E-01,
   2,  26,   0.574411834018194E+00,   0.704710251193823E+00,   0.499999999999996E-01,
   2,  27,   0.574534450517539E+00,   0.704624432978059E+00,   0.889858333491284E-01,
 
 
 ----------------------------
 INCREMENT   9
 ----------------------------
 
 Gauss Points Coordinates
 
   1,   1,   0.639710967875989E-01,   0.226332486834065E-01,   0.114966763938954E-01,
   1,   2,   0.638931986250010E-01,   0.227429082353653E-01,   0.500000000000000E-01,
   1,   3,   0.639710967875989E-01,   0.226332486834066E-01,   0.885033236061047E-01,
   1,   4,   0.587072626124053E-01,   0.602904950922157E-01,   0.112217390314998E-01,
   1,   5,   0.586311988646472E-01,   0.604100064795933E-01,   0.500000000000000E-01,
   1,   6,   0.587072626124052E-01,   0.602904950922157E-01,   0.887782609685002E-01,
   1,   7,   0.533401077543001E-01,   0.982271767291594E-01,   0.109254937765951E-01,
   1,   8,   0.532659973052312E-01,   0.983576054122266E-01,   0.500000000000000E-01,
   1,   9,   0.533401077543001E-01,   0.982271767291594E-01,   0.890745062234049E-01,
   1,  10,   0.257671426686518E+00,   0.976495651304364E-01,   0.120016028749712E-01,
   1,  11,   0.257425685964963E+00,   0.979733354788834E-01,   0.500000000000000E-01,
   1,  12,   0.257671426686518E+00,   0.976495651304364E-01,   0.879983971250287E-01,
   1,  13,   0.237795381560197E+00,   0.130285143624824E+00,   0.111657286078666E-01,
   1,  14,   0.237549428302347E+00,   0.130634543379153E+00,   0.500000000000000E-01,
   1,  15,   0.237795381560197E+00,   0.130285143624824E+00,   0.888342713921334E-01,
   1,  16,   0.217559481205148E+00,   0.163729060484340E+00,   0.102607517736080E-01,
   1,  17,   0.217313035375244E+00,   0.164106961316497E+00,   0.500000000000000E-01,
   1,  18,   0.217559481205148E+00,   0.163729060484339E+00,   0.897392482263920E-01,
   1,  19,   0.410882331465803E+00,   0.228385996111673E+00,   0.120828671890917E-01,
   1,  20,   0.410623441070698E+00,   0.228671771849256E+00,   0.499999999999998E-01,
   1,  21,   0.410882331465803E+00,   0.228385996111673E+00,   0.879171328109078E-01,
   1,  22,   0.381780483306575E+00,   0.253930600447131E+00,   0.112807650838651E-01,
   1,  23,   0.381506396261586E+00,   0.254229776565158E+00,   0.499999999999998E-01,
   1,  24,   0.381780483306576E+00,   0.253930600447131E+00,   0.887192349161346E-01,
   1,  25,   0.352214881382606E+00,   0.280144165025892E+00,   0.104011612904906E-01,
   1,  26,   0.351923667816116E+00,   0.280458545292337E+00,   0.500000000000000E-01,
   1,  27,   0.352214881382606E+00,   0.280144165025892E+00,   0.895988387095093E-01,
   2,   1,   0.481565546709517E+00,   0.328183789463689E+00,   0.119568780152114E-01,
   2,   2,   0.481360873386198E+00,   0.328348008117105E+00,   0.499999999999996E-01,
   2,   3,   0.481565546709517E+00,   0.328183789463689E+00,   0.880431219847876E-01,
   2,   4,   0.449417757079539E+00,   0.348816623464940E+00,   0.114099444978308E-01,
   2,   5,   0.449185261481904E+00,   0.348976856725310E+00,   0.499999999999997E-01,
   2,   6,   0.449417757079540E+00,   0.348816623464940E+00,   0.885900555021687E-01,
   2,   7,   0.416811874808971E+00,   0.369773932694786E+00,   0.107976631610988E-01,
   2,   8,   0.416548371789880E+00,   0.369930300322529E+00,   0.500000000000000E-01,
   2,   9,   0.416811874808972E+00,   0.369773932694786E+00,   0.892023368389011E-01,
   2,  10,   0.573627304813861E+00,   0.510822761664442E+00,   0.117742339869987E-01,
   2,  11,   0.573479657174204E+00,   0.510860512217441E+00,   0.499999999999993E-01,
   2,  12,   0.573627304813861E+00,   0.510822761664442E+00,   0.882257660130000E-01,
   2,  13,   0.537855640852841E+00,   0.524224106347033E+00,   0.114870909674651E-01,
   2,  14,   0.537683030363353E+00,   0.524250363231268E+00,   0.499999999999997E-01,
   2,  15,   0.537855640852841E+00,   0.524224106347033E+00,   0.885129090325343E-01,
   2,  16,   0.501686163614073E+00,   0.537580496219669E+00,   0.111680917301800E-01,
   2,  17,   0.501487021828203E+00,   0.537594633117507E+00,   0.500000000000000E-01,
   2,  18,   0.501686163614074E+00,   0.537580496219669E+00,   0.888319082698200E-01,
   2,  19,   0.628871818221545E+00,   0.703358440412944E+00,   0.116816109190868E-01,
   2,  20,   0.628715221268519E+00,   0.703409977311478E+00,   0.499999999999994E-01,
   2,  21,   0.628871818221545E+00,   0.703358440412944E+00,   0.883183890809120E-01,
   2,  22,   0.591172006039911E+00,   0.711419958347709E+00,   0.113452888026011E-01,
   2,  23,   0.591028801184683E+00,   0.711486468017572E+00,   0.499999999999998E-01,
   2,  24,   0.591172006039911E+00,   0.711419958347708E+00,   0.886547111973985E-01,
   2,  25,   0.553189582784477E+00,   0.719444533841645E+00,   0.110241660821616E-01,
   2,  26,   0.553065198855198E+00,   0.719527924865234E+00,   0.500000000000001E-01,
   2,  27,   0.553189582784478E+00,   0.719444533841646E+00,   0.889758339178385E-01,
 
 
 ----------------------------
 INCREMENT   10
 ----------------------------
 
 Gauss Points Coordinates
 
   1,   1,   0.642514032672575E-01,   0.234476483558971E-01,   0.115041583947292E-01,
   1,   2,   0.641688419778426E-01,   0.235586728655201E-01,   0.500000000000001E-01,
   1,   3,   0.642514032672574E-01,   0.234476483558972E-01,   0.884958416052710E-01,
   1,   4,   0.587902560997705E-01,   0.610134572461012E-01,   0.112212050142054E-01,
   1,   5,   0.587091896788877E-01,   0.611347240532385E-01,   0.500000000000001E-01,
   1,   6,   0.587902560997704E-01,   0.610134572461013E-01,   0.887787949857947E-01,
   1,   7,   0.532150140394956E-01,   0.988635832999264E-01,   0.109157850201368E-01,
   1,   8,   0.531355318768562E-01,   0.989962180854258E-01,   0.500000000000000E-01,
   1,   9,   0.532150140394955E-01,   0.988635832999264E-01,   0.890842149798632E-01,
   1,  10,   0.257328350275072E+00,   0.101640406384337E+00,   0.120261311176631E-01,
   1,  11,   0.257068753234081E+00,   0.101967256173143E+00,   0.500000000000000E-01,
   1,  12,   0.257328350275073E+00,   0.101640406384337E+00,   0.879738688823368E-01,
   1,  13,   0.236816278970500E+00,   0.133853254573049E+00,   0.111671136898614E-01,
   1,  14,   0.236555403066456E+00,   0.134206577043425E+00,   0.500000000000001E-01,
   1,  15,   0.236816278970500E+00,   0.133853254573049E+00,   0.888328863101386E-01,
   1,  16,   0.215912524510702E+00,   0.166887041713199E+00,   0.102354547053826E-01,
   1,  17,   0.215649984159732E+00,   0.167269850555906E+00,   0.500000000000001E-01,
   1,  18,   0.215912524510702E+00,   0.166887041713199E+00,   0.897645452946176E-01,
   1,  19,   0.407457838705524E+00,   0.236138508246286E+00,   0.121110169966975E-01,
   1,  20,   0.407186482273553E+00,   0.236424467224115E+00,   0.499999999999992E-01,
   1,  21,   0.407457838705525E+00,   0.236138508246286E+00,   0.878889830033008E-01,
   1,  22,   0.377652052573660E+00,   0.260902647058058E+00,   0.112898853169197E-01,
   1,  23,   0.377364388134403E+00,   0.261201925263215E+00,   0.499999999999996E-01,
   1,  24,   0.377652052573661E+00,   0.260902647058058E+00,   0.887101146830796E-01,
   1,  25,   0.347354374387280E+00,   0.286342032633350E+00,   0.103878139823704E-01,
   1,  26,   0.347048329665316E+00,   0.286656463770433E+00,   0.500000000000002E-01,
   1,  27,   0.347354374387281E+00,   0.286342032633350E+00,   0.896121860176300E-01,
   2,   1,   0.475285802973293E+00,   0.338316570540443E+00,   0.119814925118079E-01,
   2,   2,   0.475073693127144E+00,   0.338477559672477E+00,   0.499999999999984E-01,
   2,   3,   0.475285802973294E+00,   0.338316570540443E+00,   0.880185074881889E-01,
   2,   4,   0.442547724706007E+00,   0.357957285288347E+00,   0.114255074018050E-01,
   2,   5,   0.442306936078867E+00,   0.358113192570613E+00,   0.499999999999993E-01,
   2,   6,   0.442547724706009E+00,   0.357957285288346E+00,   0.885744925981936E-01,
   2,   7,   0.409335413441030E+00,   0.377919331674381E+00,   0.108018011606143E-01,
   2,   8,   0.409062617772920E+00,   0.378070176248130E+00,   0.500000000000002E-01,
   2,   9,   0.409335413441032E+00,   0.377919331674380E+00,   0.891981988393862E-01,
   2,  10,   0.561678885956098E+00,   0.524178483725817E+00,   0.117912653670718E-01,
   2,  11,   0.561529759328557E+00,   0.524210200103559E+00,   0.499999999999977E-01,
   2,  12,   0.561678885956101E+00,   0.524178483725816E+00,   0.882087346329236E-01,
   2,  13,   0.525508211985988E+00,   0.536350996700300E+00,   0.115058299387141E-01,
   2,  14,   0.525333686979014E+00,   0.536369947604431E+00,   0.499999999999991E-01,
   2,  15,   0.525508211985991E+00,   0.536350996700299E+00,   0.884941700612840E-01,
   2,  16,   0.488937646792039E+00,   0.548460060644622E+00,   0.111876430567107E-01,
   2,  17,   0.488736087363046E+00,   0.548465547366783E+00,   0.500000000000004E-01,
   2,  18,   0.488937646792042E+00,   0.548460060644621E+00,   0.888123569432902E-01,
   2,  19,   0.610441863982779E+00,   0.718670794922036E+00,   0.116903185497547E-01,
   2,  20,   0.610284936165384E+00,   0.718718219409871E+00,   0.499999999999981E-01,
   2,  21,   0.610441863982782E+00,   0.718670794922035E+00,   0.883096814502415E-01,
   2,  22,   0.572491195693204E+00,   0.725446211899328E+00,   0.113556240525898E-01,
   2,  23,   0.572347552812839E+00,   0.725509486259218E+00,   0.499999999999995E-01,
   2,  24,   0.572491195693206E+00,   0.725446211899327E+00,   0.886443759474091E-01,
   2,  25,   0.534258271028107E+00,   0.732153449995478E+00,   0.110359714137943E-01,
   2,  26,   0.534133452700252E+00,   0.732234809913061E+00,   0.500000000000008E-01,
   2,  27,   0.534258271028110E+00,   0.732153449995477E+00,   0.889640285862073E-01,
