*begin
3        !problem dimension
1, 1, 1     !degree of each dimension
4, 2, 2     !control points in each direction
0, 0, 0     !open(0) or closed(1) knot vector
--------------------------------------------------------
*knots    !knot spans
0.0, 0.0, 0.333333, 0.6666666, 1.0, 1.0  
0.0, 0.0, 1.0, 1.0  
0.0, 0.0, 1.0, 1.0  
--------------------------------------------------------
*element
Hex8
*bnet     !nurbs control points
0.0000000000000000E+000 0.0000000000000000E+000 0.0000000000000000E+000 1.0000000000000000E+000
0.0000000000000000E+000 0.0000000000000000E+000 1.0000000000000000E+000 1.0000000000000000E+000
0.0000000000000000E+000 1.0000000000000000E+000 0.0000000000000000E+000 1.0000000000000000E+000
0.0000000000000000E+000 1.0000000000000000E+000 1.0000000000000000E+000 1.0000000000000000E+000
9.9999989999999994E-001 0.0000000000000000E+000 0.0000000000000000E+000 1.0000000000000000E+000
9.9999989999999994E-001 0.0000000000000000E+000 1.0000000000000000E+000 1.0000000000000000E+000
9.9999989999999994E-001 1.0000000000000000E+000 0.0000000000000000E+000 1.0000000000000000E+000
9.9999989999999994E-001 1.0000000000000000E+000 1.0000000000000000E+000 1.0000000000000000E+000
1.9999997999999999E+000 0.0000000000000000E+000 0.0000000000000000E+000 1.0000000000000000E+000
1.9999997999999999E+000 0.0000000000000000E+000 1.0000000000000000E+000 1.0000000000000000E+000
1.9999997999999999E+000 1.0000000000000000E+000 0.0000000000000000E+000 1.0000000000000000E+000
1.9999997999999999E+000 1.0000000000000000E+000 1.0000000000000000E+000 1.0000000000000000E+000
3.0000000000000000E+000 0.0000000000000000E+000 0.0000000000000000E+000 1.0000000000000000E+000
3.0000000000000000E+000 0.0000000000000000E+000 1.0000000000000000E+000 1.0000000000000000E+000
3.0000000000000000E+000 1.0000000000000000E+000 0.0000000000000000E+000 1.0000000000000000E+000
3.0000000000000000E+000 1.0000000000000000E+000 1.0000000000000000E+000 1.0000000000000000E+000
 --------------------------------------------------------
*material
5
1000.0, 0.3, 1.0, 0.0, 1.0e25
!Young Modulus, Poisson coef, thickness (set to 1.0 if not used), density, Yield Stress
*bcdof   !boundary condition
12
1, 1
1, 2
1, 3
5, 1
5, 2
5, 3
9, 1
9, 2
9, 3
13, 1
13, 2
13, 3
*loaddof
2
12, 3, -1.0
16, 3, -1.0
*end