------------------------------------------------------------------------------------------------------
Membrane Bending Example
------------------------------------------------------------------------------------------------------
*begin
3        !problem dimension
2, 2, 2     !degree of each dimension
10, 3, 3     !control points in each direction
0, 0, 0     !open(0) or closed(1) knot vector
------------------------------------------------------------------------------------------------------
*knots    !knot spans
0.0 0.0 0.0 0.125 0.25 0.375 0.5 0.625 0.75 0.875 1.0 1.0, 1.0
0.0, 0.0, 0.0, 1.0, 1.0, 1.0
0.0, 0.0, 0.0, 1.0, 1.0, 1.0
--------------------------------------------------------------------------------------------------------------------------------------------------------------
*element
Hex27ANS
*bnet     !nurbs control points
0.0000000000000000E+000 0.0000000000000000E+000 0.0000000000000000E+000 1.0000000000000000E+000
0.0000000000000000E+000 0.0000000000000000E+000 5.0000000000000003E-002 1.0000000000000000E+000
0.0000000000000000E+000 0.0000000000000000E+000 1.0000000000000001E-001 1.0000000000000000E+000
0.0000000000000000E+000 5.0000000000000003E-002 0.0000000000000000E+000 1.0000000000000000E+000
0.0000000000000000E+000 5.0000000000000003E-002 5.0000000000000003E-002 1.0000000000000000E+000
0.0000000000000000E+000 5.0000000000000003E-002 1.0000000000000001E-001 1.0000000000000000E+000
0.0000000000000000E+000 1.0000000000000001E-001 0.0000000000000000E+000 1.0000000000000000E+000
0.0000000000000000E+000 1.0000000000000001E-001 5.0000000000000003E-002 1.0000000000000000E+000
0.0000000000000000E+000 1.0000000000000001E-001 1.0000000000000001E-001 1.0000000000000000E+000
6.2500000000000000E-002 0.0000000000000000E+000 0.0000000000000000E+000 1.0000000000000000E+000
6.2500000000000000E-002 0.0000000000000000E+000 5.0000000000000003E-002 1.0000000000000000E+000
6.2500000000000000E-002 0.0000000000000000E+000 1.0000000000000001E-001 1.0000000000000000E+000
6.2500000000000000E-002 5.0000000000000003E-002 0.0000000000000000E+000 1.0000000000000000E+000
6.2500000000000000E-002 5.0000000000000003E-002 5.0000000000000003E-002 1.0000000000000000E+000
6.2500000000000000E-002 5.0000000000000003E-002 1.0000000000000001E-001 1.0000000000000000E+000
6.2500000000000000E-002 1.0000000000000001E-001 0.0000000000000000E+000 1.0000000000000000E+000
6.2500000000000000E-002 1.0000000000000001E-001 5.0000000000000003E-002 1.0000000000000000E+000
6.2500000000000000E-002 1.0000000000000001E-001 1.0000000000000001E-001 1.0000000000000000E+000
1.8750000000000000E-001 0.0000000000000000E+000 0.0000000000000000E+000 1.0000000000000000E+000
1.8750000000000000E-001 0.0000000000000000E+000 5.0000000000000003E-002 1.0000000000000000E+000
1.8750000000000000E-001 0.0000000000000000E+000 1.0000000000000001E-001 1.0000000000000000E+000
1.8750000000000000E-001 5.0000000000000003E-002 0.0000000000000000E+000 1.0000000000000000E+000
1.8750000000000000E-001 5.0000000000000003E-002 5.0000000000000003E-002 1.0000000000000000E+000
1.8750000000000000E-001 5.0000000000000003E-002 1.0000000000000001E-001 1.0000000000000000E+000
1.8750000000000000E-001 1.0000000000000001E-001 0.0000000000000000E+000 1.0000000000000000E+000
1.8750000000000000E-001 1.0000000000000001E-001 5.0000000000000003E-002 1.0000000000000000E+000
1.8750000000000000E-001 1.0000000000000001E-001 1.0000000000000001E-001 1.0000000000000000E+000
3.1250000000000000E-001 0.0000000000000000E+000 0.0000000000000000E+000 1.0000000000000000E+000
3.1250000000000000E-001 0.0000000000000000E+000 5.0000000000000003E-002 1.0000000000000000E+000
3.1250000000000000E-001 0.0000000000000000E+000 1.0000000000000001E-001 1.0000000000000000E+000
3.1250000000000000E-001 5.0000000000000003E-002 0.0000000000000000E+000 1.0000000000000000E+000
3.1250000000000000E-001 5.0000000000000003E-002 5.0000000000000003E-002 1.0000000000000000E+000
3.1250000000000000E-001 5.0000000000000003E-002 1.0000000000000001E-001 1.0000000000000000E+000
3.1250000000000000E-001 1.0000000000000001E-001 0.0000000000000000E+000 1.0000000000000000E+000
3.1250000000000000E-001 1.0000000000000001E-001 5.0000000000000003E-002 1.0000000000000000E+000
3.1250000000000000E-001 1.0000000000000001E-001 1.0000000000000001E-001 1.0000000000000000E+000
4.3750000000000000E-001 0.0000000000000000E+000 0.0000000000000000E+000 1.0000000000000000E+000
4.3750000000000000E-001 0.0000000000000000E+000 5.0000000000000010E-002 1.0000000000000000E+000
4.3750000000000000E-001 0.0000000000000000E+000 1.0000000000000002E-001 1.0000000000000000E+000
4.3750000000000000E-001 5.0000000000000010E-002 0.0000000000000000E+000 1.0000000000000000E+000
4.3750000000000000E-001 5.0000000000000010E-002 5.0000000000000010E-002 1.0000000000000000E+000
4.3750000000000000E-001 5.0000000000000010E-002 1.0000000000000002E-001 1.0000000000000000E+000
4.3750000000000000E-001 1.0000000000000002E-001 0.0000000000000000E+000 1.0000000000000000E+000
4.3750000000000000E-001 1.0000000000000002E-001 5.0000000000000010E-002 1.0000000000000000E+000
4.3750000000000000E-001 1.0000000000000002E-001 1.0000000000000002E-001 1.0000000000000000E+000
5.6250000000000000E-001 0.0000000000000000E+000 0.0000000000000000E+000 1.0000000000000000E+000
5.6250000000000000E-001 0.0000000000000000E+000 5.0000000000000010E-002 1.0000000000000000E+000
5.6250000000000000E-001 0.0000000000000000E+000 1.0000000000000002E-001 1.0000000000000000E+000
5.6250000000000000E-001 5.0000000000000010E-002 0.0000000000000000E+000 1.0000000000000000E+000
5.6250000000000000E-001 5.0000000000000010E-002 5.0000000000000010E-002 1.0000000000000000E+000
5.6250000000000000E-001 5.0000000000000010E-002 1.0000000000000002E-001 1.0000000000000000E+000
5.6250000000000000E-001 1.0000000000000002E-001 0.0000000000000000E+000 1.0000000000000000E+000
5.6250000000000000E-001 1.0000000000000002E-001 5.0000000000000010E-002 1.0000000000000000E+000
5.6250000000000000E-001 1.0000000000000002E-001 1.0000000000000002E-001 1.0000000000000000E+000
6.8750000000000000E-001 0.0000000000000000E+000 0.0000000000000000E+000 1.0000000000000000E+000
6.8750000000000000E-001 0.0000000000000000E+000 5.0000000000000003E-002 1.0000000000000000E+000
6.8750000000000000E-001 0.0000000000000000E+000 1.0000000000000001E-001 1.0000000000000000E+000
6.8750000000000000E-001 5.0000000000000003E-002 0.0000000000000000E+000 1.0000000000000000E+000
6.8750000000000000E-001 5.0000000000000003E-002 5.0000000000000003E-002 1.0000000000000000E+000
6.8750000000000000E-001 5.0000000000000003E-002 1.0000000000000001E-001 1.0000000000000000E+000
6.8750000000000000E-001 1.0000000000000001E-001 0.0000000000000000E+000 1.0000000000000000E+000
6.8750000000000000E-001 1.0000000000000001E-001 5.0000000000000003E-002 1.0000000000000000E+000
6.8750000000000000E-001 1.0000000000000001E-001 1.0000000000000001E-001 1.0000000000000000E+000
8.1250000000000000E-001 0.0000000000000000E+000 0.0000000000000000E+000 1.0000000000000000E+000
8.1250000000000000E-001 0.0000000000000000E+000 5.0000000000000003E-002 1.0000000000000000E+000
8.1250000000000000E-001 0.0000000000000000E+000 1.0000000000000001E-001 1.0000000000000000E+000
8.1250000000000000E-001 5.0000000000000003E-002 0.0000000000000000E+000 1.0000000000000000E+000
8.1250000000000000E-001 5.0000000000000003E-002 5.0000000000000003E-002 1.0000000000000000E+000
8.1250000000000000E-001 5.0000000000000003E-002 1.0000000000000001E-001 1.0000000000000000E+000
8.1250000000000000E-001 1.0000000000000001E-001 0.0000000000000000E+000 1.0000000000000000E+000
8.1250000000000000E-001 1.0000000000000001E-001 5.0000000000000003E-002 1.0000000000000000E+000
8.1250000000000000E-001 1.0000000000000001E-001 1.0000000000000001E-001 1.0000000000000000E+000
9.3750000000000000E-001 0.0000000000000000E+000 0.0000000000000000E+000 1.0000000000000000E+000
9.3750000000000000E-001 0.0000000000000000E+000 5.0000000000000003E-002 1.0000000000000000E+000
9.3750000000000000E-001 0.0000000000000000E+000 1.0000000000000001E-001 1.0000000000000000E+000
9.3750000000000000E-001 5.0000000000000003E-002 0.0000000000000000E+000 1.0000000000000000E+000
9.3750000000000000E-001 5.0000000000000003E-002 5.0000000000000003E-002 1.0000000000000000E+000
9.3750000000000000E-001 5.0000000000000003E-002 1.0000000000000001E-001 1.0000000000000000E+000
9.3750000000000000E-001 1.0000000000000001E-001 0.0000000000000000E+000 1.0000000000000000E+000
9.3750000000000000E-001 1.0000000000000001E-001 5.0000000000000003E-002 1.0000000000000000E+000
9.3750000000000000E-001 1.0000000000000001E-001 1.0000000000000001E-001 1.0000000000000000E+000
1.0000000000000000E+000 0.0000000000000000E+000 0.0000000000000000E+000 1.0000000000000000E+000
1.0000000000000000E+000 0.0000000000000000E+000 5.0000000000000003E-002 1.0000000000000000E+000
1.0000000000000000E+000 0.0000000000000000E+000 1.0000000000000001E-001 1.0000000000000000E+000
1.0000000000000000E+000 5.0000000000000003E-002 0.0000000000000000E+000 1.0000000000000000E+000
1.0000000000000000E+000 5.0000000000000003E-002 5.0000000000000003E-002 1.0000000000000000E+000
1.0000000000000000E+000 5.0000000000000003E-002 1.0000000000000001E-001 1.0000000000000000E+000
1.0000000000000000E+000 1.0000000000000001E-001 0.0000000000000000E+000 1.0000000000000000E+000
1.0000000000000000E+000 1.0000000000000001E-001 5.0000000000000003E-002 1.0000000000000000E+000
1.0000000000000000E+000 1.0000000000000001E-001 1.0000000000000001E-001 1.0000000000000000E+000
------------------------------------------------------------------------------------------------------
*material
6
1.0e7, 0.3, 1.0, 0.0, 1.0e25, 0.0
------------------------------------------------------------------------------------------------------
*NLGeom
*Increments
10
*Iterations
25
------------------------------------------------------------------------------------------------------
*bcdof
27
 1, 1
11, 1
21, 1
31, 1
41, 1
51, 1
61, 1
71, 1
81, 1
 1, 2
11, 2
21, 2
31, 2
41, 2
51, 2
61, 2
71, 2
81, 2
 1, 3
11, 3
21, 3
31, 3
41, 3
51, 3
61, 3
71, 3
81, 3
------------------------------------------------------------------------------------------------------
*loaddof
9
 10, 2,  83.33333
 20, 2, 166.66666
 30, 2,  83.33333
 40, 2,  83.33333
 50, 2, 166.66666
 60, 2,  83.33333
 70, 2,  83.33333
 80, 2, 166.66666
 90, 2,  83.33333
*end