*begin
3        !problem dimension
2, 2, 2     !degree of each dimension
12, 3, 3     !control points in each direction
0, 0, 0     !open(0) or closed(1) knot vector
--------------------------------------------------------
*knots    !knot spans
0.0, 0.0, 0.0, 0.1, 0.2, 0.3, 0.4, 0.5, 0.6, 0.7, 0.8, 0.9, 1.0, 1.0, 1.0  
0.0, 0.0, 0.0, 1.0, 1.0, 1.0
0.0, 0.0, 0.0, 1.0, 1.0, 1.0
--------------------------------------------------------------------------------------------------
*element
Hex27
--------------------------------------------------------------------------------------------------
*bnet     !nurbs control points
0.0000000000000000E+000 0.0000000000000000E+000 0.0000000000000000E+000 1.0000000000000000E+000
0.0000000000000000E+000 0.0000000000000000E+000 5.0000000000000003E-002 1.0000000000000000E+000
0.0000000000000000E+000 0.0000000000000000E+000 1.0000000000000001E-001 1.0000000000000000E+000
0.0000000000000000E+000 5.0000000000000003E-002 0.0000000000000000E+000 1.0000000000000000E+000
0.0000000000000000E+000 5.0000000000000003E-002 5.0000000000000003E-002 1.0000000000000000E+000
0.0000000000000000E+000 5.0000000000000003E-002 1.0000000000000001E-001 1.0000000000000000E+000
0.0000000000000000E+000 1.0000000000000001E-001 0.0000000000000000E+000 1.0000000000000000E+000
0.0000000000000000E+000 1.0000000000000001E-001 5.0000000000000003E-002 1.0000000000000000E+000
0.0000000000000000E+000 1.0000000000000001E-001 1.0000000000000001E-001 1.0000000000000000E+000
5.0000000000000010E-002 0.0000000000000000E+000 0.0000000000000000E+000 1.0000000000000000E+000
5.0000000000000010E-002 0.0000000000000000E+000 5.0000000000000003E-002 1.0000000000000000E+000
5.0000000000000010E-002 0.0000000000000000E+000 1.0000000000000001E-001 1.0000000000000000E+000
5.0000000000000010E-002 5.0000000000000003E-002 0.0000000000000000E+000 1.0000000000000000E+000
5.0000000000000010E-002 5.0000000000000003E-002 5.0000000000000003E-002 1.0000000000000000E+000
5.0000000000000010E-002 5.0000000000000003E-002 1.0000000000000001E-001 1.0000000000000000E+000
5.0000000000000010E-002 1.0000000000000001E-001 0.0000000000000000E+000 1.0000000000000000E+000
5.0000000000000010E-002 1.0000000000000001E-001 5.0000000000000003E-002 1.0000000000000000E+000
5.0000000000000010E-002 1.0000000000000001E-001 1.0000000000000001E-001 1.0000000000000000E+000
1.5000000000000002E-001 0.0000000000000000E+000 0.0000000000000000E+000 1.0000000000000000E+000
1.5000000000000002E-001 0.0000000000000000E+000 5.0000000000000003E-002 1.0000000000000000E+000
1.5000000000000002E-001 0.0000000000000000E+000 1.0000000000000001E-001 1.0000000000000000E+000
1.5000000000000002E-001 5.0000000000000003E-002 0.0000000000000000E+000 1.0000000000000000E+000
1.5000000000000002E-001 5.0000000000000003E-002 5.0000000000000003E-002 1.0000000000000000E+000
1.5000000000000002E-001 5.0000000000000003E-002 1.0000000000000001E-001 1.0000000000000000E+000
1.5000000000000002E-001 1.0000000000000001E-001 0.0000000000000000E+000 1.0000000000000000E+000
1.5000000000000002E-001 1.0000000000000001E-001 5.0000000000000003E-002 1.0000000000000000E+000
1.5000000000000002E-001 1.0000000000000001E-001 1.0000000000000001E-001 1.0000000000000000E+000
2.5000000000000006E-001 0.0000000000000000E+000 0.0000000000000000E+000 1.0000000000000000E+000
2.5000000000000006E-001 0.0000000000000000E+000 5.0000000000000010E-002 1.0000000000000000E+000
2.5000000000000006E-001 0.0000000000000000E+000 1.0000000000000002E-001 1.0000000000000000E+000
2.5000000000000006E-001 5.0000000000000010E-002 0.0000000000000000E+000 1.0000000000000000E+000
2.5000000000000006E-001 5.0000000000000010E-002 5.0000000000000010E-002 1.0000000000000000E+000
2.5000000000000006E-001 5.0000000000000010E-002 1.0000000000000002E-001 1.0000000000000000E+000
2.5000000000000006E-001 1.0000000000000002E-001 0.0000000000000000E+000 1.0000000000000000E+000
2.5000000000000006E-001 1.0000000000000002E-001 5.0000000000000010E-002 1.0000000000000000E+000
2.5000000000000006E-001 1.0000000000000002E-001 1.0000000000000002E-001 1.0000000000000000E+000
3.4999999999999998E-001 0.0000000000000000E+000 0.0000000000000000E+000 1.0000000000000000E+000
3.4999999999999998E-001 0.0000000000000000E+000 5.0000000000000010E-002 1.0000000000000000E+000
3.4999999999999998E-001 0.0000000000000000E+000 1.0000000000000002E-001 1.0000000000000000E+000
3.4999999999999998E-001 5.0000000000000010E-002 0.0000000000000000E+000 1.0000000000000000E+000
3.4999999999999998E-001 5.0000000000000010E-002 5.0000000000000010E-002 1.0000000000000000E+000
3.4999999999999998E-001 5.0000000000000010E-002 1.0000000000000002E-001 1.0000000000000000E+000
3.4999999999999998E-001 1.0000000000000002E-001 0.0000000000000000E+000 1.0000000000000000E+000
3.4999999999999998E-001 1.0000000000000002E-001 5.0000000000000010E-002 1.0000000000000000E+000
3.4999999999999998E-001 1.0000000000000002E-001 1.0000000000000002E-001 1.0000000000000000E+000
4.5000000000000001E-001 0.0000000000000000E+000 0.0000000000000000E+000 1.0000000000000000E+000
4.5000000000000001E-001 0.0000000000000000E+000 5.0000000000000003E-002 1.0000000000000000E+000
4.5000000000000001E-001 0.0000000000000000E+000 1.0000000000000001E-001 1.0000000000000000E+000
4.5000000000000001E-001 5.0000000000000003E-002 0.0000000000000000E+000 1.0000000000000000E+000
4.5000000000000001E-001 5.0000000000000003E-002 5.0000000000000003E-002 1.0000000000000000E+000
4.5000000000000001E-001 5.0000000000000003E-002 1.0000000000000001E-001 1.0000000000000000E+000
4.5000000000000001E-001 1.0000000000000001E-001 0.0000000000000000E+000 1.0000000000000000E+000
4.5000000000000001E-001 1.0000000000000001E-001 5.0000000000000003E-002 1.0000000000000000E+000
4.5000000000000001E-001 1.0000000000000001E-001 1.0000000000000001E-001 1.0000000000000000E+000
5.5000000000000004E-001 0.0000000000000000E+000 0.0000000000000000E+000 1.0000000000000000E+000
5.5000000000000004E-001 0.0000000000000000E+000 5.0000000000000003E-002 1.0000000000000000E+000
5.5000000000000004E-001 0.0000000000000000E+000 1.0000000000000001E-001 1.0000000000000000E+000
5.5000000000000004E-001 5.0000000000000003E-002 0.0000000000000000E+000 1.0000000000000000E+000
5.5000000000000004E-001 5.0000000000000003E-002 5.0000000000000003E-002 1.0000000000000000E+000
5.5000000000000004E-001 5.0000000000000003E-002 1.0000000000000001E-001 1.0000000000000000E+000
5.5000000000000004E-001 1.0000000000000001E-001 0.0000000000000000E+000 1.0000000000000000E+000
5.5000000000000004E-001 1.0000000000000001E-001 5.0000000000000003E-002 1.0000000000000000E+000
5.5000000000000004E-001 1.0000000000000001E-001 1.0000000000000001E-001 1.0000000000000000E+000
6.5000000000000002E-001 0.0000000000000000E+000 0.0000000000000000E+000 1.0000000000000000E+000
6.5000000000000002E-001 0.0000000000000000E+000 5.0000000000000003E-002 1.0000000000000000E+000
6.5000000000000002E-001 0.0000000000000000E+000 1.0000000000000001E-001 1.0000000000000000E+000
6.5000000000000002E-001 5.0000000000000003E-002 0.0000000000000000E+000 1.0000000000000000E+000
6.5000000000000002E-001 5.0000000000000003E-002 5.0000000000000003E-002 1.0000000000000000E+000
6.5000000000000002E-001 5.0000000000000003E-002 1.0000000000000001E-001 1.0000000000000000E+000
6.5000000000000002E-001 1.0000000000000001E-001 0.0000000000000000E+000 1.0000000000000000E+000
6.5000000000000002E-001 1.0000000000000001E-001 5.0000000000000003E-002 1.0000000000000000E+000
6.5000000000000002E-001 1.0000000000000001E-001 1.0000000000000001E-001 1.0000000000000000E+000
7.5000000000000011E-001 0.0000000000000000E+000 0.0000000000000000E+000 1.0000000000000000E+000
7.5000000000000011E-001 0.0000000000000000E+000 5.0000000000000003E-002 1.0000000000000000E+000
7.5000000000000011E-001 0.0000000000000000E+000 1.0000000000000001E-001 1.0000000000000000E+000
7.5000000000000011E-001 5.0000000000000003E-002 0.0000000000000000E+000 1.0000000000000000E+000
7.5000000000000011E-001 5.0000000000000003E-002 5.0000000000000003E-002 1.0000000000000000E+000
7.5000000000000011E-001 5.0000000000000003E-002 1.0000000000000001E-001 1.0000000000000000E+000
7.5000000000000011E-001 1.0000000000000001E-001 0.0000000000000000E+000 1.0000000000000000E+000
7.5000000000000011E-001 1.0000000000000001E-001 5.0000000000000003E-002 1.0000000000000000E+000
7.5000000000000011E-001 1.0000000000000001E-001 1.0000000000000001E-001 1.0000000000000000E+000
8.5000000000000009E-001 0.0000000000000000E+000 0.0000000000000000E+000 1.0000000000000000E+000
8.5000000000000009E-001 0.0000000000000000E+000 5.0000000000000003E-002 1.0000000000000000E+000
8.5000000000000009E-001 0.0000000000000000E+000 1.0000000000000001E-001 1.0000000000000000E+000
8.5000000000000009E-001 5.0000000000000003E-002 0.0000000000000000E+000 1.0000000000000000E+000
8.5000000000000009E-001 5.0000000000000003E-002 5.0000000000000003E-002 1.0000000000000000E+000
8.5000000000000009E-001 5.0000000000000003E-002 1.0000000000000001E-001 1.0000000000000000E+000
8.5000000000000009E-001 1.0000000000000001E-001 0.0000000000000000E+000 1.0000000000000000E+000
8.5000000000000009E-001 1.0000000000000001E-001 5.0000000000000003E-002 1.0000000000000000E+000
8.5000000000000009E-001 1.0000000000000001E-001 1.0000000000000001E-001 1.0000000000000000E+000
9.4999999999999996E-001 0.0000000000000000E+000 0.0000000000000000E+000 1.0000000000000000E+000
9.4999999999999996E-001 0.0000000000000000E+000 5.0000000000000003E-002 1.0000000000000000E+000
9.4999999999999996E-001 0.0000000000000000E+000 1.0000000000000001E-001 1.0000000000000000E+000
9.4999999999999996E-001 5.0000000000000003E-002 0.0000000000000000E+000 1.0000000000000000E+000
9.4999999999999996E-001 5.0000000000000003E-002 5.0000000000000003E-002 1.0000000000000000E+000
9.4999999999999996E-001 5.0000000000000003E-002 1.0000000000000001E-001 1.0000000000000000E+000
9.4999999999999996E-001 1.0000000000000001E-001 0.0000000000000000E+000 1.0000000000000000E+000
9.4999999999999996E-001 1.0000000000000001E-001 5.0000000000000003E-002 1.0000000000000000E+000
9.4999999999999996E-001 1.0000000000000001E-001 1.0000000000000001E-001 1.0000000000000000E+000
1.0000000000000000E+000 0.0000000000000000E+000 0.0000000000000000E+000 1.0000000000000000E+000
1.0000000000000000E+000 0.0000000000000000E+000 5.0000000000000003E-002 1.0000000000000000E+000
1.0000000000000000E+000 0.0000000000000000E+000 1.0000000000000001E-001 1.0000000000000000E+000
1.0000000000000000E+000 5.0000000000000003E-002 0.0000000000000000E+000 1.0000000000000000E+000
1.0000000000000000E+000 5.0000000000000003E-002 5.0000000000000003E-002 1.0000000000000000E+000
1.0000000000000000E+000 5.0000000000000003E-002 1.0000000000000001E-001 1.0000000000000000E+000
1.0000000000000000E+000 1.0000000000000001E-001 0.0000000000000000E+000 1.0000000000000000E+000
1.0000000000000000E+000 1.0000000000000001E-001 5.0000000000000003E-002 1.0000000000000000E+000
1.0000000000000000E+000 1.0000000000000001E-001 1.0000000000000001E-001 1.0000000000000000E+000
--------------------------------------------------------------------------------------------------
*material
9
1.0e7, 0.3, 1.0, 0.0, 1.0e25, 0.5, 0.0, 5.0, 100.0 
!Young Modulus, Poisson coef, thickness (set to 1.0 if not used), density, Yield Stress
--------------------------------------------------------------------------------------------------
*Iterations
25
--------------------------------------------------------------------------------------------------
*Increments
10
--------------------------------------------------------------------------------------------------
*NLGeom
--------------------------------------------------------------------------------------------------
*boundary   !boundary condition
27
1, 1, 1, 1
1, 1, 1, 2
1, 1, 1, 3
1, 1, 2, 1
1, 1, 2, 2
1, 1, 2, 3
1, 1, 3, 1
1, 1, 3, 2
1, 1, 3, 3
1, 2, 1, 1
1, 2, 1, 2
1, 2, 1, 3
1, 2, 2, 1
1, 2, 2, 2
1, 2, 2, 3
1, 2, 3, 1
1, 2, 3, 2
1, 2, 3, 3
1, 3, 1, 1
1, 3, 1, 2
1, 3, 1, 3
1, 3, 2, 1
1, 3, 2, 2
1, 3, 2, 3
1, 3, 3, 1
1, 3, 3, 2
1, 3, 3, 3
--------------------------------------------------------------------------------------------------
*load
9
12, 1, 1, 2, -83.33333
12, 1, 2, 2, -166.66666
12, 1, 3, 2, -83.33333
12, 2, 1, 2, -83.33333
12, 2, 2, 2, -166.66666
12, 2, 3, 2, -83.33333
12, 3, 1, 2, -83.33333
12, 3, 2, 2, -166.66666
12, 3, 3, 2, -83.33333
*end