*begin
3        !problem dimension
2, 2, 2     !degree of each dimension
10, 10, 3     !control points in each direction
0, 0, 0     !open(0) or closed(1) knot vector
--------------------------------------------------------
*knots    !knot spans
0.0, 0.0, 0.0, 0.125, 0.25, 0.375, 0.5, 0.625, 0.75, 0.875, 1.0, 1.0, 1.0
0.0, 0.0, 0.0, 0.125, 0.25, 0.375, 0.5, 0.625, 0.75, 0.875, 1.0, 1.0, 1.0 
0.0, 0.0, 0.0, 1.0, 1.0, 1.0
--------------------------------------------------------
*element
Hex27
*bnet     !nurbs control points
0.0000000000000000E+000 0.0000000000000000E+000 1.0010000000000001E+000 1.0000000000000000E+000
0.0000000000000000E+000 0.0000000000000000E+000 1.0160000000000000E+000 1.0000000000000000E+000
0.0000000000000000E+000 0.0000000000000000E+000 1.0309999999999999E+000 1.0000000000000000E+000
0.0000000000000000E+000 9.1839117851013174E-002 1.0010000000000001E+000 9.6338834764831849E-001
0.0000000000000000E+000 9.3215328408221151E-002 1.0160000000000000E+000 9.6338834764831849E-001
0.0000000000000000E+000 9.4591538965429114E-002 1.0309999999999999E+000 9.6338834764831849E-001
0.0000000000000000E+000 2.7790994579083905E-001 9.6656714027575452E-001 9.0847086912079611E-001
0.0000000000000000E+000 2.8207443049299952E-001 9.8105116335680942E-001 9.0847086912079611E-001
0.0000000000000000E+000 2.8623891519515987E-001 9.9553518643786465E-001 9.0847086912079611E-001
0.0000000000000000E+000 4.6281821448329274E-001 8.9336364289665871E-001 8.7185921676911449E-001
0.0000000000000000E+000 4.6975355236266281E-001 9.0675071047253264E-001 8.7185921676911449E-001
0.0000000000000000E+000 4.7668889024203276E-001 9.2013777804840635E-001 8.7185921676911449E-001
0.0000000000000000E+000 6.3451735995966774E-001 7.8111041597580078E-001 8.5355339059327373E-001
0.0000000000000000E+000 6.4402561210691545E-001 7.9281536726414936E-001 8.5355339059327373E-001
0.0000000000000000E+000 6.5353386425416304E-001 8.0452031855249773E-001 8.5355339059327373E-001
0.0000000000000000E+000 7.8111041597580066E-001 6.3451735995966774E-001 8.5355339059327373E-001
0.0000000000000000E+000 7.9281536726414936E-001 6.4402561210691533E-001 8.5355339059327373E-001
0.0000000000000000E+000 8.0452031855249773E-001 6.5353386425416293E-001 8.5355339059327373E-001
0.0000000000000000E+000 8.9336364289665859E-001 4.6281821448329269E-001 8.7185921676911460E-001
0.0000000000000000E+000 9.0675071047253231E-001 4.6975355236266264E-001 8.7185921676911460E-001
0.0000000000000000E+000 9.2013777804840635E-001 4.7668889024203265E-001 8.7185921676911460E-001
0.0000000000000000E+000 9.6656714027575408E-001 2.7790994579083905E-001 9.0847086912079611E-001
0.0000000000000000E+000 9.8105116335680931E-001 2.8207443049299946E-001 9.0847086912079611E-001
0.0000000000000000E+000 9.9553518643786465E-001 2.8623891519515982E-001 9.0847086912079611E-001
0.0000000000000000E+000 1.0009999999999999E+000 9.1839117851013161E-002 9.6338834764831849E-001
0.0000000000000000E+000 1.0160000000000000E+000 9.3215328408221138E-002 9.6338834764831849E-001
0.0000000000000000E+000 1.0309999999999999E+000 9.4591538965429114E-002 9.6338834764831849E-001
0.0000000000000000E+000 1.0010000000000001E+000 0.0000000000000000E+000 1.0000000000000000E+000
0.0000000000000000E+000 1.0160000000000000E+000 0.0000000000000000E+000 1.0000000000000000E+000
0.0000000000000000E+000 1.0309999999999999E+000 0.0000000000000000E+000 1.0000000000000000E+000
1.9050000000000003E-001 0.0000000000000000E+000 1.0010000000000001E+000 1.0000000000000000E+000
1.9050000000000003E-001 0.0000000000000000E+000 1.0160000000000000E+000 1.0000000000000000E+000
1.9050000000000003E-001 0.0000000000000000E+000 1.0309999999999999E+000 1.0000000000000000E+000
1.9050000000000003E-001 9.1839117851013174E-002 1.0010000000000001E+000 9.6338834764831849E-001
1.9050000000000003E-001 9.3215328408221151E-002 1.0160000000000000E+000 9.6338834764831849E-001
1.9050000000000003E-001 9.4591538965429114E-002 1.0309999999999999E+000 9.6338834764831849E-001
1.9050000000000003E-001 2.7790994579083905E-001 9.6656714027575452E-001 9.0847086912079611E-001
1.9050000000000003E-001 2.8207443049299952E-001 9.8105116335680942E-001 9.0847086912079611E-001
1.9050000000000003E-001 2.8623891519515987E-001 9.9553518643786465E-001 9.0847086912079611E-001
1.9050000000000003E-001 4.6281821448329274E-001 8.9336364289665871E-001 8.7185921676911449E-001
1.9050000000000003E-001 4.6975355236266281E-001 9.0675071047253264E-001 8.7185921676911449E-001
1.9050000000000003E-001 4.7668889024203276E-001 9.2013777804840635E-001 8.7185921676911449E-001
1.9050000000000003E-001 6.3451735995966774E-001 7.8111041597580078E-001 8.5355339059327373E-001
1.9050000000000003E-001 6.4402561210691545E-001 7.9281536726414936E-001 8.5355339059327373E-001
1.9050000000000003E-001 6.5353386425416304E-001 8.0452031855249773E-001 8.5355339059327373E-001
1.9050000000000003E-001 7.8111041597580066E-001 6.3451735995966774E-001 8.5355339059327373E-001
1.9050000000000003E-001 7.9281536726414936E-001 6.4402561210691533E-001 8.5355339059327373E-001
1.9050000000000003E-001 8.0452031855249773E-001 6.5353386425416293E-001 8.5355339059327373E-001
1.9050000000000000E-001 8.9336364289665859E-001 4.6281821448329269E-001 8.7185921676911460E-001
1.9050000000000000E-001 9.0675071047253231E-001 4.6975355236266264E-001 8.7185921676911460E-001
1.9050000000000000E-001 9.2013777804840635E-001 4.7668889024203265E-001 8.7185921676911460E-001
1.9050000000000003E-001 9.6656714027575408E-001 2.7790994579083905E-001 9.0847086912079611E-001
1.9050000000000003E-001 9.8105116335680931E-001 2.8207443049299946E-001 9.0847086912079611E-001
1.9050000000000003E-001 9.9553518643786465E-001 2.8623891519515982E-001 9.0847086912079611E-001
1.9050000000000003E-001 1.0009999999999999E+000 9.1839117851013161E-002 9.6338834764831849E-001
1.9050000000000003E-001 1.0160000000000000E+000 9.3215328408221138E-002 9.6338834764831849E-001
1.9050000000000003E-001 1.0309999999999999E+000 9.4591538965429114E-002 9.6338834764831849E-001
1.9050000000000003E-001 1.0010000000000001E+000 0.0000000000000000E+000 1.0000000000000000E+000
1.9050000000000003E-001 1.0160000000000000E+000 0.0000000000000000E+000 1.0000000000000000E+000
1.9050000000000003E-001 1.0309999999999999E+000 0.0000000000000000E+000 1.0000000000000000E+000
5.7150000000000012E-001 0.0000000000000000E+000 1.0010000000000001E+000 1.0000000000000000E+000
5.7150000000000012E-001 0.0000000000000000E+000 1.0160000000000000E+000 1.0000000000000000E+000
5.7150000000000012E-001 0.0000000000000000E+000 1.0309999999999999E+000 1.0000000000000000E+000
5.7150000000000012E-001 9.1839117851013174E-002 1.0010000000000001E+000 9.6338834764831838E-001
5.7150000000000012E-001 9.3215328408221165E-002 1.0160000000000000E+000 9.6338834764831838E-001
5.7150000000000012E-001 9.4591538965429128E-002 1.0310000000000001E+000 9.6338834764831838E-001
5.7150000000000012E-001 2.7790994579083911E-001 9.6656714027575463E-001 9.0847086912079600E-001
5.7150000000000012E-001 2.8207443049299957E-001 9.8105116335680953E-001 9.0847086912079600E-001
5.7150000000000012E-001 2.8623891519515987E-001 9.9553518643786487E-001 9.0847086912079600E-001
5.7150000000000023E-001 4.6281821448329280E-001 8.9336364289665882E-001 8.7185921676911438E-001
5.7150000000000023E-001 4.6975355236266286E-001 9.0675071047253275E-001 8.7185921676911438E-001
5.7150000000000023E-001 4.7668889024203276E-001 9.2013777804840657E-001 8.7185921676911438E-001
5.7150000000000012E-001 6.3451735995966774E-001 7.8111041597580078E-001 8.5355339059327373E-001
5.7150000000000012E-001 6.4402561210691545E-001 7.9281536726414936E-001 8.5355339059327373E-001
5.7150000000000012E-001 6.5353386425416293E-001 8.0452031855249773E-001 8.5355339059327373E-001
5.7150000000000012E-001 7.8111041597580066E-001 6.3451735995966774E-001 8.5355339059327373E-001
5.7150000000000012E-001 7.9281536726414936E-001 6.4402561210691533E-001 8.5355339059327373E-001
5.7150000000000012E-001 8.0452031855249762E-001 6.5353386425416293E-001 8.5355339059327373E-001
5.7150000000000001E-001 8.9336364289665859E-001 4.6281821448329269E-001 8.7185921676911460E-001
5.7150000000000001E-001 9.0675071047253231E-001 4.6975355236266264E-001 8.7185921676911460E-001
5.7150000000000001E-001 9.2013777804840635E-001 4.7668889024203265E-001 8.7185921676911460E-001
5.7150000000000001E-001 9.6656714027575408E-001 2.7790994579083905E-001 9.0847086912079611E-001
5.7150000000000001E-001 9.8105116335680931E-001 2.8207443049299946E-001 9.0847086912079611E-001
5.7150000000000001E-001 9.9553518643786465E-001 2.8623891519515982E-001 9.0847086912079611E-001
5.7150000000000012E-001 1.0010000000000001E+000 9.1839117851013161E-002 9.6338834764831838E-001
5.7150000000000012E-001 1.0160000000000000E+000 9.3215328408221151E-002 9.6338834764831838E-001
5.7150000000000012E-001 1.0310000000000001E+000 9.4591538965429128E-002 9.6338834764831838E-001
5.7150000000000012E-001 1.0010000000000001E+000 0.0000000000000000E+000 1.0000000000000000E+000
5.7150000000000012E-001 1.0160000000000000E+000 0.0000000000000000E+000 1.0000000000000000E+000
5.7150000000000012E-001 1.0309999999999999E+000 0.0000000000000000E+000 1.0000000000000000E+000
9.5250000000000012E-001 0.0000000000000000E+000 1.0010000000000001E+000 1.0000000000000000E+000
9.5250000000000012E-001 0.0000000000000000E+000 1.0160000000000000E+000 1.0000000000000000E+000
9.5250000000000012E-001 0.0000000000000000E+000 1.0309999999999999E+000 1.0000000000000000E+000
9.5250000000000001E-001 9.1839117851013174E-002 1.0010000000000001E+000 9.6338834764831849E-001
9.5250000000000001E-001 9.3215328408221151E-002 1.0160000000000000E+000 9.6338834764831849E-001
9.5250000000000001E-001 9.4591538965429114E-002 1.0309999999999999E+000 9.6338834764831849E-001
9.5250000000000001E-001 2.7790994579083905E-001 9.6656714027575452E-001 9.0847086912079611E-001
9.5250000000000001E-001 2.8207443049299952E-001 9.8105116335680942E-001 9.0847086912079611E-001
9.5250000000000001E-001 2.8623891519515987E-001 9.9553518643786465E-001 9.0847086912079611E-001
9.5250000000000012E-001 4.6281821448329274E-001 8.9336364289665871E-001 8.7185921676911449E-001
9.5250000000000012E-001 4.6975355236266281E-001 9.0675071047253264E-001 8.7185921676911449E-001
9.5250000000000012E-001 4.7668889024203276E-001 9.2013777804840635E-001 8.7185921676911449E-001
9.5250000000000024E-001 6.3451735995966774E-001 7.8111041597580078E-001 8.5355339059327373E-001
9.5250000000000024E-001 6.4402561210691545E-001 7.9281536726414936E-001 8.5355339059327373E-001
9.5250000000000024E-001 6.5353386425416304E-001 8.0452031855249773E-001 8.5355339059327373E-001
9.5250000000000012E-001 7.8111041597580066E-001 6.3451735995966774E-001 8.5355339059327373E-001
9.5250000000000012E-001 7.9281536726414936E-001 6.4402561210691533E-001 8.5355339059327373E-001
9.5250000000000012E-001 8.0452031855249773E-001 6.5353386425416293E-001 8.5355339059327373E-001
9.5250000000000012E-001 8.9336364289665859E-001 4.6281821448329269E-001 8.7185921676911460E-001
9.5250000000000012E-001 9.0675071047253231E-001 4.6975355236266264E-001 8.7185921676911460E-001
9.5250000000000012E-001 9.2013777804840635E-001 4.7668889024203265E-001 8.7185921676911460E-001
9.5250000000000012E-001 9.6656714027575408E-001 2.7790994579083905E-001 9.0847086912079611E-001
9.5250000000000012E-001 9.8105116335680931E-001 2.8207443049299946E-001 9.0847086912079611E-001
9.5250000000000012E-001 9.9553518643786465E-001 2.8623891519515982E-001 9.0847086912079611E-001
9.5250000000000001E-001 1.0009999999999999E+000 9.1839117851013161E-002 9.6338834764831849E-001
9.5250000000000001E-001 1.0160000000000000E+000 9.3215328408221138E-002 9.6338834764831849E-001
9.5250000000000001E-001 1.0309999999999999E+000 9.4591538965429114E-002 9.6338834764831849E-001
9.5250000000000012E-001 1.0010000000000001E+000 0.0000000000000000E+000 1.0000000000000000E+000
9.5250000000000012E-001 1.0160000000000000E+000 0.0000000000000000E+000 1.0000000000000000E+000
9.5250000000000012E-001 1.0309999999999999E+000 0.0000000000000000E+000 1.0000000000000000E+000
1.3334999999999999E+000 0.0000000000000000E+000 1.0010000000000001E+000 1.0000000000000000E+000
1.3334999999999999E+000 0.0000000000000000E+000 1.0160000000000000E+000 1.0000000000000000E+000
1.3334999999999999E+000 0.0000000000000000E+000 1.0309999999999999E+000 1.0000000000000000E+000
1.3335000000000001E+000 9.1839117851013174E-002 1.0010000000000001E+000 9.6338834764831838E-001
1.3335000000000001E+000 9.3215328408221165E-002 1.0160000000000000E+000 9.6338834764831838E-001
1.3335000000000001E+000 9.4591538965429128E-002 1.0310000000000001E+000 9.6338834764831838E-001
1.3335000000000004E+000 2.7790994579083911E-001 9.6656714027575463E-001 9.0847086912079600E-001
1.3335000000000004E+000 2.8207443049299957E-001 9.8105116335680953E-001 9.0847086912079600E-001
1.3335000000000004E+000 2.8623891519515987E-001 9.9553518643786487E-001 9.0847086912079600E-001
1.3335000000000004E+000 4.6281821448329280E-001 8.9336364289665882E-001 8.7185921676911438E-001
1.3335000000000004E+000 4.6975355236266286E-001 9.0675071047253275E-001 8.7185921676911438E-001
1.3335000000000004E+000 4.7668889024203276E-001 9.2013777804840657E-001 8.7185921676911438E-001
1.3335000000000001E+000 6.3451735995966774E-001 7.8111041597580078E-001 8.5355339059327373E-001
1.3335000000000001E+000 6.4402561210691545E-001 7.9281536726414936E-001 8.5355339059327373E-001
1.3335000000000001E+000 6.5353386425416293E-001 8.0452031855249773E-001 8.5355339059327373E-001
1.3335000000000001E+000 7.8111041597580066E-001 6.3451735995966774E-001 8.5355339059327373E-001
1.3335000000000001E+000 7.9281536726414936E-001 6.4402561210691533E-001 8.5355339059327373E-001
1.3335000000000001E+000 8.0452031855249762E-001 6.5353386425416293E-001 8.5355339059327373E-001
1.3335000000000001E+000 8.9336364289665859E-001 4.6281821448329269E-001 8.7185921676911460E-001
1.3335000000000001E+000 9.0675071047253231E-001 4.6975355236266264E-001 8.7185921676911460E-001
1.3335000000000001E+000 9.2013777804840635E-001 4.7668889024203265E-001 8.7185921676911460E-001
1.3335000000000001E+000 9.6656714027575408E-001 2.7790994579083905E-001 9.0847086912079611E-001
1.3335000000000001E+000 9.8105116335680931E-001 2.8207443049299946E-001 9.0847086912079611E-001
1.3335000000000001E+000 9.9553518643786465E-001 2.8623891519515982E-001 9.0847086912079611E-001
1.3335000000000001E+000 1.0010000000000001E+000 9.1839117851013161E-002 9.6338834764831838E-001
1.3335000000000001E+000 1.0160000000000000E+000 9.3215328408221151E-002 9.6338834764831838E-001
1.3335000000000001E+000 1.0310000000000001E+000 9.4591538965429128E-002 9.6338834764831838E-001
1.3334999999999999E+000 1.0010000000000001E+000 0.0000000000000000E+000 1.0000000000000000E+000
1.3334999999999999E+000 1.0160000000000000E+000 0.0000000000000000E+000 1.0000000000000000E+000
1.3334999999999999E+000 1.0309999999999999E+000 0.0000000000000000E+000 1.0000000000000000E+000
1.7144999999999999E+000 0.0000000000000000E+000 1.0010000000000001E+000 1.0000000000000000E+000
1.7144999999999999E+000 0.0000000000000000E+000 1.0160000000000000E+000 1.0000000000000000E+000
1.7144999999999999E+000 0.0000000000000000E+000 1.0309999999999999E+000 1.0000000000000000E+000
1.7144999999999999E+000 9.1839117851013174E-002 1.0010000000000001E+000 9.6338834764831849E-001
1.7144999999999999E+000 9.3215328408221151E-002 1.0160000000000000E+000 9.6338834764831849E-001
1.7144999999999999E+000 9.4591538965429114E-002 1.0309999999999999E+000 9.6338834764831849E-001
1.7144999999999999E+000 2.7790994579083905E-001 9.6656714027575452E-001 9.0847086912079611E-001
1.7144999999999999E+000 2.8207443049299952E-001 9.8105116335680942E-001 9.0847086912079611E-001
1.7144999999999999E+000 2.8623891519515987E-001 9.9553518643786465E-001 9.0847086912079611E-001
1.7144999999999999E+000 4.6281821448329274E-001 8.9336364289665871E-001 8.7185921676911449E-001
1.7144999999999999E+000 4.6975355236266281E-001 9.0675071047253264E-001 8.7185921676911449E-001
1.7144999999999999E+000 4.7668889024203276E-001 9.2013777804840635E-001 8.7185921676911449E-001
1.7144999999999999E+000 6.3451735995966774E-001 7.8111041597580078E-001 8.5355339059327373E-001
1.7144999999999999E+000 6.4402561210691545E-001 7.9281536726414936E-001 8.5355339059327373E-001
1.7144999999999999E+000 6.5353386425416304E-001 8.0452031855249773E-001 8.5355339059327373E-001
1.7144999999999999E+000 7.8111041597580066E-001 6.3451735995966774E-001 8.5355339059327373E-001
1.7144999999999999E+000 7.9281536726414936E-001 6.4402561210691533E-001 8.5355339059327373E-001
1.7144999999999999E+000 8.0452031855249773E-001 6.5353386425416293E-001 8.5355339059327373E-001
1.7144999999999997E+000 8.9336364289665859E-001 4.6281821448329269E-001 8.7185921676911460E-001
1.7144999999999997E+000 9.0675071047253231E-001 4.6975355236266264E-001 8.7185921676911460E-001
1.7144999999999997E+000 9.2013777804840635E-001 4.7668889024203265E-001 8.7185921676911460E-001
1.7144999999999999E+000 9.6656714027575408E-001 2.7790994579083905E-001 9.0847086912079611E-001
1.7144999999999999E+000 9.8105116335680931E-001 2.8207443049299946E-001 9.0847086912079611E-001
1.7144999999999999E+000 9.9553518643786465E-001 2.8623891519515982E-001 9.0847086912079611E-001
1.7144999999999999E+000 1.0009999999999999E+000 9.1839117851013161E-002 9.6338834764831849E-001
1.7144999999999999E+000 1.0160000000000000E+000 9.3215328408221138E-002 9.6338834764831849E-001
1.7144999999999999E+000 1.0309999999999999E+000 9.4591538965429114E-002 9.6338834764831849E-001
1.7144999999999999E+000 1.0010000000000001E+000 0.0000000000000000E+000 1.0000000000000000E+000
1.7144999999999999E+000 1.0160000000000000E+000 0.0000000000000000E+000 1.0000000000000000E+000
1.7144999999999999E+000 1.0309999999999999E+000 0.0000000000000000E+000 1.0000000000000000E+000
2.0954999999999999E+000 0.0000000000000000E+000 1.0010000000000001E+000 1.0000000000000000E+000
2.0954999999999999E+000 0.0000000000000000E+000 1.0160000000000000E+000 1.0000000000000000E+000
2.0954999999999999E+000 0.0000000000000000E+000 1.0309999999999999E+000 1.0000000000000000E+000
2.0954999999999999E+000 9.1839117851013174E-002 1.0010000000000001E+000 9.6338834764831838E-001
2.0954999999999999E+000 9.3215328408221165E-002 1.0160000000000000E+000 9.6338834764831838E-001
2.0954999999999999E+000 9.4591538965429128E-002 1.0310000000000001E+000 9.6338834764831838E-001
2.0954999999999999E+000 2.7790994579083911E-001 9.6656714027575463E-001 9.0847086912079600E-001
2.0954999999999999E+000 2.8207443049299957E-001 9.8105116335680953E-001 9.0847086912079600E-001
2.0954999999999999E+000 2.8623891519515987E-001 9.9553518643786487E-001 9.0847086912079600E-001
2.0954999999999999E+000 4.6281821448329280E-001 8.9336364289665882E-001 8.7185921676911438E-001
2.0954999999999999E+000 4.6975355236266286E-001 9.0675071047253275E-001 8.7185921676911438E-001
2.0954999999999999E+000 4.7668889024203276E-001 9.2013777804840657E-001 8.7185921676911438E-001
2.0954999999999999E+000 6.3451735995966774E-001 7.8111041597580078E-001 8.5355339059327373E-001
2.0954999999999999E+000 6.4402561210691545E-001 7.9281536726414936E-001 8.5355339059327373E-001
2.0954999999999999E+000 6.5353386425416293E-001 8.0452031855249773E-001 8.5355339059327373E-001
2.0954999999999999E+000 7.8111041597580066E-001 6.3451735995966774E-001 8.5355339059327373E-001
2.0954999999999999E+000 7.9281536726414936E-001 6.4402561210691533E-001 8.5355339059327373E-001
2.0954999999999999E+000 8.0452031855249762E-001 6.5353386425416293E-001 8.5355339059327373E-001
2.0954999999999995E+000 8.9336364289665859E-001 4.6281821448329269E-001 8.7185921676911460E-001
2.0954999999999995E+000 9.0675071047253231E-001 4.6975355236266264E-001 8.7185921676911460E-001
2.0954999999999995E+000 9.2013777804840635E-001 4.7668889024203265E-001 8.7185921676911460E-001
2.0954999999999995E+000 9.6656714027575408E-001 2.7790994579083905E-001 9.0847086912079611E-001
2.0954999999999995E+000 9.8105116335680931E-001 2.8207443049299946E-001 9.0847086912079611E-001
2.0954999999999995E+000 9.9553518643786465E-001 2.8623891519515982E-001 9.0847086912079611E-001
2.0954999999999999E+000 1.0010000000000001E+000 9.1839117851013161E-002 9.6338834764831838E-001
2.0954999999999999E+000 1.0160000000000000E+000 9.3215328408221151E-002 9.6338834764831838E-001
2.0954999999999999E+000 1.0310000000000001E+000 9.4591538965429128E-002 9.6338834764831838E-001
2.0954999999999999E+000 1.0010000000000001E+000 0.0000000000000000E+000 1.0000000000000000E+000
2.0954999999999999E+000 1.0160000000000000E+000 0.0000000000000000E+000 1.0000000000000000E+000
2.0954999999999999E+000 1.0309999999999999E+000 0.0000000000000000E+000 1.0000000000000000E+000
2.4764999999999997E+000 0.0000000000000000E+000 1.0010000000000001E+000 1.0000000000000000E+000
2.4764999999999997E+000 0.0000000000000000E+000 1.0160000000000000E+000 1.0000000000000000E+000
2.4764999999999997E+000 0.0000000000000000E+000 1.0309999999999999E+000 1.0000000000000000E+000
2.4764999999999997E+000 9.1839117851013174E-002 1.0010000000000001E+000 9.6338834764831849E-001
2.4764999999999997E+000 9.3215328408221151E-002 1.0160000000000000E+000 9.6338834764831849E-001
2.4764999999999997E+000 9.4591538965429114E-002 1.0309999999999999E+000 9.6338834764831849E-001
2.4765000000000001E+000 2.7790994579083905E-001 9.6656714027575452E-001 9.0847086912079611E-001
2.4765000000000001E+000 2.8207443049299952E-001 9.8105116335680942E-001 9.0847086912079611E-001
2.4765000000000001E+000 2.8623891519515987E-001 9.9553518643786465E-001 9.0847086912079611E-001
2.4765000000000001E+000 4.6281821448329274E-001 8.9336364289665871E-001 8.7185921676911449E-001
2.4765000000000001E+000 4.6975355236266281E-001 9.0675071047253264E-001 8.7185921676911449E-001
2.4765000000000001E+000 4.7668889024203276E-001 9.2013777804840635E-001 8.7185921676911449E-001
2.4765000000000001E+000 6.3451735995966774E-001 7.8111041597580078E-001 8.5355339059327373E-001
2.4765000000000001E+000 6.4402561210691545E-001 7.9281536726414936E-001 8.5355339059327373E-001
2.4765000000000001E+000 6.5353386425416304E-001 8.0452031855249773E-001 8.5355339059327373E-001
2.4765000000000001E+000 7.8111041597580066E-001 6.3451735995966774E-001 8.5355339059327373E-001
2.4765000000000001E+000 7.9281536726414936E-001 6.4402561210691533E-001 8.5355339059327373E-001
2.4765000000000001E+000 8.0452031855249773E-001 6.5353386425416293E-001 8.5355339059327373E-001
2.4764999999999997E+000 8.9336364289665859E-001 4.6281821448329269E-001 8.7185921676911460E-001
2.4764999999999997E+000 9.0675071047253231E-001 4.6975355236266264E-001 8.7185921676911460E-001
2.4764999999999997E+000 9.2013777804840635E-001 4.7668889024203265E-001 8.7185921676911460E-001
2.4764999999999997E+000 9.6656714027575408E-001 2.7790994579083905E-001 9.0847086912079611E-001
2.4764999999999997E+000 9.8105116335680931E-001 2.8207443049299946E-001 9.0847086912079611E-001
2.4764999999999997E+000 9.9553518643786465E-001 2.8623891519515982E-001 9.0847086912079611E-001
2.4764999999999993E+000 1.0009999999999999E+000 9.1839117851013161E-002 9.6338834764831849E-001
2.4764999999999993E+000 1.0160000000000000E+000 9.3215328408221138E-002 9.6338834764831849E-001
2.4764999999999993E+000 1.0309999999999999E+000 9.4591538965429114E-002 9.6338834764831849E-001
2.4764999999999997E+000 1.0010000000000001E+000 0.0000000000000000E+000 1.0000000000000000E+000
2.4764999999999997E+000 1.0160000000000000E+000 0.0000000000000000E+000 1.0000000000000000E+000
2.4764999999999997E+000 1.0309999999999999E+000 0.0000000000000000E+000 1.0000000000000000E+000
2.8574999999999999E+000 0.0000000000000000E+000 1.0010000000000001E+000 1.0000000000000000E+000
2.8574999999999999E+000 0.0000000000000000E+000 1.0160000000000000E+000 1.0000000000000000E+000
2.8574999999999999E+000 0.0000000000000000E+000 1.0309999999999999E+000 1.0000000000000000E+000
2.8574999999999999E+000 9.1839117851013174E-002 1.0010000000000001E+000 9.6338834764831849E-001
2.8574999999999999E+000 9.3215328408221151E-002 1.0160000000000000E+000 9.6338834764831849E-001
2.8574999999999999E+000 9.4591538965429114E-002 1.0309999999999999E+000 9.6338834764831849E-001
2.8575000000000004E+000 2.7790994579083905E-001 9.6656714027575452E-001 9.0847086912079611E-001
2.8575000000000004E+000 2.8207443049299952E-001 9.8105116335680942E-001 9.0847086912079611E-001
2.8575000000000004E+000 2.8623891519515987E-001 9.9553518643786465E-001 9.0847086912079611E-001
2.8575000000000004E+000 4.6281821448329274E-001 8.9336364289665871E-001 8.7185921676911449E-001
2.8575000000000004E+000 4.6975355236266281E-001 9.0675071047253264E-001 8.7185921676911449E-001
2.8575000000000004E+000 4.7668889024203276E-001 9.2013777804840635E-001 8.7185921676911449E-001
2.8575000000000004E+000 6.3451735995966774E-001 7.8111041597580078E-001 8.5355339059327373E-001
2.8575000000000004E+000 6.4402561210691545E-001 7.9281536726414936E-001 8.5355339059327373E-001
2.8575000000000004E+000 6.5353386425416304E-001 8.0452031855249773E-001 8.5355339059327373E-001
2.8575000000000004E+000 7.8111041597580066E-001 6.3451735995966774E-001 8.5355339059327373E-001
2.8575000000000004E+000 7.9281536726414936E-001 6.4402561210691533E-001 8.5355339059327373E-001
2.8575000000000004E+000 8.0452031855249773E-001 6.5353386425416293E-001 8.5355339059327373E-001
2.8574999999999999E+000 8.9336364289665859E-001 4.6281821448329269E-001 8.7185921676911460E-001
2.8574999999999999E+000 9.0675071047253231E-001 4.6975355236266264E-001 8.7185921676911460E-001
2.8574999999999999E+000 9.2013777804840635E-001 4.7668889024203265E-001 8.7185921676911460E-001
2.8574999999999999E+000 9.6656714027575408E-001 2.7790994579083905E-001 9.0847086912079611E-001
2.8574999999999999E+000 9.8105116335680931E-001 2.8207443049299946E-001 9.0847086912079611E-001
2.8574999999999999E+000 9.9553518643786465E-001 2.8623891519515982E-001 9.0847086912079611E-001
2.8574999999999995E+000 1.0009999999999999E+000 9.1839117851013161E-002 9.6338834764831849E-001
2.8574999999999995E+000 1.0160000000000000E+000 9.3215328408221138E-002 9.6338834764831849E-001
2.8574999999999995E+000 1.0309999999999999E+000 9.4591538965429114E-002 9.6338834764831849E-001
2.8574999999999999E+000 1.0010000000000001E+000 0.0000000000000000E+000 1.0000000000000000E+000
2.8574999999999999E+000 1.0160000000000000E+000 0.0000000000000000E+000 1.0000000000000000E+000
2.8574999999999999E+000 1.0309999999999999E+000 0.0000000000000000E+000 1.0000000000000000E+000
3.0480000000000000E+000 0.0000000000000000E+000 1.0010000000000001E+000 1.0000000000000000E+000
3.0480000000000000E+000 0.0000000000000000E+000 1.0160000000000000E+000 1.0000000000000000E+000
3.0480000000000000E+000 0.0000000000000000E+000 1.0309999999999999E+000 1.0000000000000000E+000
3.0479999999999996E+000 9.1839117851013174E-002 1.0010000000000001E+000 9.6338834764831849E-001
3.0479999999999996E+000 9.3215328408221151E-002 1.0160000000000000E+000 9.6338834764831849E-001
3.0479999999999996E+000 9.4591538965429114E-002 1.0309999999999999E+000 9.6338834764831849E-001
3.0480000000000000E+000 2.7790994579083905E-001 9.6656714027575452E-001 9.0847086912079611E-001
3.0480000000000000E+000 2.8207443049299952E-001 9.8105116335680942E-001 9.0847086912079611E-001
3.0480000000000000E+000 2.8623891519515987E-001 9.9553518643786465E-001 9.0847086912079611E-001
3.0480000000000005E+000 4.6281821448329274E-001 8.9336364289665871E-001 8.7185921676911449E-001
3.0480000000000005E+000 4.6975355236266281E-001 9.0675071047253264E-001 8.7185921676911449E-001
3.0480000000000005E+000 4.7668889024203276E-001 9.2013777804840635E-001 8.7185921676911449E-001
3.0480000000000005E+000 6.3451735995966774E-001 7.8111041597580078E-001 8.5355339059327373E-001
3.0480000000000005E+000 6.4402561210691545E-001 7.9281536726414936E-001 8.5355339059327373E-001
3.0480000000000005E+000 6.5353386425416304E-001 8.0452031855249773E-001 8.5355339059327373E-001
3.0480000000000005E+000 7.8111041597580066E-001 6.3451735995966774E-001 8.5355339059327373E-001
3.0480000000000005E+000 7.9281536726414936E-001 6.4402561210691533E-001 8.5355339059327373E-001
3.0480000000000005E+000 8.0452031855249773E-001 6.5353386425416293E-001 8.5355339059327373E-001
3.0479999999999996E+000 8.9336364289665859E-001 4.6281821448329269E-001 8.7185921676911460E-001
3.0479999999999996E+000 9.0675071047253231E-001 4.6975355236266264E-001 8.7185921676911460E-001
3.0479999999999996E+000 9.2013777804840635E-001 4.7668889024203265E-001 8.7185921676911460E-001
3.0479999999999996E+000 9.6656714027575408E-001 2.7790994579083905E-001 9.0847086912079611E-001
3.0479999999999996E+000 9.8105116335680931E-001 2.8207443049299946E-001 9.0847086912079611E-001
3.0479999999999996E+000 9.9553518643786465E-001 2.8623891519515982E-001 9.0847086912079611E-001
3.0479999999999996E+000 1.0009999999999999E+000 9.1839117851013161E-002 9.6338834764831849E-001
3.0479999999999996E+000 1.0160000000000000E+000 9.3215328408221138E-002 9.6338834764831849E-001
3.0479999999999996E+000 1.0309999999999999E+000 9.4591538965429114E-002 9.6338834764831849E-001
3.0480000000000000E+000 1.0010000000000001E+000 0.0000000000000000E+000 1.0000000000000000E+000
3.0480000000000000E+000 1.0160000000000000E+000 0.0000000000000000E+000 1.0000000000000000E+000
3.0480000000000000E+000 1.0309999999999999E+000 0.0000000000000000E+000 1.0000000000000000E+000
--------------------------------------------------------
*material
6
2.0685e7, 0.30, 1.0, 1.0, 1.0e25, 0.0
------------------------------------------------------------------------------------------------------
*NLGeom
*Increments
20
*Iterations
25
------------------------------------------------------------------------------------------------------
*bcdof   !boundary condition
144
1	,	1
1	,	2
1	,	3
2	,	2
3	,	2
4	,	2
5	,	2
6	,	2
7	,	2
8	,	2
9	,	2
10	,	2
11	,	1
11	,	2
11	,	3
21	,	1
21	,	2
21	,	3
31	,	1
31	,	2
31	,	3
41	,	1
41	,	2
41	,	3
51	,	1
51	,	2
51	,	3
61	,	1
61	,	2
61	,	3
71	,	1
71	,	2
71	,	3
81	,	1
81	,	2
81	,	3
91	,	1
91	,	2
91	,	3
92	,	3
93	,	3
94	,	3
95	,	3
96	,	3
97	,	3
98	,	3
99	,	3
100	,	3
101	,	1
101	,	2
101	,	3
102	,	2
103	,	2
104	,	2
105	,	2
106	,	2
107	,	2
108	,	2
109	,	2
110	,	2
111	,	1
111	,	2
111	,	3
121	,	1
121	,	2
121	,	3
131	,	1
131	,	2
131	,	3
141	,	1
141	,	2
141	,	3
151	,	1
151	,	2
151	,	3
161	,	1
161	,	2
161	,	3
171	,	1
171	,	2
171	,	3
181	,	1
181	,	2
181	,	3
191	,	1
191	,	2
191	,	3
192	,	3
193	,	3
194	,	3
195	,	3
196	,	3
197	,	3
198	,	3
199	,	3
200	,	3
201	,	1
201	,	2
201	,	3
202	,	2
203	,	2
204	,	2
205	,	2
206	,	2
207	,	2
208	,	2
209	,	2
210	,	2
211	,	1
211	,	2
211	,	3
221	,	1
221	,	2
221	,	3
231	,	1
231	,	2
231	,	3
241	,	1
241	,	2
241	,	3
251	,	1
251	,	2
251	,	3
261	,	1
261	,	2
261	,	3
271	,	1
271	,	2
271	,	3
281	,	1
281	,	2
281	,	3
291	,	1
291	,	2
291	,	3
292	,	3
293	,	3
294	,	3
295	,	3
296	,	3
297	,	3
298	,	3
299	,	3
300	,	3
--------------------------------------------------------
*loaddof
2
 10, 3, -400.0
210, 3, -400.0
*end