!---------------------------------------------------------------------------
!
! Pinched Cylinder subjected to concentrated load
! 2x2x1 mesh
!
!---------------------------------------------------------------------------
*begin
3           !problem dimension
2, 2, 2     !degree of each dimension
4, 4, 3     !control points in each direction
0, 0, 0     !open(0) or closed(1) knot vector
--------------------------------------------------------
*knots    !knot spans
0.0, 0.0, 0.0, 0.5, 1.0, 1.0, 1.0
0.0, 0.0, 0.0, 0.5, 1.0, 1.0, 1.0
0.0, 0.0, 0.0, 1.0, 1.0, 1.0
--------------------------------------------------------
*element
Hex27ANS
*bnet     !nurbs control points
3.0000000000000000E+002 0.0000000000000000E+000 2.9850000000000000E+002 1.0000000000000000E+000
3.0000000000000000E+002 0.0000000000000000E+000 3.0000000000000000E+002 1.0000000000000000E+000
3.0000000000000000E+002 0.0000000000000000E+000 3.0150000000000000E+002 1.0000000000000000E+000
3.0000000000000000E+002 1.2364274836836886E+002 2.9850000000000000E+002 8.5355339059327373E-001
3.0000000000000000E+002 1.2426406871192850E+002 3.0000000000000000E+002 8.5355339059327373E-001
3.0000000000000000E+002 1.2488538905548816E+002 3.0150000000000000E+002 8.5355339059327373E-001
3.0000000000000000E+002 2.9850000000000000E+002 1.2364274836836886E+002 8.5355339059327373E-001
3.0000000000000000E+002 3.0000000000000000E+002 1.2426406871192850E+002 8.5355339059327373E-001
3.0000000000000000E+002 3.0150000000000000E+002 1.2488538905548816E+002 8.5355339059327373E-001
3.0000000000000000E+002 2.9850000000000000E+002 0.0000000000000000E+000 1.0000000000000000E+000
3.0000000000000000E+002 3.0000000000000000E+002 0.0000000000000000E+000 1.0000000000000000E+000
3.0000000000000000E+002 3.0150000000000000E+002 0.0000000000000000E+000 1.0000000000000000E+000
2.2500000000000000E+002 0.0000000000000000E+000 2.9850000000000000E+002 1.0000000000000000E+000
2.2500000000000000E+002 0.0000000000000000E+000 3.0000000000000000E+002 1.0000000000000000E+000
2.2500000000000000E+002 0.0000000000000000E+000 3.0150000000000000E+002 1.0000000000000000E+000
2.2500000000000000E+002 1.2364274836836886E+002 2.9850000000000000E+002 8.5355339059327373E-001
2.2500000000000000E+002 1.2426406871192850E+002 3.0000000000000000E+002 8.5355339059327373E-001
2.2500000000000000E+002 1.2488538905548816E+002 3.0150000000000000E+002 8.5355339059327373E-001
2.2500000000000000E+002 2.9850000000000000E+002 1.2364274836836886E+002 8.5355339059327373E-001
2.2500000000000000E+002 3.0000000000000000E+002 1.2426406871192850E+002 8.5355339059327373E-001
2.2500000000000000E+002 3.0150000000000000E+002 1.2488538905548816E+002 8.5355339059327373E-001
2.2500000000000000E+002 2.9850000000000000E+002 0.0000000000000000E+000 1.0000000000000000E+000
2.2500000000000000E+002 3.0000000000000000E+002 0.0000000000000000E+000 1.0000000000000000E+000
2.2500000000000000E+002 3.0150000000000000E+002 0.0000000000000000E+000 1.0000000000000000E+000
7.5000000000000000E+001 0.0000000000000000E+000 2.9850000000000000E+002 1.0000000000000000E+000
7.5000000000000000E+001 0.0000000000000000E+000 3.0000000000000000E+002 1.0000000000000000E+000
7.5000000000000000E+001 0.0000000000000000E+000 3.0150000000000000E+002 1.0000000000000000E+000
7.5000000000000000E+001 1.2364274836836886E+002 2.9850000000000000E+002 8.5355339059327373E-001
7.5000000000000000E+001 1.2426406871192850E+002 3.0000000000000000E+002 8.5355339059327373E-001
7.5000000000000000E+001 1.2488538905548816E+002 3.0150000000000000E+002 8.5355339059327373E-001
7.5000000000000000E+001 2.9850000000000000E+002 1.2364274836836886E+002 8.5355339059327373E-001
7.5000000000000000E+001 3.0000000000000000E+002 1.2426406871192850E+002 8.5355339059327373E-001
7.5000000000000000E+001 3.0150000000000000E+002 1.2488538905548816E+002 8.5355339059327373E-001
7.5000000000000000E+001 2.9850000000000000E+002 0.0000000000000000E+000 1.0000000000000000E+000
7.5000000000000000E+001 3.0000000000000000E+002 0.0000000000000000E+000 1.0000000000000000E+000
7.5000000000000000E+001 3.0150000000000000E+002 0.0000000000000000E+000 1.0000000000000000E+000
0.0000000000000000E+000 0.0000000000000000E+000 2.9850000000000000E+002 1.0000000000000000E+000
0.0000000000000000E+000 0.0000000000000000E+000 3.0000000000000000E+002 1.0000000000000000E+000
0.0000000000000000E+000 0.0000000000000000E+000 3.0150000000000000E+002 1.0000000000000000E+000
0.0000000000000000E+000 1.2364274836836886E+002 2.9850000000000000E+002 8.5355339059327373E-001
0.0000000000000000E+000 1.2426406871192850E+002 3.0000000000000000E+002 8.5355339059327373E-001
0.0000000000000000E+000 1.2488538905548816E+002 3.0150000000000000E+002 8.5355339059327373E-001
0.0000000000000000E+000 2.9850000000000000E+002 1.2364274836836886E+002 8.5355339059327373E-001
0.0000000000000000E+000 3.0000000000000000E+002 1.2426406871192850E+002 8.5355339059327373E-001
0.0000000000000000E+000 3.0150000000000000E+002 1.2488538905548816E+002 8.5355339059327373E-001
0.0000000000000000E+000 2.9850000000000000E+002 0.0000000000000000E+000 1.0000000000000000E+000
0.0000000000000000E+000 3.0000000000000000E+002 0.0000000000000000E+000 1.0000000000000000E+000
0.0000000000000000E+000 3.0150000000000000E+002 0.0000000000000000E+000 1.0000000000000000E+000
--------------------------------------------------------
*material
5
3.0e6, 0.3, 1.0, 0.0, 1.0e25
!Young Modulus, Poisson coef, thickness (set to 1.0 if not used), density, Yield Stress
*bcdof
54
1	,	2
2	,	2
3	,	2
4	,	2
8	,	2
12	,	2
16	,	2
17	,	2
18	,	2
19	,	2
20	,	2
24	,	2
28	,	2
32	,	2
33	,	2
34	,	2
35	,	2
36	,	2
40	,	2
44	,	2
48	,	2
4	,	3
8	,	3
12	,	3
13	,	3
14	,	3
15	,	3
16	,	3
20	,	3
24	,	3
28	,	3
29	,	3
30	,	3
31	,	3
32	,	3
36	,	3
40	,	3
44	,	3
45	,	3
46	,	3
47	,	3
48	,	3
1	,	1
5	,	1
9	,	1
13	,	1
17	,	1
21	,	1
25	,	1
29	,	1
33	,	1
37	,	1
41	,	1
45	,	1
*loaddof
2
 1, 3, -0.125
33, 3, -0.125
*end