!---------------------------------------------------------------------------
!
! Pinched Cylinder subjected to concentrated load
! 4x4x1 mesh
!
!---------------------------------------------------------------------------
*begin
3           !problem dimension
3, 3, 3     !degree of each dimension
7, 4, 7     !control points in each direction
0, 0, 0     !open(0) or closed(1) knot vector
--------------------------------------------------------
*knots    !knot spans
0.0, 0.0, 0.0, 0.0, 0.25, 0.5, 0.75, 1.0, 1.0, 1.0, 1.0
0.0, 0.0, 0.0, 0.0, 1.0, 1.0, 1.0, 1.0
0.0, 0.0, 0.0, 0.0, 0.25, 0.5, 0.75, 1.0, 1.0, 1.0, 1.0
--------------------------------------------------------
*element
Hex64
*bnet     !nurbs control points
0.0000000000000000E+000 2.9850000000000000E+002 0.0000000000000000E+000 1.0000000000000000E+000
0.0000000000000000E+000 2.9850000000000000E+002 2.5000000000000004E+001 1.0000000000000000E+000
0.0000000000000000E+000 2.9850000000000000E+002 7.5000000000000000E+001 1.0000000000000000E+000
0.0000000000000000E+000 2.9850000000000000E+002 1.5000000000000000E+002 1.0000000000000000E+000
0.0000000000000000E+000 2.9850000000000000E+002 2.2500000000000000E+002 1.0000000000000000E+000
0.0000000000000000E+000 2.9850000000000000E+002 2.7500000000000000E+002 1.0000000000000000E+000
0.0000000000000000E+000 2.9850000000000000E+002 3.0000000000000000E+002 1.0000000000000000E+000
0.0000000000000000E+000 2.9950000000000000E+002 0.0000000000000000E+000 1.0000000000000000E+000
0.0000000000000000E+000 2.9950000000000000E+002 2.5000000000000004E+001 1.0000000000000000E+000
0.0000000000000000E+000 2.9950000000000000E+002 7.5000000000000000E+001 1.0000000000000000E+000
0.0000000000000000E+000 2.9950000000000000E+002 1.5000000000000000E+002 1.0000000000000000E+000
0.0000000000000000E+000 2.9950000000000000E+002 2.2500000000000000E+002 1.0000000000000000E+000
0.0000000000000000E+000 2.9950000000000000E+002 2.7500000000000000E+002 1.0000000000000000E+000
0.0000000000000000E+000 2.9950000000000000E+002 3.0000000000000000E+002 1.0000000000000000E+000
0.0000000000000000E+000 3.0050000000000000E+002 0.0000000000000000E+000 1.0000000000000000E+000
0.0000000000000000E+000 3.0050000000000000E+002 2.5000000000000004E+001 1.0000000000000000E+000
0.0000000000000000E+000 3.0050000000000000E+002 7.5000000000000000E+001 1.0000000000000000E+000
0.0000000000000000E+000 3.0050000000000000E+002 1.5000000000000000E+002 1.0000000000000000E+000
0.0000000000000000E+000 3.0050000000000000E+002 2.2500000000000000E+002 1.0000000000000000E+000
0.0000000000000000E+000 3.0050000000000000E+002 2.7500000000000000E+002 1.0000000000000000E+000
0.0000000000000000E+000 3.0050000000000000E+002 3.0000000000000000E+002 1.0000000000000000E+000
0.0000000000000000E+000 3.0150000000000000E+002 0.0000000000000000E+000 1.0000000000000000E+000
0.0000000000000000E+000 3.0150000000000000E+002 2.5000000000000004E+001 1.0000000000000000E+000
0.0000000000000000E+000 3.0150000000000000E+002 7.5000000000000000E+001 1.0000000000000000E+000
0.0000000000000000E+000 3.0150000000000000E+002 1.5000000000000000E+002 1.0000000000000000E+000
0.0000000000000000E+000 3.0150000000000000E+002 2.2500000000000000E+002 1.0000000000000000E+000
0.0000000000000000E+000 3.0150000000000000E+002 2.7500000000000000E+002 1.0000000000000000E+000
0.0000000000000000E+000 3.0150000000000000E+002 3.0000000000000000E+002 1.0000000000000000E+000
3.6983953915139672E+001 2.9850000000000000E+002 0.0000000000000000E+000 9.5118446353109132E-001
3.6983953915139679E+001 2.9850000000000000E+002 2.5000000000000000E+001 9.5118446353109132E-001
3.6983953915139679E+001 2.9850000000000000E+002 7.5000000000000014E+001 9.5118446353109132E-001
3.6983953915139672E+001 2.9850000000000006E+002 1.5000000000000000E+002 9.5118446353109121E-001
3.6983953915139672E+001 2.9850000000000000E+002 2.2499999999999997E+002 9.5118446353109132E-001
3.6983953915139672E+001 2.9850000000000000E+002 2.7499999999999994E+002 9.5118446353109132E-001
3.6983953915139672E+001 2.9850000000000000E+002 3.0000000000000000E+002 9.5118446353109132E-001
3.7107853258238976E+001 2.9950000000000000E+002 0.0000000000000000E+000 9.5118446353109121E-001
3.7107853258238976E+001 2.9950000000000000E+002 2.5000000000000004E+001 9.5118446353109121E-001
3.7107853258238983E+001 2.9950000000000000E+002 7.5000000000000028E+001 9.5118446353109110E-001
3.7107853258238976E+001 2.9950000000000000E+002 1.5000000000000000E+002 9.5118446353109121E-001
3.7107853258238976E+001 2.9950000000000000E+002 2.2500000000000000E+002 9.5118446353109121E-001
3.7107853258238976E+001 2.9950000000000000E+002 2.7500000000000000E+002 9.5118446353109121E-001
3.7107853258238976E+001 2.9950000000000000E+002 3.0000000000000000E+002 9.5118446353109121E-001
3.7231752601338279E+001 3.0050000000000006E+002 0.0000000000000000E+000 9.5118446353109121E-001
3.7231752601338279E+001 3.0050000000000006E+002 2.5000000000000004E+001 9.5118446353109121E-001
3.7231752601338279E+001 3.0050000000000006E+002 7.5000000000000028E+001 9.5118446353109110E-001
3.7231752601338279E+001 3.0050000000000006E+002 1.5000000000000000E+002 9.5118446353109121E-001
3.7231752601338279E+001 3.0050000000000006E+002 2.2500000000000000E+002 9.5118446353109121E-001
3.7231752601338279E+001 3.0050000000000006E+002 2.7500000000000000E+002 9.5118446353109121E-001
3.7231752601338279E+001 3.0050000000000006E+002 3.0000000000000000E+002 9.5118446353109121E-001
3.7355651944437561E+001 3.0149999999999994E+002 0.0000000000000000E+000 9.5118446353109132E-001
3.7355651944437561E+001 3.0149999999999994E+002 2.5000000000000000E+001 9.5118446353109132E-001
3.7355651944437561E+001 3.0149999999999994E+002 7.5000000000000014E+001 9.5118446353109132E-001
3.7355651944437561E+001 3.0150000000000000E+002 1.5000000000000000E+002 9.5118446353109121E-001
3.7355651944437561E+001 3.0149999999999994E+002 2.2499999999999997E+002 9.5118446353109132E-001
3.7355651944437561E+001 3.0149999999999994E+002 2.7499999999999994E+002 9.5118446353109132E-001
3.7355651944437561E+001 3.0149999999999994E+002 3.0000000000000000E+002 9.5118446353109132E-001
1.1433752495852035E+002 2.8433365576603995E+002 0.0000000000000000E+000 8.7796115882772829E-001
1.1433752495852035E+002 2.8433365576603995E+002 2.4999999999999993E+001 8.7796115882772829E-001
1.1433752495852035E+002 2.8433365576603995E+002 7.5000000000000000E+001 8.7796115882772829E-001
1.1433752495852036E+002 2.8433365576603995E+002 1.4999999999999997E+002 8.7796115882772818E-001
1.1433752495852036E+002 2.8433365576603995E+002 2.2499999999999997E+002 8.7796115882772818E-001
1.1433752495852035E+002 2.8433365576603995E+002 2.7499999999999994E+002 8.7796115882772829E-001
1.1433752495852035E+002 2.8433365576603995E+002 2.9999999999999994E+002 8.7796115882772829E-001
1.1472056524313855E+002 2.8528619732639527E+002 0.0000000000000000E+000 8.7796115882772807E-001
1.1472056524313855E+002 2.8528619732639527E+002 2.5000000000000000E+001 8.7796115882772807E-001
1.1472056524313855E+002 2.8528619732639527E+002 7.5000000000000014E+001 8.7796115882772807E-001
1.1472056524313855E+002 2.8528619732639527E+002 1.5000000000000000E+002 8.7796115882772807E-001
1.1472056524313855E+002 2.8528619732639527E+002 2.2500000000000000E+002 8.7796115882772807E-001
1.1472056524313855E+002 2.8528619732639527E+002 2.7500000000000000E+002 8.7796115882772807E-001
1.1472056524313855E+002 2.8528619732639527E+002 3.0000000000000000E+002 8.7796115882772807E-001
1.1510360552775673E+002 2.8623873888675053E+002 0.0000000000000000E+000 8.7796115882772807E-001
1.1510360552775673E+002 2.8623873888675053E+002 2.5000000000000000E+001 8.7796115882772807E-001
1.1510360552775673E+002 2.8623873888675053E+002 7.5000000000000014E+001 8.7796115882772807E-001
1.1510360552775673E+002 2.8623873888675053E+002 1.5000000000000000E+002 8.7796115882772807E-001
1.1510360552775673E+002 2.8623873888675053E+002 2.2500000000000000E+002 8.7796115882772807E-001
1.1510360552775673E+002 2.8623873888675053E+002 2.7500000000000000E+002 8.7796115882772807E-001
1.1510360552775673E+002 2.8623873888675053E+002 3.0000000000000000E+002 8.7796115882772807E-001
1.1548664581237483E+002 2.8719128044710573E+002 0.0000000000000000E+000 8.7796115882772829E-001
1.1548664581237483E+002 2.8719128044710573E+002 2.4999999999999993E+001 8.7796115882772829E-001
1.1548664581237483E+002 2.8719128044710573E+002 7.5000000000000000E+001 8.7796115882772829E-001
1.1548664581237485E+002 2.8719128044710573E+002 1.4999999999999997E+002 8.7796115882772818E-001
1.1548664581237485E+002 2.8719128044710573E+002 2.2499999999999997E+002 8.7796115882772818E-001
1.1548664581237483E+002 2.8719128044710573E+002 2.7499999999999994E+002 8.7796115882772829E-001
1.1548664581237483E+002 2.8719128044710573E+002 2.9999999999999994E+002 8.7796115882772829E-001
2.1719460970326537E+002 2.1719460970326537E+002 0.0000000000000000E+000 8.4134950647604656E-001
2.1719460970326537E+002 2.1719460970326537E+002 2.5000000000000004E+001 8.4134950647604656E-001
2.1719460970326537E+002 2.1719460970326537E+002 7.5000000000000000E+001 8.4134950647604656E-001
2.1719460970326540E+002 2.1719460970326537E+002 1.5000000000000000E+002 8.4134950647604645E-001
2.1719460970326540E+002 2.1719460970326540E+002 2.2500000000000000E+002 8.4134950647604645E-001
2.1719460970326537E+002 2.1719460970326537E+002 2.7499999999999994E+002 8.4134950647604656E-001
2.1719460970326537E+002 2.1719460970326537E+002 2.9999999999999994E+002 8.4134950647604656E-001
2.1792222983627471E+002 2.1792222983627465E+002 0.0000000000000000E+000 8.4134950647604634E-001
2.1792222983627465E+002 2.1792222983627465E+002 2.5000000000000011E+001 8.4134950647604634E-001
2.1792222983627465E+002 2.1792222983627465E+002 7.5000000000000028E+001 8.4134950647604634E-001
2.1792222983627465E+002 2.1792222983627465E+002 1.5000000000000003E+002 8.4134950647604634E-001
2.1792222983627465E+002 2.1792222983627465E+002 2.2500000000000003E+002 8.4134950647604634E-001
2.1792222983627465E+002 2.1792222983627465E+002 2.7500000000000000E+002 8.4134950647604634E-001
2.1792222983627471E+002 2.1792222983627465E+002 3.0000000000000006E+002 8.4134950647604634E-001
2.1864984996928396E+002 2.1864984996928399E+002 0.0000000000000000E+000 8.4134950647604634E-001
2.1864984996928396E+002 2.1864984996928402E+002 2.5000000000000011E+001 8.4134950647604634E-001
2.1864984996928396E+002 2.1864984996928402E+002 7.5000000000000028E+001 8.4134950647604634E-001
2.1864984996928396E+002 2.1864984996928399E+002 1.5000000000000003E+002 8.4134950647604634E-001
2.1864984996928396E+002 2.1864984996928399E+002 2.2500000000000003E+002 8.4134950647604634E-001
2.1864984996928396E+002 2.1864984996928399E+002 2.7500000000000000E+002 8.4134950647604634E-001
2.1864984996928396E+002 2.1864984996928399E+002 3.0000000000000006E+002 8.4134950647604634E-001
2.1937747010229316E+002 2.1937747010229316E+002 0.0000000000000000E+000 8.4134950647604656E-001
2.1937747010229319E+002 2.1937747010229319E+002 2.5000000000000004E+001 8.4134950647604656E-001
2.1937747010229319E+002 2.1937747010229319E+002 7.5000000000000000E+001 8.4134950647604656E-001
2.1937747010229319E+002 2.1937747010229319E+002 1.5000000000000000E+002 8.4134950647604645E-001
2.1937747010229319E+002 2.1937747010229319E+002 2.2500000000000000E+002 8.4134950647604645E-001
2.1937747010229316E+002 2.1937747010229316E+002 2.7499999999999994E+002 8.4134950647604656E-001
2.1937747010229316E+002 2.1937747010229316E+002 2.9999999999999994E+002 8.4134950647604656E-001
2.8433365576604001E+002 1.1433752495852038E+002 0.0000000000000000E+000 8.7796115882772807E-001
2.8433365576604001E+002 1.1433752495852038E+002 2.4999999999999996E+001 8.7796115882772807E-001
2.8433365576604001E+002 1.1433752495852038E+002 7.4999999999999986E+001 8.7796115882772807E-001
2.8433365576604001E+002 1.1433752495852038E+002 1.4999999999999997E+002 8.7796115882772807E-001
2.8433365576604001E+002 1.1433752495852038E+002 2.2500000000000000E+002 8.7796115882772807E-001
2.8433365576604001E+002 1.1433752495852038E+002 2.7500000000000000E+002 8.7796115882772807E-001
2.8433365576604001E+002 1.1433752495852038E+002 3.0000000000000000E+002 8.7796115882772807E-001
2.8528619732639527E+002 1.1472056524313852E+002 0.0000000000000000E+000 8.7796115882772807E-001
2.8528619732639527E+002 1.1472056524313852E+002 2.4999999999999996E+001 8.7796115882772807E-001
2.8528619732639527E+002 1.1472056524313852E+002 7.4999999999999986E+001 8.7796115882772807E-001
2.8528619732639527E+002 1.1472056524313852E+002 1.4999999999999997E+002 8.7796115882772807E-001
2.8528619732639527E+002 1.1472056524313852E+002 2.2500000000000000E+002 8.7796115882772807E-001
2.8528619732639527E+002 1.1472056524313852E+002 2.7500000000000000E+002 8.7796115882772807E-001
2.8528619732639527E+002 1.1472056524313852E+002 3.0000000000000000E+002 8.7796115882772807E-001
2.8623873888675053E+002 1.1510360552775670E+002 0.0000000000000000E+000 8.7796115882772807E-001
2.8623873888675053E+002 1.1510360552775670E+002 2.4999999999999996E+001 8.7796115882772807E-001
2.8623873888675053E+002 1.1510360552775670E+002 7.4999999999999986E+001 8.7796115882772807E-001
2.8623873888675053E+002 1.1510360552775670E+002 1.4999999999999997E+002 8.7796115882772807E-001
2.8623873888675053E+002 1.1510360552775670E+002 2.2500000000000000E+002 8.7796115882772807E-001
2.8623873888675053E+002 1.1510360552775670E+002 2.7500000000000000E+002 8.7796115882772807E-001
2.8623873888675053E+002 1.1510360552775670E+002 3.0000000000000000E+002 8.7796115882772807E-001
2.8719128044710578E+002 1.1548664581237486E+002 0.0000000000000000E+000 8.7796115882772807E-001
2.8719128044710578E+002 1.1548664581237486E+002 2.4999999999999996E+001 8.7796115882772807E-001
2.8719128044710578E+002 1.1548664581237486E+002 7.4999999999999986E+001 8.7796115882772807E-001
2.8719128044710578E+002 1.1548664581237485E+002 1.4999999999999997E+002 8.7796115882772807E-001
2.8719128044710578E+002 1.1548664581237486E+002 2.2500000000000000E+002 8.7796115882772807E-001
2.8719128044710578E+002 1.1548664581237486E+002 2.7500000000000000E+002 8.7796115882772807E-001
2.8719128044710578E+002 1.1548664581237486E+002 3.0000000000000000E+002 8.7796115882772807E-001
2.9850000000000000E+002 3.6983953915139672E+001 0.0000000000000000E+000 9.5118446353109121E-001
2.9850000000000000E+002 3.6983953915139679E+001 2.5000000000000004E+001 9.5118446353109121E-001
2.9850000000000000E+002 3.6983953915139686E+001 7.5000000000000028E+001 9.5118446353109110E-001
2.9850000000000000E+002 3.6983953915139672E+001 1.5000000000000000E+002 9.5118446353109121E-001
2.9850000000000000E+002 3.6983953915139672E+001 2.2500000000000000E+002 9.5118446353109121E-001
2.9850000000000000E+002 3.6983953915139672E+001 2.7500000000000000E+002 9.5118446353109121E-001
2.9850000000000000E+002 3.6983953915139672E+001 3.0000000000000000E+002 9.5118446353109121E-001
2.9950000000000000E+002 3.7107853258238968E+001 0.0000000000000000E+000 9.5118446353109121E-001
2.9950000000000000E+002 3.7107853258238968E+001 2.5000000000000004E+001 9.5118446353109121E-001
2.9950000000000000E+002 3.7107853258238976E+001 7.5000000000000028E+001 9.5118446353109110E-001
2.9950000000000000E+002 3.7107853258238968E+001 1.5000000000000000E+002 9.5118446353109121E-001
2.9950000000000000E+002 3.7107853258238968E+001 2.2500000000000000E+002 9.5118446353109121E-001
2.9950000000000000E+002 3.7107853258238968E+001 2.7500000000000000E+002 9.5118446353109121E-001
2.9950000000000000E+002 3.7107853258238968E+001 3.0000000000000000E+002 9.5118446353109121E-001
3.0050000000000000E+002 3.7231752601338272E+001 0.0000000000000000E+000 9.5118446353109121E-001
3.0050000000000006E+002 3.7231752601338272E+001 2.5000000000000004E+001 9.5118446353109121E-001
3.0050000000000006E+002 3.7231752601338272E+001 7.5000000000000028E+001 9.5118446353109110E-001
3.0050000000000000E+002 3.7231752601338272E+001 1.5000000000000000E+002 9.5118446353109121E-001
3.0050000000000000E+002 3.7231752601338272E+001 2.2500000000000000E+002 9.5118446353109121E-001
3.0050000000000000E+002 3.7231752601338272E+001 2.7500000000000000E+002 9.5118446353109121E-001
3.0050000000000000E+002 3.7231752601338272E+001 3.0000000000000000E+002 9.5118446353109121E-001
3.0150000000000000E+002 3.7355651944437561E+001 0.0000000000000000E+000 9.5118446353109121E-001
3.0150000000000000E+002 3.7355651944437561E+001 2.5000000000000004E+001 9.5118446353109121E-001
3.0150000000000000E+002 3.7355651944437568E+001 7.5000000000000028E+001 9.5118446353109110E-001
3.0150000000000000E+002 3.7355651944437561E+001 1.5000000000000000E+002 9.5118446353109121E-001
3.0150000000000000E+002 3.7355651944437561E+001 2.2500000000000000E+002 9.5118446353109121E-001
3.0150000000000000E+002 3.7355651944437561E+001 2.7500000000000000E+002 9.5118446353109121E-001
3.0150000000000000E+002 3.7355651944437561E+001 3.0000000000000000E+002 9.5118446353109121E-001
2.9850000000000000E+002 0.0000000000000000E+000 0.0000000000000000E+000 1.0000000000000000E+000
2.9850000000000000E+002 0.0000000000000000E+000 2.5000000000000004E+001 1.0000000000000000E+000
2.9850000000000000E+002 0.0000000000000000E+000 7.5000000000000000E+001 1.0000000000000000E+000
2.9850000000000000E+002 0.0000000000000000E+000 1.5000000000000000E+002 1.0000000000000000E+000
2.9850000000000000E+002 0.0000000000000000E+000 2.2500000000000000E+002 1.0000000000000000E+000
2.9850000000000000E+002 0.0000000000000000E+000 2.7500000000000000E+002 1.0000000000000000E+000
2.9850000000000000E+002 0.0000000000000000E+000 3.0000000000000000E+002 1.0000000000000000E+000
2.9950000000000000E+002 0.0000000000000000E+000 0.0000000000000000E+000 1.0000000000000000E+000
2.9950000000000000E+002 0.0000000000000000E+000 2.5000000000000004E+001 1.0000000000000000E+000
2.9950000000000000E+002 0.0000000000000000E+000 7.5000000000000000E+001 1.0000000000000000E+000
2.9950000000000000E+002 0.0000000000000000E+000 1.5000000000000000E+002 1.0000000000000000E+000
2.9950000000000000E+002 0.0000000000000000E+000 2.2500000000000000E+002 1.0000000000000000E+000
2.9950000000000000E+002 0.0000000000000000E+000 2.7500000000000000E+002 1.0000000000000000E+000
2.9950000000000000E+002 0.0000000000000000E+000 3.0000000000000000E+002 1.0000000000000000E+000
3.0050000000000000E+002 0.0000000000000000E+000 0.0000000000000000E+000 1.0000000000000000E+000
3.0050000000000000E+002 0.0000000000000000E+000 2.5000000000000004E+001 1.0000000000000000E+000
3.0050000000000000E+002 0.0000000000000000E+000 7.5000000000000000E+001 1.0000000000000000E+000
3.0050000000000000E+002 0.0000000000000000E+000 1.5000000000000000E+002 1.0000000000000000E+000
3.0050000000000000E+002 0.0000000000000000E+000 2.2500000000000000E+002 1.0000000000000000E+000
3.0050000000000000E+002 0.0000000000000000E+000 2.7500000000000000E+002 1.0000000000000000E+000
3.0050000000000000E+002 0.0000000000000000E+000 3.0000000000000000E+002 1.0000000000000000E+000
3.0150000000000000E+002 0.0000000000000000E+000 0.0000000000000000E+000 1.0000000000000000E+000
3.0150000000000000E+002 0.0000000000000000E+000 2.5000000000000004E+001 1.0000000000000000E+000
3.0150000000000000E+002 0.0000000000000000E+000 7.5000000000000000E+001 1.0000000000000000E+000
3.0150000000000000E+002 0.0000000000000000E+000 1.5000000000000000E+002 1.0000000000000000E+000
3.0150000000000000E+002 0.0000000000000000E+000 2.2500000000000000E+002 1.0000000000000000E+000
3.0150000000000000E+002 0.0000000000000000E+000 2.7500000000000000E+002 1.0000000000000000E+000
3.0150000000000000E+002 0.0000000000000000E+000 3.0000000000000000E+002 1.0000000000000000E+000
 --------------------------------------------------------
*material
5
3.0e6, 0.3, 1.0, 0.0, 1.0e25
!Young Modulus, Poisson coef, thickness (set to 1.0 if not used), density, Yield Stress
*bcdof
132
1	,	1
2	,	1
3	,	1
4	,	1
5	,	1
6	,	1
7	,	1
8	,	1
9	,	1
10	,	1
11	,	1
12	,	1
13	,	1
14	,	1
15	,	1
16	,	1
17	,	1
18	,	1
19	,	1
20	,	1
21	,	1
22	,	1
23	,	1
24	,	1
25	,	1
26	,	1
27	,	1
28	,	1
29	,	1
36	,	1
43	,	1
50	,	1
57	,	1
64	,	1
71	,	1
78	,	1
85	,	1
92	,	1
99	,	1
106	,	1
113	,	1
120	,	1
127	,	1
134	,	1
141	,	1
148	,	1
155	,	1
162	,	1
169	,	1
176	,	1
183	,	1
190	,	1
1	,	2
2	,	2
3	,	2
4	,	2
5	,	2
6	,	2
7	,	2
8	,	2
9	,	2
10	,	2
11	,	2
12	,	2
13	,	2
14	,	2
15	,	2
16	,	2
17	,	2
18	,	2
19	,	2
20	,	2
21	,	2
22	,	2
23	,	2
24	,	2
25	,	2
26	,	2
27	,	2
28	,	2
35	,	2
42	,	2
49	,	2
56	,	2
63	,	2
70	,	2
77	,	2
84	,	2
91	,	2
98	,	2
105	,	2
112	,	2
119	,	2
126	,	2
133	,	2
140	,	2
147	,	2
154	,	2
161	,	2
168	,	2
175	,	2
182	,	2
189	,	2
196	,	2
169	,	3
170	,	3
171	,	3
172	,	3
173	,	3
174	,	3
175	,	3
176	,	3
177	,	3
178	,	3
179	,	3
180	,	3
181	,	3
182	,	3
183	,	3
184	,	3
185	,	3
186	,	3
187	,	3
188	,	3
189	,	3
190	,	3
191	,	3
192	,	3
193	,	3
194	,	3
195	,	3
196	,	3
*loaddof
2
169, 2, -0.125
190, 2, -0.125
*end