!---------------------------------------------------------------------------
!
! Pinched Cylinder subjected to concentrated load
! 2x2x1 mesh
!
!---------------------------------------------------------------------------
*begin
3           !problem dimension
2, 2, 2     !degree of each dimension
6, 6, 4     !control points in each direction
0, 0, 0     !open(0) or closed(1) knot vector
--------------------------------------------------------
*knots    !knot spans
0.0, 0.0, 0.0, 0.25, 0.5, 0.75, 1.0, 1.0, 1.0
0.0, 0.0, 0.0, 0.25, 0.5, 0.75, 1.0, 1.0, 1.0
0.0, 0.0, 0.0, 0.5, 1.0, 1.0, 1.0
--------------------------------------------------------
*element
Hex27ANS
*bnet     !nurbs control points
0.0000000000000000E+000 0.0000000000000000E+000 2.9850000000000000E+002 1.0000000000000000E+000
0.0000000000000000E+000 0.0000000000000000E+000 2.9925000000000000E+002 1.0000000000000000E+000
0.0000000000000000E+000 0.0000000000000000E+000 3.0075000000000000E+002 1.0000000000000000E+000
0.0000000000000000E+000 0.0000000000000000E+000 3.0150000000000000E+002 1.0000000000000000E+000
0.0000000000000000E+000 5.6936955594418031E+001 2.9850000000000000E+002 9.2677669529663687E-001
0.0000000000000000E+000 5.7080013271790939E+001 2.9925000000000000E+002 9.2677669529663687E-001
0.0000000000000000E+000 5.7366128626536764E+001 3.0075000000000000E+002 9.2677669529663687E-001
0.0000000000000000E+000 5.7509186303909672E+001 3.0150000000000000E+002 9.2677669529663687E-001
0.0000000000000000E+000 1.6735706127627662E+002 2.5478568709209219E+002 8.5355339059327373E-001
0.0000000000000000E+000 1.6777755640511151E+002 2.5542585213503713E+002 8.5355339059327373E-001
0.0000000000000000E+000 1.6861854666278126E+002 2.5670618222092708E+002 8.5355339059327373E-001
0.0000000000000000E+000 1.6903904179161611E+002 2.5734634726387202E+002 8.5355339059327373E-001
0.0000000000000000E+000 2.5478568709209219E+002 1.6735706127627662E+002 8.5355339059327373E-001
0.0000000000000000E+000 2.5542585213503716E+002 1.6777755640511151E+002 8.5355339059327373E-001
0.0000000000000000E+000 2.5670618222092708E+002 1.6861854666278126E+002 8.5355339059327373E-001
0.0000000000000000E+000 2.5734634726387202E+002 1.6903904179161611E+002 8.5355339059327373E-001
0.0000000000000000E+000 2.9850000000000000E+002 5.6936955594418031E+001 9.2677669529663687E-001
0.0000000000000000E+000 2.9925000000000000E+002 5.7080013271790939E+001 9.2677669529663687E-001
0.0000000000000000E+000 3.0075000000000000E+002 5.7366128626536764E+001 9.2677669529663687E-001
0.0000000000000000E+000 3.0150000000000000E+002 5.7509186303909672E+001 9.2677669529663687E-001
0.0000000000000000E+000 2.9850000000000000E+002 0.0000000000000000E+000 1.0000000000000000E+000
0.0000000000000000E+000 2.9925000000000000E+002 0.0000000000000000E+000 1.0000000000000000E+000
0.0000000000000000E+000 3.0075000000000000E+002 0.0000000000000000E+000 1.0000000000000000E+000
0.0000000000000000E+000 3.0150000000000000E+002 0.0000000000000000E+000 1.0000000000000000E+000
3.7500000000000000E+001 0.0000000000000000E+000 2.9850000000000000E+002 1.0000000000000000E+000
3.7500000000000000E+001 0.0000000000000000E+000 2.9925000000000000E+002 1.0000000000000000E+000
3.7500000000000000E+001 0.0000000000000000E+000 3.0075000000000000E+002 1.0000000000000000E+000
3.7500000000000000E+001 0.0000000000000000E+000 3.0150000000000000E+002 1.0000000000000000E+000
3.7500000000000000E+001 5.6936955594418031E+001 2.9850000000000000E+002 9.2677669529663687E-001
3.7500000000000000E+001 5.7080013271790939E+001 2.9925000000000000E+002 9.2677669529663687E-001
3.7500000000000000E+001 5.7366128626536764E+001 3.0075000000000000E+002 9.2677669529663687E-001
3.7500000000000000E+001 5.7509186303909672E+001 3.0150000000000000E+002 9.2677669529663687E-001
3.7500000000000000E+001 1.6735706127627662E+002 2.5478568709209219E+002 8.5355339059327373E-001
3.7500000000000000E+001 1.6777755640511151E+002 2.5542585213503713E+002 8.5355339059327373E-001
3.7500000000000000E+001 1.6861854666278126E+002 2.5670618222092708E+002 8.5355339059327373E-001
3.7500000000000000E+001 1.6903904179161611E+002 2.5734634726387202E+002 8.5355339059327373E-001
3.7500000000000000E+001 2.5478568709209219E+002 1.6735706127627662E+002 8.5355339059327373E-001
3.7500000000000000E+001 2.5542585213503716E+002 1.6777755640511151E+002 8.5355339059327373E-001
3.7500000000000000E+001 2.5670618222092708E+002 1.6861854666278126E+002 8.5355339059327373E-001
3.7500000000000000E+001 2.5734634726387202E+002 1.6903904179161611E+002 8.5355339059327373E-001
3.7500000000000000E+001 2.9850000000000000E+002 5.6936955594418031E+001 9.2677669529663687E-001
3.7500000000000000E+001 2.9925000000000000E+002 5.7080013271790939E+001 9.2677669529663687E-001
3.7500000000000000E+001 3.0075000000000000E+002 5.7366128626536764E+001 9.2677669529663687E-001
3.7500000000000000E+001 3.0150000000000000E+002 5.7509186303909672E+001 9.2677669529663687E-001
3.7500000000000000E+001 2.9850000000000000E+002 0.0000000000000000E+000 1.0000000000000000E+000
3.7500000000000000E+001 2.9925000000000000E+002 0.0000000000000000E+000 1.0000000000000000E+000
3.7500000000000000E+001 3.0075000000000000E+002 0.0000000000000000E+000 1.0000000000000000E+000
3.7500000000000000E+001 3.0150000000000000E+002 0.0000000000000000E+000 1.0000000000000000E+000
1.1250000000000000E+002 0.0000000000000000E+000 2.9850000000000000E+002 1.0000000000000000E+000
1.1250000000000000E+002 0.0000000000000000E+000 2.9925000000000000E+002 1.0000000000000000E+000
1.1250000000000000E+002 0.0000000000000000E+000 3.0075000000000000E+002 1.0000000000000000E+000
1.1250000000000000E+002 0.0000000000000000E+000 3.0150000000000000E+002 1.0000000000000000E+000
1.1250000000000000E+002 5.6936955594418031E+001 2.9850000000000000E+002 9.2677669529663687E-001
1.1250000000000000E+002 5.7080013271790939E+001 2.9924999999999994E+002 9.2677669529663687E-001
1.1250000000000000E+002 5.7366128626536764E+001 3.0075000000000000E+002 9.2677669529663687E-001
1.1250000000000000E+002 5.7509186303909672E+001 3.0150000000000000E+002 9.2677669529663687E-001
1.1250000000000001E+002 1.6735706127627662E+002 2.5478568709209219E+002 8.5355339059327373E-001
1.1250000000000001E+002 1.6777755640511151E+002 2.5542585213503713E+002 8.5355339059327373E-001
1.1250000000000001E+002 1.6861854666278126E+002 2.5670618222092708E+002 8.5355339059327373E-001
1.1250000000000001E+002 1.6903904179161611E+002 2.5734634726387202E+002 8.5355339059327373E-001
1.1250000000000001E+002 2.5478568709209219E+002 1.6735706127627662E+002 8.5355339059327373E-001
1.1250000000000001E+002 2.5542585213503716E+002 1.6777755640511148E+002 8.5355339059327373E-001
1.1250000000000001E+002 2.5670618222092708E+002 1.6861854666278126E+002 8.5355339059327373E-001
1.1250000000000001E+002 2.5734634726387202E+002 1.6903904179161611E+002 8.5355339059327373E-001
1.1250000000000000E+002 2.9850000000000000E+002 5.6936955594418031E+001 9.2677669529663687E-001
1.1250000000000000E+002 2.9924999999999994E+002 5.7080013271790939E+001 9.2677669529663687E-001
1.1250000000000000E+002 3.0075000000000000E+002 5.7366128626536764E+001 9.2677669529663687E-001
1.1250000000000000E+002 3.0150000000000000E+002 5.7509186303909672E+001 9.2677669529663687E-001
1.1250000000000000E+002 2.9850000000000000E+002 0.0000000000000000E+000 1.0000000000000000E+000
1.1250000000000000E+002 2.9925000000000000E+002 0.0000000000000000E+000 1.0000000000000000E+000
1.1250000000000000E+002 3.0075000000000000E+002 0.0000000000000000E+000 1.0000000000000000E+000
1.1250000000000000E+002 3.0150000000000000E+002 0.0000000000000000E+000 1.0000000000000000E+000
1.8750000000000000E+002 0.0000000000000000E+000 2.9850000000000000E+002 1.0000000000000000E+000
1.8750000000000000E+002 0.0000000000000000E+000 2.9925000000000000E+002 1.0000000000000000E+000
1.8750000000000000E+002 0.0000000000000000E+000 3.0075000000000000E+002 1.0000000000000000E+000
1.8750000000000000E+002 0.0000000000000000E+000 3.0150000000000000E+002 1.0000000000000000E+000
1.8750000000000000E+002 5.6936955594418031E+001 2.9850000000000000E+002 9.2677669529663687E-001
1.8750000000000000E+002 5.7080013271790939E+001 2.9925000000000000E+002 9.2677669529663687E-001
1.8750000000000000E+002 5.7366128626536764E+001 3.0075000000000000E+002 9.2677669529663687E-001
1.8750000000000000E+002 5.7509186303909672E+001 3.0150000000000000E+002 9.2677669529663687E-001
1.8750000000000000E+002 1.6735706127627662E+002 2.5478568709209219E+002 8.5355339059327373E-001
1.8750000000000000E+002 1.6777755640511151E+002 2.5542585213503713E+002 8.5355339059327373E-001
1.8750000000000000E+002 1.6861854666278126E+002 2.5670618222092708E+002 8.5355339059327373E-001
1.8750000000000000E+002 1.6903904179161611E+002 2.5734634726387202E+002 8.5355339059327373E-001
1.8750000000000000E+002 2.5478568709209219E+002 1.6735706127627662E+002 8.5355339059327373E-001
1.8750000000000000E+002 2.5542585213503716E+002 1.6777755640511151E+002 8.5355339059327373E-001
1.8750000000000000E+002 2.5670618222092708E+002 1.6861854666278126E+002 8.5355339059327373E-001
1.8750000000000000E+002 2.5734634726387202E+002 1.6903904179161611E+002 8.5355339059327373E-001
1.8750000000000000E+002 2.9850000000000000E+002 5.6936955594418031E+001 9.2677669529663687E-001
1.8750000000000000E+002 2.9925000000000000E+002 5.7080013271790939E+001 9.2677669529663687E-001
1.8750000000000000E+002 3.0075000000000000E+002 5.7366128626536764E+001 9.2677669529663687E-001
1.8750000000000000E+002 3.0150000000000000E+002 5.7509186303909672E+001 9.2677669529663687E-001
1.8750000000000000E+002 2.9850000000000000E+002 0.0000000000000000E+000 1.0000000000000000E+000
1.8750000000000000E+002 2.9925000000000000E+002 0.0000000000000000E+000 1.0000000000000000E+000
1.8750000000000000E+002 3.0075000000000000E+002 0.0000000000000000E+000 1.0000000000000000E+000
1.8750000000000000E+002 3.0150000000000000E+002 0.0000000000000000E+000 1.0000000000000000E+000
2.6250000000000000E+002 0.0000000000000000E+000 2.9850000000000000E+002 1.0000000000000000E+000
2.6250000000000000E+002 0.0000000000000000E+000 2.9925000000000000E+002 1.0000000000000000E+000
2.6250000000000000E+002 0.0000000000000000E+000 3.0075000000000000E+002 1.0000000000000000E+000
2.6250000000000000E+002 0.0000000000000000E+000 3.0150000000000000E+002 1.0000000000000000E+000
2.6250000000000000E+002 5.6936955594418031E+001 2.9850000000000000E+002 9.2677669529663687E-001
2.6250000000000000E+002 5.7080013271790939E+001 2.9925000000000000E+002 9.2677669529663687E-001
2.6250000000000000E+002 5.7366128626536764E+001 3.0075000000000000E+002 9.2677669529663687E-001
2.6250000000000000E+002 5.7509186303909672E+001 3.0150000000000000E+002 9.2677669529663687E-001
2.6250000000000000E+002 1.6735706127627662E+002 2.5478568709209219E+002 8.5355339059327373E-001
2.6250000000000000E+002 1.6777755640511151E+002 2.5542585213503713E+002 8.5355339059327373E-001
2.6250000000000000E+002 1.6861854666278126E+002 2.5670618222092708E+002 8.5355339059327373E-001
2.6250000000000000E+002 1.6903904179161611E+002 2.5734634726387202E+002 8.5355339059327373E-001
2.6250000000000000E+002 2.5478568709209219E+002 1.6735706127627662E+002 8.5355339059327373E-001
2.6250000000000000E+002 2.5542585213503716E+002 1.6777755640511151E+002 8.5355339059327373E-001
2.6250000000000000E+002 2.5670618222092708E+002 1.6861854666278126E+002 8.5355339059327373E-001
2.6250000000000000E+002 2.5734634726387202E+002 1.6903904179161611E+002 8.5355339059327373E-001
2.6250000000000000E+002 2.9850000000000000E+002 5.6936955594418031E+001 9.2677669529663687E-001
2.6250000000000000E+002 2.9925000000000000E+002 5.7080013271790939E+001 9.2677669529663687E-001
2.6250000000000000E+002 3.0075000000000000E+002 5.7366128626536764E+001 9.2677669529663687E-001
2.6250000000000000E+002 3.0150000000000000E+002 5.7509186303909672E+001 9.2677669529663687E-001
2.6250000000000000E+002 2.9850000000000000E+002 0.0000000000000000E+000 1.0000000000000000E+000
2.6250000000000000E+002 2.9925000000000000E+002 0.0000000000000000E+000 1.0000000000000000E+000
2.6250000000000000E+002 3.0075000000000000E+002 0.0000000000000000E+000 1.0000000000000000E+000
2.6250000000000000E+002 3.0150000000000000E+002 0.0000000000000000E+000 1.0000000000000000E+000
3.0000000000000000E+002 0.0000000000000000E+000 2.9850000000000000E+002 1.0000000000000000E+000
3.0000000000000000E+002 0.0000000000000000E+000 2.9925000000000000E+002 1.0000000000000000E+000
3.0000000000000000E+002 0.0000000000000000E+000 3.0075000000000000E+002 1.0000000000000000E+000
3.0000000000000000E+002 0.0000000000000000E+000 3.0150000000000000E+002 1.0000000000000000E+000
3.0000000000000000E+002 5.6936955594418031E+001 2.9850000000000000E+002 9.2677669529663687E-001
3.0000000000000000E+002 5.7080013271790939E+001 2.9925000000000000E+002 9.2677669529663687E-001
3.0000000000000000E+002 5.7366128626536764E+001 3.0075000000000000E+002 9.2677669529663687E-001
3.0000000000000000E+002 5.7509186303909672E+001 3.0150000000000000E+002 9.2677669529663687E-001
3.0000000000000000E+002 1.6735706127627662E+002 2.5478568709209219E+002 8.5355339059327373E-001
3.0000000000000000E+002 1.6777755640511151E+002 2.5542585213503713E+002 8.5355339059327373E-001
3.0000000000000000E+002 1.6861854666278126E+002 2.5670618222092708E+002 8.5355339059327373E-001
3.0000000000000000E+002 1.6903904179161611E+002 2.5734634726387202E+002 8.5355339059327373E-001
3.0000000000000000E+002 2.5478568709209219E+002 1.6735706127627662E+002 8.5355339059327373E-001
3.0000000000000000E+002 2.5542585213503716E+002 1.6777755640511151E+002 8.5355339059327373E-001
3.0000000000000000E+002 2.5670618222092708E+002 1.6861854666278126E+002 8.5355339059327373E-001
3.0000000000000000E+002 2.5734634726387202E+002 1.6903904179161611E+002 8.5355339059327373E-001
3.0000000000000000E+002 2.9850000000000000E+002 5.6936955594418031E+001 9.2677669529663687E-001
3.0000000000000000E+002 2.9925000000000000E+002 5.7080013271790939E+001 9.2677669529663687E-001
3.0000000000000000E+002 3.0075000000000000E+002 5.7366128626536764E+001 9.2677669529663687E-001
3.0000000000000000E+002 3.0150000000000000E+002 5.7509186303909672E+001 9.2677669529663687E-001
3.0000000000000000E+002 2.9850000000000000E+002 0.0000000000000000E+000 1.0000000000000000E+000
3.0000000000000000E+002 2.9925000000000000E+002 0.0000000000000000E+000 1.0000000000000000E+000
3.0000000000000000E+002 3.0075000000000000E+002 0.0000000000000000E+000 1.0000000000000000E+000
3.0000000000000000E+002 3.0150000000000000E+002 0.0000000000000000E+000 1.0000000000000000E+000
--------------------------------------------------------
*material
5
3.0e6, 0.3, 1.0, 0.0, 1.0e25
!Young Modulus, Poisson coef, thickness (set to 1.0 if not used), density, Yield Stress
*bcdof
112
1	,	2
2	,	2
3	,	2
4	,	2
5	,	2
6	,	2
7	,	2
13	,	2
19	,	2
25	,	2
31	,	2
37	,	2
38	,	2
39	,	2
40	,	2
41	,	2
42	,	2
43	,	2
49	,	2
55	,	2
61	,	2
67	,	2
73	,	2
74	,	2
75	,	2
76	,	2
77	,	2
78	,	2
79	,	2
85	,	2
91	,	2
97	,	2
103	,	2
109	,	2
110	,	2
111	,	2
112	,	2
113	,	2
114	,	2
115	,	2
121	,	2
127	,	2
133	,	2
139	,	2
6	,	1
12	,	1
18	,	1
24	,	1
30	,	1
36	,	1
42	,	1
48	,	1
54	,	1
60	,	1
66	,	1
72	,	1
78	,	1
84	,	1
90	,	1
96	,	1
102	,	1
108	,	1
114	,	1
120	,	1
126	,	1
132	,	1
138	,	1
144	,	1
1	,	3
7	,	3
13	,	3
19	,	3
25	,	3
31	,	3
32	,	3
33	,	3
34	,	3
35	,	3
36	,	3
37	,	3
43	,	3
49	,	3
55	,	3
61	,	3
67	,	3
68	,	3
69	,	3
70	,	3
71	,	3
72	,	3
73	,	3
79	,	3
85	,	3
91	,	3
97	,	3
103	,	3
104	,	3
105	,	3
106	,	3
107	,	3
108	,	3
109	,	3
115	,	3
121	,	3
127	,	3
133	,	3
139	,	3
140	,	3
141	,	3
142	,	3
143	,	3
144	,	3
*loaddof
2
  6, 3, -0.125
114, 3, -0.125
*end