!---------------------------------------------------------------------------
!
! Pinched Cylinder subjected to concentrated load
! 4x4x1 mesh
!
!---------------------------------------------------------------------------
*begin
3           !problem dimension
2, 1, 2     !degree of each dimension
10, 2, 10     !control points in each direction
0, 0, 0     !open(0) or closed(1) knot vector
--------------------------------------------------------
*knots    !knot spans
0.0, 0.0, 0.0, 0.125, 0.25, 0.375, 0.5, 0.625, 0.75, 0.875, 1.0, 1.0, 1.0
0.0, 0.0, 1.0, 1.0
0.0, 0.0, 0.0, 0.125, 0.25, 0.375, 0.5, 0.625, 0.75, 0.875, 1.0, 1.0, 1.0
--------------------------------------------------------
*element
Hex27
*bnet     !nurbs control points
0.000000E+000 2.985000E+002 0.000000E+000 1.000000E+000
0.000000E+000 2.985000E+002 1.875000E+001 1.000000E+000
0.000000E+000 2.985000E+002 5.625000E+001 1.000000E+000
0.000000E+000 2.985000E+002 9.375000E+001 1.000000E+000
0.000000E+000 2.985000E+002 1.312500E+002 1.000000E+000
0.000000E+000 2.985000E+002 1.687500E+002 1.000000E+000
0.000000E+000 2.985000E+002 2.062500E+002 1.000000E+000
0.000000E+000 2.985000E+002 2.437500E+002 1.000000E+000
0.000000E+000 2.985000E+002 2.812500E+002 1.000000E+000
0.000000E+000 2.985000E+002 3.000000E+002 1.000000E+000
0.000000E+000 3.015000E+002 0.000000E+000 1.000000E+000
0.000000E+000 3.015000E+002 1.875000E+001 1.000000E+000
0.000000E+000 3.015000E+002 5.625000E+001 1.000000E+000
0.000000E+000 3.015000E+002 9.375000E+001 1.000000E+000
0.000000E+000 3.015000E+002 1.312500E+002 1.000000E+000
0.000000E+000 3.015000E+002 1.687500E+002 1.000000E+000
0.000000E+000 3.015000E+002 2.062500E+002 1.000000E+000
0.000000E+000 3.015000E+002 2.437500E+002 1.000000E+000
0.000000E+000 3.015000E+002 2.812500E+002 1.000000E+000
0.000000E+000 3.015000E+002 3.000000E+002 1.000000E+000
2.738659E+001 2.985000E+002 0.000000E+000 9.633883E-001
2.738659E+001 2.985000E+002 1.875000E+001 9.633883E-001
2.738659E+001 2.985000E+002 5.625000E+001 9.633883E-001
2.738659E+001 2.985000E+002 9.375000E+001 9.633883E-001
2.738659E+001 2.985000E+002 1.312500E+002 9.633883E-001
2.738659E+001 2.985000E+002 1.687500E+002 9.633883E-001
2.738659E+001 2.985000E+002 2.062500E+002 9.633883E-001
2.738659E+001 2.985000E+002 2.437500E+002 9.633883E-001
2.738659E+001 2.985000E+002 2.812500E+002 9.633883E-001
2.738659E+001 2.985000E+002 3.000000E+002 9.633883E-001
2.766183E+001 3.015000E+002 0.000000E+000 9.633883E-001
2.766183E+001 3.015000E+002 1.875000E+001 9.633883E-001
2.766183E+001 3.015000E+002 5.625000E+001 9.633883E-001
2.766183E+001 3.015000E+002 9.375000E+001 9.633883E-001
2.766183E+001 3.015000E+002 1.312500E+002 9.633883E-001
2.766183E+001 3.015000E+002 1.687500E+002 9.633883E-001
2.766183E+001 3.015000E+002 2.062500E+002 9.633883E-001
2.766183E+001 3.015000E+002 2.437500E+002 9.633883E-001
2.766183E+001 3.015000E+002 2.812500E+002 9.633883E-001
2.766183E+001 3.015000E+002 3.000000E+002 9.633883E-001
8.287325E+001 2.882321E+002 0.000000E+000 9.084709E-001
8.287325E+001 2.882321E+002 1.875000E+001 9.084709E-001
8.287325E+001 2.882321E+002 5.625000E+001 9.084709E-001
8.287325E+001 2.882321E+002 9.375000E+001 9.084709E-001
8.287325E+001 2.882321E+002 1.312500E+002 9.084709E-001
8.287325E+001 2.882321E+002 1.687500E+002 9.084709E-001
8.287325E+001 2.882321E+002 2.062500E+002 9.084709E-001
8.287325E+001 2.882321E+002 2.437500E+002 9.084709E-001
8.287325E+001 2.882321E+002 2.812500E+002 9.084709E-001
8.287325E+001 2.882321E+002 3.000000E+002 9.084709E-001
8.370614E+001 2.911289E+002 0.000000E+000 9.084709E-001
8.370614E+001 2.911289E+002 1.875000E+001 9.084709E-001
8.370614E+001 2.911289E+002 5.625000E+001 9.084709E-001
8.370614E+001 2.911289E+002 9.375000E+001 9.084709E-001
8.370614E+001 2.911289E+002 1.312500E+002 9.084709E-001
8.370614E+001 2.911289E+002 1.687500E+002 9.084709E-001
8.370614E+001 2.911289E+002 2.062500E+002 9.084709E-001
8.370614E+001 2.911289E+002 2.437500E+002 9.084709E-001
8.370614E+001 2.911289E+002 2.812500E+002 9.084709E-001
8.370614E+001 2.911289E+002 3.000000E+002 9.084709E-001
1.380132E+002 2.664026E+002 0.000000E+000 8.718592E-001
1.380132E+002 2.664026E+002 1.875000E+001 8.718592E-001
1.380132E+002 2.664026E+002 5.625000E+001 8.718592E-001
1.380132E+002 2.664026E+002 9.375000E+001 8.718592E-001
1.380132E+002 2.664026E+002 1.312500E+002 8.718592E-001
1.380132E+002 2.664026E+002 1.687500E+002 8.718592E-001
1.380132E+002 2.664026E+002 2.062500E+002 8.718592E-001
1.380132E+002 2.664026E+002 2.437500E+002 8.718592E-001
1.380132E+002 2.664026E+002 2.812500E+002 8.718592E-001
1.380132E+002 2.664026E+002 3.000000E+002 8.718592E-001
1.394003E+002 2.690801E+002 0.000000E+000 8.718592E-001
1.394003E+002 2.690801E+002 1.875000E+001 8.718592E-001
1.394003E+002 2.690801E+002 5.625000E+001 8.718592E-001
1.394003E+002 2.690801E+002 9.375000E+001 8.718592E-001
1.394003E+002 2.690801E+002 1.312500E+002 8.718592E-001
1.394003E+002 2.690801E+002 1.687500E+002 8.718592E-001
1.394003E+002 2.690801E+002 2.062500E+002 8.718592E-001
1.394003E+002 2.690801E+002 2.437500E+002 8.718592E-001
1.394003E+002 2.690801E+002 2.812500E+002 8.718592E-001
1.394003E+002 2.690801E+002 3.000000E+002 8.718592E-001
1.892142E+002 2.329285E+002 0.000000E+000 8.535534E-001
1.892142E+002 2.329285E+002 1.875000E+001 8.535534E-001
1.892142E+002 2.329285E+002 5.625000E+001 8.535534E-001
1.892142E+002 2.329285E+002 9.375000E+001 8.535534E-001
1.892142E+002 2.329285E+002 1.312500E+002 8.535534E-001
1.892142E+002 2.329285E+002 1.687500E+002 8.535534E-001
1.892142E+002 2.329285E+002 2.062500E+002 8.535534E-001
1.892142E+002 2.329285E+002 2.437500E+002 8.535534E-001
1.892142E+002 2.329285E+002 2.812500E+002 8.535534E-001
1.892142E+002 2.329285E+002 3.000000E+002 8.535534E-001
1.911159E+002 2.352695E+002 0.000000E+000 8.535534E-001
1.911159E+002 2.352695E+002 1.875000E+001 8.535534E-001
1.911159E+002 2.352695E+002 5.625000E+001 8.535534E-001
1.911159E+002 2.352695E+002 9.375000E+001 8.535534E-001
1.911159E+002 2.352695E+002 1.312500E+002 8.535534E-001
1.911159E+002 2.352695E+002 1.687500E+002 8.535534E-001
1.911159E+002 2.352695E+002 2.062500E+002 8.535534E-001
1.911159E+002 2.352695E+002 2.437500E+002 8.535534E-001
1.911159E+002 2.352695E+002 2.812500E+002 8.535534E-001
1.911159E+002 2.352695E+002 3.000000E+002 8.535534E-001
2.329285E+002 1.892142E+002 0.000000E+000 8.535534E-001
2.329285E+002 1.892142E+002 1.875000E+001 8.535534E-001
2.329285E+002 1.892142E+002 5.625000E+001 8.535534E-001
2.329285E+002 1.892142E+002 9.375000E+001 8.535534E-001
2.329285E+002 1.892142E+002 1.312500E+002 8.535534E-001
2.329285E+002 1.892142E+002 1.687500E+002 8.535534E-001
2.329285E+002 1.892142E+002 2.062500E+002 8.535534E-001
2.329285E+002 1.892142E+002 2.437500E+002 8.535534E-001
2.329285E+002 1.892142E+002 2.812500E+002 8.535534E-001
2.329285E+002 1.892142E+002 3.000000E+002 8.535534E-001
2.352695E+002 1.911159E+002 0.000000E+000 8.535534E-001
2.352695E+002 1.911159E+002 1.875000E+001 8.535534E-001
2.352695E+002 1.911159E+002 5.625000E+001 8.535534E-001
2.352695E+002 1.911159E+002 9.375000E+001 8.535534E-001
2.352695E+002 1.911159E+002 1.312500E+002 8.535534E-001
2.352695E+002 1.911159E+002 1.687500E+002 8.535534E-001
2.352695E+002 1.911159E+002 2.062500E+002 8.535534E-001
2.352695E+002 1.911159E+002 2.437500E+002 8.535534E-001
2.352695E+002 1.911159E+002 2.812500E+002 8.535534E-001
2.352695E+002 1.911159E+002 3.000000E+002 8.535534E-001
2.664026E+002 1.380132E+002 0.000000E+000 8.718592E-001
2.664026E+002 1.380132E+002 1.875000E+001 8.718592E-001
2.664026E+002 1.380132E+002 5.625000E+001 8.718592E-001
2.664026E+002 1.380132E+002 9.375000E+001 8.718592E-001
2.664026E+002 1.380132E+002 1.312500E+002 8.718592E-001
2.664026E+002 1.380132E+002 1.687500E+002 8.718592E-001
2.664026E+002 1.380132E+002 2.062500E+002 8.718592E-001
2.664026E+002 1.380132E+002 2.437500E+002 8.718592E-001
2.664026E+002 1.380132E+002 2.812500E+002 8.718592E-001
2.664026E+002 1.380132E+002 3.000000E+002 8.718592E-001
2.690801E+002 1.394003E+002 0.000000E+000 8.718592E-001
2.690801E+002 1.394003E+002 1.875000E+001 8.718592E-001
2.690801E+002 1.394003E+002 5.625000E+001 8.718592E-001
2.690801E+002 1.394003E+002 9.375000E+001 8.718592E-001
2.690801E+002 1.394003E+002 1.312500E+002 8.718592E-001
2.690801E+002 1.394003E+002 1.687500E+002 8.718592E-001
2.690801E+002 1.394003E+002 2.062500E+002 8.718592E-001
2.690801E+002 1.394003E+002 2.437500E+002 8.718592E-001
2.690801E+002 1.394003E+002 2.812500E+002 8.718592E-001
2.690801E+002 1.394003E+002 3.000000E+002 8.718592E-001
2.882321E+002 8.287325E+001 0.000000E+000 9.084709E-001
2.882321E+002 8.287325E+001 1.875000E+001 9.084709E-001
2.882321E+002 8.287325E+001 5.625000E+001 9.084709E-001
2.882321E+002 8.287325E+001 9.375000E+001 9.084709E-001
2.882321E+002 8.287325E+001 1.312500E+002 9.084709E-001
2.882321E+002 8.287325E+001 1.687500E+002 9.084709E-001
2.882321E+002 8.287325E+001 2.062500E+002 9.084709E-001
2.882321E+002 8.287325E+001 2.437500E+002 9.084709E-001
2.882321E+002 8.287325E+001 2.812500E+002 9.084709E-001
2.882321E+002 8.287325E+001 3.000000E+002 9.084709E-001
2.911289E+002 8.370614E+001 0.000000E+000 9.084709E-001
2.911289E+002 8.370614E+001 1.875000E+001 9.084709E-001
2.911289E+002 8.370614E+001 5.625000E+001 9.084709E-001
2.911289E+002 8.370614E+001 9.375000E+001 9.084709E-001
2.911289E+002 8.370614E+001 1.312500E+002 9.084709E-001
2.911289E+002 8.370614E+001 1.687500E+002 9.084709E-001
2.911289E+002 8.370614E+001 2.062500E+002 9.084709E-001
2.911289E+002 8.370614E+001 2.437500E+002 9.084709E-001
2.911289E+002 8.370614E+001 2.812500E+002 9.084709E-001
2.911289E+002 8.370614E+001 3.000000E+002 9.084709E-001
2.985000E+002 2.738659E+001 0.000000E+000 9.633883E-001
2.985000E+002 2.738659E+001 1.875000E+001 9.633883E-001
2.985000E+002 2.738659E+001 5.625000E+001 9.633883E-001
2.985000E+002 2.738659E+001 9.375000E+001 9.633883E-001
2.985000E+002 2.738659E+001 1.312500E+002 9.633883E-001
2.985000E+002 2.738659E+001 1.687500E+002 9.633883E-001
2.985000E+002 2.738659E+001 2.062500E+002 9.633883E-001
2.985000E+002 2.738659E+001 2.437500E+002 9.633883E-001
2.985000E+002 2.738659E+001 2.812500E+002 9.633883E-001
2.985000E+002 2.738659E+001 3.000000E+002 9.633883E-001
3.015000E+002 2.766183E+001 0.000000E+000 9.633883E-001
3.015000E+002 2.766183E+001 1.875000E+001 9.633883E-001
3.015000E+002 2.766183E+001 5.625000E+001 9.633883E-001
3.015000E+002 2.766183E+001 9.375000E+001 9.633883E-001
3.015000E+002 2.766183E+001 1.312500E+002 9.633883E-001
3.015000E+002 2.766183E+001 1.687500E+002 9.633883E-001
3.015000E+002 2.766183E+001 2.062500E+002 9.633883E-001
3.015000E+002 2.766183E+001 2.437500E+002 9.633883E-001
3.015000E+002 2.766183E+001 2.812500E+002 9.633883E-001
3.015000E+002 2.766183E+001 3.000000E+002 9.633883E-001
2.985000E+002 0.000000E+000 0.000000E+000 1.000000E+000
2.985000E+002 0.000000E+000 1.875000E+001 1.000000E+000
2.985000E+002 0.000000E+000 5.625000E+001 1.000000E+000
2.985000E+002 0.000000E+000 9.375000E+001 1.000000E+000
2.985000E+002 0.000000E+000 1.312500E+002 1.000000E+000
2.985000E+002 0.000000E+000 1.687500E+002 1.000000E+000
2.985000E+002 0.000000E+000 2.062500E+002 1.000000E+000
2.985000E+002 0.000000E+000 2.437500E+002 1.000000E+000
2.985000E+002 0.000000E+000 2.812500E+002 1.000000E+000
2.985000E+002 0.000000E+000 3.000000E+002 1.000000E+000
3.015000E+002 0.000000E+000 0.000000E+000 1.000000E+000
3.015000E+002 0.000000E+000 1.875000E+001 1.000000E+000
3.015000E+002 0.000000E+000 5.625000E+001 1.000000E+000
3.015000E+002 0.000000E+000 9.375000E+001 1.000000E+000
3.015000E+002 0.000000E+000 1.312500E+002 1.000000E+000
3.015000E+002 0.000000E+000 1.687500E+002 1.000000E+000
3.015000E+002 0.000000E+000 2.062500E+002 1.000000E+000
3.015000E+002 0.000000E+000 2.437500E+002 1.000000E+000
3.015000E+002 0.000000E+000 2.812500E+002 1.000000E+000
3.015000E+002 0.000000E+000 3.000000E+002 1.000000E+000
 --------------------------------------------------------
*material
5
3.0e6, 0.3, 1.0, 0.0, 1.0e25
!Young Modulus, Poisson coef, thickness (set to 1.0 if not used), density, Yield Stress
*boundary
96
1, 1, 1, 1 ***symm xx
1, 2, 1, 1
1, 1, 2, 1
1, 2, 2, 1
1, 1, 3, 1
1, 2, 3, 1
1, 1, 4, 1
1, 2, 4, 1
1, 1, 5, 1
1, 2, 5, 1
1, 1, 6, 1
1, 2, 6, 1
1, 1, 7, 1
1, 2, 7, 1
1, 1, 8, 1
1, 2, 8, 1
1, 1, 9, 1
1, 2, 9, 1
1, 1, 10, 1
1, 2, 10, 1
10, 1, 1, 2 *** symm yy
10, 2, 1, 2
10, 1, 2, 2
10, 2, 2, 2
10, 1, 3, 2
10, 2, 3, 2
10, 1, 4, 2
10, 2, 4, 2
10, 1, 5, 2
10, 2, 5, 2
10, 1, 6, 2
10, 2, 6, 2
10, 1, 7, 2
10, 2, 7, 2
10, 1, 8, 2
10, 2, 8, 2
10, 1, 9, 2
10, 2, 9, 2
10, 1, 10, 2
10, 2, 10, 2
1, 1, 1, 3 ***symm zz
1, 2, 1, 3
2, 1, 1, 3
2, 2, 1, 3
3, 1, 1, 3
3, 2, 1, 3
4, 1, 1, 3
4, 2, 1, 3
5, 1, 1, 3
5, 2, 1, 3
6, 1, 1, 3
6, 2, 1, 3
7, 1, 1, 3
7, 2, 1, 3
8, 1, 1, 3
8, 2, 1, 3
9, 1, 1, 3
9, 2, 1, 3
10, 1, 1, 3
10, 2, 1, 3
2, 1, 10, 1 *** rigid xx
2, 2, 10, 1
3, 1, 10, 1
3, 2, 10, 1
4, 1, 10, 1
4, 2, 10, 1
5, 1, 10, 1
5, 2, 10, 1
6, 1, 10, 1
6, 2, 10, 1
7, 1, 10, 1
7, 2, 10, 1
8, 1, 10, 1
8, 2, 10, 1
9, 1, 10, 1
9, 2, 10, 1
10, 1, 10, 1
10, 2, 10, 1
1, 1, 10, 2 *** rigid yy
1, 2, 10, 2
2, 1, 10, 2
2, 2, 10, 2
3, 1, 10, 2
3, 2, 10, 2
4, 1, 10, 2
4, 2, 10, 2
5, 1, 10, 2
5, 2, 10, 2
6, 1, 10, 2
6, 2, 10, 2
7, 1, 10, 2
7, 2, 10, 2
8, 1, 10, 2
8, 2, 10, 2
9, 1, 10, 2
9, 2, 10, 2
--------------------------------------------------------
*load       !load vector
2
1, 1, 1, 2,  -0.125
1, 2, 1, 2,  -0.125
*end