*beginMP
2           !number of patches
3           !problem dimension
2, 2, 2     !degree of each dimension
2, 2, 2     !degree of each dimension
5, 3, 3     !control points in each direction
12, 3, 3     !control points in each direction
0, 0, 0     !open(0) or closed(1) knot vector
0, 0, 0     !open(0) or closed(1) knot vector
--------------------------------------------------------
*knots    !knot spans
0.0, 0.0, 0.0, 0.333333333, 0.666666666, 1.0, 1.0, 1.0  
0.0, 0.0, 0.0, 0.1, 0.2, 0.3, 0.4, 0.5, 0.6, 0.7, 0.8, 0.9, 1.0, 1.0, 1.0
0.0, 0.0, 0.0, 1.0, 1.0, 1.0 
0.0, 0.0, 0.0, 1.0, 1.0, 1.0
0.0, 0.0, 0.0, 1.0, 1.0, 1.0 
0.0, 0.0, 0.0, 1.0, 1.0, 1.0 
--------------------------------------------------------
*bnet     !nurbs control points
0.0000000000000000E+000 0.0000000000000000E+000 0.0000000000000000E+000 1.0000000000000000E+000
0.0000000000000000E+000 0.0000000000000000E+000 2.5000000000000000E-001 1.0000000000000000E+000
0.0000000000000000E+000 0.0000000000000000E+000 5.0000000000000000E-001 1.0000000000000000E+000
0.0000000000000000E+000 5.0000000000000000E-001 0.0000000000000000E+000 1.0000000000000000E+000
0.0000000000000000E+000 5.0000000000000000E-001 2.5000000000000000E-001 1.0000000000000000E+000
0.0000000000000000E+000 5.0000000000000000E-001 5.0000000000000000E-001 1.0000000000000000E+000
0.0000000000000000E+000 1.0000000000000000E+000 0.0000000000000000E+000 1.0000000000000000E+000
0.0000000000000000E+000 1.0000000000000000E+000 2.5000000000000000E-001 1.0000000000000000E+000
0.0000000000000000E+000 1.0000000000000000E+000 5.0000000000000000E-001 1.0000000000000000E+000
1.6666666666666666E-001 0.0000000000000000E+000 0.0000000000000000E+000 1.0000000000000000E+000
1.6666666666666666E-001 0.0000000000000000E+000 2.5000000000000000E-001 1.0000000000000000E+000
1.6666666666666666E-001 0.0000000000000000E+000 5.0000000000000000E-001 1.0000000000000000E+000
1.6666666666666666E-001 5.0000000000000000E-001 0.0000000000000000E+000 1.0000000000000000E+000
1.6666666666666666E-001 5.0000000000000000E-001 2.5000000000000000E-001 1.0000000000000000E+000
1.6666666666666666E-001 5.0000000000000000E-001 5.0000000000000000E-001 1.0000000000000000E+000
1.6666666666666666E-001 1.0000000000000000E+000 0.0000000000000000E+000 1.0000000000000000E+000
1.6666666666666666E-001 1.0000000000000000E+000 2.5000000000000000E-001 1.0000000000000000E+000
1.6666666666666666E-001 1.0000000000000000E+000 5.0000000000000000E-001 1.0000000000000000E+000
4.9999999999999989E-001 0.0000000000000000E+000 0.0000000000000000E+000 1.0000000000000000E+000
4.9999999999999989E-001 0.0000000000000000E+000 2.5000000000000000E-001 1.0000000000000000E+000
4.9999999999999989E-001 0.0000000000000000E+000 5.0000000000000000E-001 1.0000000000000000E+000
4.9999999999999989E-001 5.0000000000000000E-001 0.0000000000000000E+000 1.0000000000000000E+000
4.9999999999999989E-001 5.0000000000000000E-001 2.5000000000000000E-001 1.0000000000000000E+000
4.9999999999999989E-001 5.0000000000000000E-001 5.0000000000000000E-001 1.0000000000000000E+000
4.9999999999999989E-001 1.0000000000000000E+000 0.0000000000000000E+000 1.0000000000000000E+000
4.9999999999999989E-001 1.0000000000000000E+000 2.5000000000000000E-001 1.0000000000000000E+000
4.9999999999999989E-001 1.0000000000000000E+000 5.0000000000000000E-001 1.0000000000000000E+000
8.3333333333333326E-001 0.0000000000000000E+000 0.0000000000000000E+000 1.0000000000000000E+000
8.3333333333333326E-001 0.0000000000000000E+000 2.5000000000000000E-001 1.0000000000000000E+000
8.3333333333333326E-001 0.0000000000000000E+000 5.0000000000000000E-001 1.0000000000000000E+000
8.3333333333333326E-001 5.0000000000000000E-001 0.0000000000000000E+000 1.0000000000000000E+000
8.3333333333333326E-001 5.0000000000000000E-001 2.5000000000000000E-001 1.0000000000000000E+000
8.3333333333333326E-001 5.0000000000000000E-001 5.0000000000000000E-001 1.0000000000000000E+000
8.3333333333333326E-001 1.0000000000000000E+000 0.0000000000000000E+000 1.0000000000000000E+000
8.3333333333333326E-001 1.0000000000000000E+000 2.5000000000000000E-001 1.0000000000000000E+000
8.3333333333333326E-001 1.0000000000000000E+000 5.0000000000000000E-001 1.0000000000000000E+000
1.0000000000000000E+000 0.0000000000000000E+000 0.0000000000000000E+000 1.0000000000000000E+000
1.0000000000000000E+000 0.0000000000000000E+000 2.5000000000000000E-001 1.0000000000000000E+000
1.0000000000000000E+000 0.0000000000000000E+000 5.0000000000000000E-001 1.0000000000000000E+000
1.0000000000000000E+000 5.0000000000000000E-001 0.0000000000000000E+000 1.0000000000000000E+000
1.0000000000000000E+000 5.0000000000000000E-001 2.5000000000000000E-001 1.0000000000000000E+000
1.0000000000000000E+000 5.0000000000000000E-001 5.0000000000000000E-001 1.0000000000000000E+000
1.0000000000000000E+000 1.0000000000000000E+000 0.0000000000000000E+000 1.0000000000000000E+000
1.0000000000000000E+000 1.0000000000000000E+000 2.5000000000000000E-001 1.0000000000000000E+000
1.0000000000000000E+000 1.0000000000000000E+000 5.0000000000000000E-001 1.0000000000000000E+000 !End patch 1 (Master)
0.0000000000000000E+000 0.0000000000000000E+000 5.0000000000000000E-001 1.0000000000000000E+000
0.0000000000000000E+000 0.0000000000000000E+000 6.2500000000000000E-001 1.0000000000000000E+000
0.0000000000000000E+000 0.0000000000000000E+000 7.5000000000000000E-001 1.0000000000000000E+000
0.0000000000000000E+000 5.0000000000000000E-001 5.0000000000000000E-001 1.0000000000000000E+000
0.0000000000000000E+000 5.0000000000000000E-001 6.2500000000000000E-001 1.0000000000000000E+000
0.0000000000000000E+000 5.0000000000000000E-001 7.5000000000000000E-001 1.0000000000000000E+000
0.0000000000000000E+000 1.0000000000000000E+000 5.0000000000000000E-001 1.0000000000000000E+000
0.0000000000000000E+000 1.0000000000000000E+000 6.2500000000000000E-001 1.0000000000000000E+000
0.0000000000000000E+000 1.0000000000000000E+000 7.5000000000000000E-001 1.0000000000000000E+000
5.0000000000000010E-002 0.0000000000000000E+000 5.0000000000000000E-001 1.0000000000000000E+000
5.0000000000000010E-002 0.0000000000000000E+000 6.2500000000000000E-001 1.0000000000000000E+000
5.0000000000000010E-002 0.0000000000000000E+000 7.5000000000000000E-001 1.0000000000000000E+000
5.0000000000000010E-002 5.0000000000000000E-001 5.0000000000000000E-001 1.0000000000000000E+000
5.0000000000000010E-002 5.0000000000000000E-001 6.2500000000000000E-001 1.0000000000000000E+000
5.0000000000000010E-002 5.0000000000000000E-001 7.5000000000000000E-001 1.0000000000000000E+000
5.0000000000000010E-002 1.0000000000000000E+000 5.0000000000000000E-001 1.0000000000000000E+000
5.0000000000000010E-002 1.0000000000000000E+000 6.2500000000000000E-001 1.0000000000000000E+000
5.0000000000000010E-002 1.0000000000000000E+000 7.5000000000000000E-001 1.0000000000000000E+000
1.5000000000000002E-001 0.0000000000000000E+000 5.0000000000000000E-001 1.0000000000000000E+000
1.5000000000000002E-001 0.0000000000000000E+000 6.2500000000000011E-001 1.0000000000000000E+000
1.5000000000000002E-001 0.0000000000000000E+000 7.5000000000000000E-001 1.0000000000000000E+000
1.5000000000000002E-001 5.0000000000000000E-001 5.0000000000000000E-001 1.0000000000000000E+000
1.5000000000000002E-001 5.0000000000000000E-001 6.2500000000000011E-001 1.0000000000000000E+000
1.5000000000000002E-001 5.0000000000000000E-001 7.5000000000000000E-001 1.0000000000000000E+000
1.5000000000000002E-001 1.0000000000000000E+000 5.0000000000000000E-001 1.0000000000000000E+000
1.5000000000000002E-001 1.0000000000000000E+000 6.2500000000000011E-001 1.0000000000000000E+000
1.5000000000000002E-001 1.0000000000000000E+000 7.5000000000000000E-001 1.0000000000000000E+000
2.5000000000000000E-001 0.0000000000000000E+000 5.0000000000000000E-001 1.0000000000000000E+000
2.5000000000000000E-001 0.0000000000000000E+000 6.2500000000000000E-001 1.0000000000000000E+000
2.5000000000000000E-001 0.0000000000000000E+000 7.5000000000000000E-001 1.0000000000000000E+000
2.5000000000000000E-001 5.0000000000000000E-001 5.0000000000000000E-001 1.0000000000000000E+000
2.5000000000000000E-001 5.0000000000000000E-001 6.2500000000000000E-001 1.0000000000000000E+000
2.5000000000000000E-001 5.0000000000000000E-001 7.5000000000000000E-001 1.0000000000000000E+000
2.5000000000000000E-001 1.0000000000000000E+000 5.0000000000000000E-001 1.0000000000000000E+000
2.5000000000000000E-001 1.0000000000000000E+000 6.2500000000000000E-001 1.0000000000000000E+000
2.5000000000000000E-001 1.0000000000000000E+000 7.5000000000000000E-001 1.0000000000000000E+000
3.5000000000000003E-001 0.0000000000000000E+000 5.0000000000000000E-001 1.0000000000000000E+000
3.5000000000000003E-001 0.0000000000000000E+000 6.2500000000000000E-001 1.0000000000000000E+000
3.5000000000000003E-001 0.0000000000000000E+000 7.5000000000000000E-001 1.0000000000000000E+000
3.5000000000000003E-001 5.0000000000000000E-001 5.0000000000000000E-001 1.0000000000000000E+000
3.5000000000000003E-001 5.0000000000000000E-001 6.2500000000000000E-001 1.0000000000000000E+000
3.5000000000000003E-001 5.0000000000000000E-001 7.5000000000000000E-001 1.0000000000000000E+000
3.5000000000000003E-001 1.0000000000000000E+000 5.0000000000000000E-001 1.0000000000000000E+000
3.5000000000000003E-001 1.0000000000000000E+000 6.2500000000000000E-001 1.0000000000000000E+000
3.5000000000000003E-001 1.0000000000000000E+000 7.5000000000000000E-001 1.0000000000000000E+000
4.5000000000000007E-001 0.0000000000000000E+000 5.0000000000000000E-001 1.0000000000000000E+000
4.5000000000000007E-001 0.0000000000000000E+000 6.2500000000000000E-001 1.0000000000000000E+000
4.5000000000000007E-001 0.0000000000000000E+000 7.5000000000000000E-001 1.0000000000000000E+000
4.5000000000000007E-001 5.0000000000000000E-001 5.0000000000000000E-001 1.0000000000000000E+000
4.5000000000000007E-001 5.0000000000000000E-001 6.2500000000000000E-001 1.0000000000000000E+000
4.5000000000000007E-001 5.0000000000000000E-001 7.5000000000000000E-001 1.0000000000000000E+000
4.5000000000000007E-001 1.0000000000000000E+000 5.0000000000000000E-001 1.0000000000000000E+000
4.5000000000000007E-001 1.0000000000000000E+000 6.2500000000000000E-001 1.0000000000000000E+000
4.5000000000000007E-001 1.0000000000000000E+000 7.5000000000000000E-001 1.0000000000000000E+000
5.5000000000000004E-001 0.0000000000000000E+000 5.0000000000000000E-001 1.0000000000000000E+000
5.5000000000000004E-001 0.0000000000000000E+000 6.2500000000000000E-001 1.0000000000000000E+000
5.5000000000000004E-001 0.0000000000000000E+000 7.5000000000000000E-001 1.0000000000000000E+000
5.5000000000000004E-001 5.0000000000000000E-001 5.0000000000000000E-001 1.0000000000000000E+000
5.5000000000000004E-001 5.0000000000000000E-001 6.2500000000000000E-001 1.0000000000000000E+000
5.5000000000000004E-001 5.0000000000000000E-001 7.5000000000000000E-001 1.0000000000000000E+000
5.5000000000000004E-001 1.0000000000000000E+000 5.0000000000000000E-001 1.0000000000000000E+000
5.5000000000000004E-001 1.0000000000000000E+000 6.2500000000000000E-001 1.0000000000000000E+000
5.5000000000000004E-001 1.0000000000000000E+000 7.5000000000000000E-001 1.0000000000000000E+000
6.4999999999999991E-001 0.0000000000000000E+000 5.0000000000000000E-001 1.0000000000000000E+000
6.4999999999999991E-001 0.0000000000000000E+000 6.2500000000000000E-001 1.0000000000000000E+000
6.4999999999999991E-001 0.0000000000000000E+000 7.5000000000000000E-001 1.0000000000000000E+000
6.4999999999999991E-001 5.0000000000000000E-001 5.0000000000000000E-001 1.0000000000000000E+000
6.4999999999999991E-001 5.0000000000000000E-001 6.2500000000000000E-001 1.0000000000000000E+000
6.4999999999999991E-001 5.0000000000000000E-001 7.5000000000000000E-001 1.0000000000000000E+000
6.4999999999999991E-001 1.0000000000000000E+000 5.0000000000000000E-001 1.0000000000000000E+000
6.4999999999999991E-001 1.0000000000000000E+000 6.2500000000000000E-001 1.0000000000000000E+000
6.4999999999999991E-001 1.0000000000000000E+000 7.5000000000000000E-001 1.0000000000000000E+000
7.4999999999999989E-001 0.0000000000000000E+000 5.0000000000000000E-001 1.0000000000000000E+000
7.4999999999999989E-001 0.0000000000000000E+000 6.2500000000000000E-001 1.0000000000000000E+000
7.4999999999999989E-001 0.0000000000000000E+000 7.5000000000000000E-001 1.0000000000000000E+000
7.4999999999999989E-001 5.0000000000000000E-001 5.0000000000000000E-001 1.0000000000000000E+000
7.4999999999999989E-001 5.0000000000000000E-001 6.2500000000000000E-001 1.0000000000000000E+000
7.4999999999999989E-001 5.0000000000000000E-001 7.5000000000000000E-001 1.0000000000000000E+000
7.4999999999999989E-001 1.0000000000000000E+000 5.0000000000000000E-001 1.0000000000000000E+000
7.4999999999999989E-001 1.0000000000000000E+000 6.2500000000000000E-001 1.0000000000000000E+000
7.4999999999999989E-001 1.0000000000000000E+000 7.5000000000000000E-001 1.0000000000000000E+000
8.4999999999999998E-001 0.0000000000000000E+000 5.0000000000000000E-001 1.0000000000000000E+000
8.4999999999999998E-001 0.0000000000000000E+000 6.2500000000000000E-001 1.0000000000000000E+000
8.4999999999999998E-001 0.0000000000000000E+000 7.5000000000000000E-001 1.0000000000000000E+000
8.4999999999999998E-001 5.0000000000000000E-001 5.0000000000000000E-001 1.0000000000000000E+000
8.4999999999999998E-001 5.0000000000000000E-001 6.2500000000000000E-001 1.0000000000000000E+000
8.4999999999999998E-001 5.0000000000000000E-001 7.5000000000000000E-001 1.0000000000000000E+000
8.4999999999999998E-001 1.0000000000000000E+000 5.0000000000000000E-001 1.0000000000000000E+000
8.4999999999999998E-001 1.0000000000000000E+000 6.2500000000000000E-001 1.0000000000000000E+000
8.4999999999999998E-001 1.0000000000000000E+000 7.5000000000000000E-001 1.0000000000000000E+000
9.4999999999999996E-001 0.0000000000000000E+000 5.0000000000000000E-001 1.0000000000000000E+000
9.4999999999999996E-001 0.0000000000000000E+000 6.2500000000000000E-001 1.0000000000000000E+000
9.4999999999999996E-001 0.0000000000000000E+000 7.5000000000000000E-001 1.0000000000000000E+000
9.4999999999999996E-001 5.0000000000000000E-001 5.0000000000000000E-001 1.0000000000000000E+000
9.4999999999999996E-001 5.0000000000000000E-001 6.2500000000000000E-001 1.0000000000000000E+000
9.4999999999999996E-001 5.0000000000000000E-001 7.5000000000000000E-001 1.0000000000000000E+000
9.4999999999999996E-001 1.0000000000000000E+000 5.0000000000000000E-001 1.0000000000000000E+000
9.4999999999999996E-001 1.0000000000000000E+000 6.2500000000000000E-001 1.0000000000000000E+000
9.4999999999999996E-001 1.0000000000000000E+000 7.5000000000000000E-001 1.0000000000000000E+000
1.0000000000000000E+000 0.0000000000000000E+000 5.0000000000000000E-001 1.0000000000000000E+000
1.0000000000000000E+000 0.0000000000000000E+000 6.2500000000000000E-001 1.0000000000000000E+000
1.0000000000000000E+000 0.0000000000000000E+000 7.5000000000000000E-001 1.0000000000000000E+000
1.0000000000000000E+000 5.0000000000000000E-001 5.0000000000000000E-001 1.0000000000000000E+000
1.0000000000000000E+000 5.0000000000000000E-001 6.2500000000000000E-001 1.0000000000000000E+000
1.0000000000000000E+000 5.0000000000000000E-001 7.5000000000000000E-001 1.0000000000000000E+000
1.0000000000000000E+000 1.0000000000000000E+000 5.0000000000000000E-001 1.0000000000000000E+000
1.0000000000000000E+000 1.0000000000000000E+000 6.2500000000000000E-001 1.0000000000000000E+000
1.0000000000000000E+000 1.0000000000000000E+000 7.5000000000000000E-001 1.0000000000000000E+000

*element
Hex27
Hex27
 --------------------------------------------------------
*material
5
1000.0, 0.0, 1.0, 0.0, 1.0e25
5
1000.0, 0.0, 1.0, 0.0, 1.0e25
*bcdof   !boundary condition
60
118	,	1
119	,	1
120	,	1
121	,	1
122	,	1
123	,	1
124	,	1
125	,	1
126	,	1
127	,	1
128	,	1
129	,	1
130	,	1
131	,	1
132	,	1
133	,	1
134	,	1
135	,	1
136	,	1
137	,	1
138	,	1
139	,	1
140	,	1
141	,	1
142	,	1
143	,	1
144	,	1
145	,	1
146	,	1
147	,	1
148	,	1
149	,	1
150	,	1
151	,	1
152	,	1
153	,	1
1	,	1
6	,	1
11	,	1
1	,	2
6	,	2
11	,	2
1	,	3
6	,	3
11	,	3
2	,	3
3	,	3
4	,	3
5	,	3
7	,	3
8	,	3
9	,	3
10	,	3
12	,	3
13	,	3
14	,	3
15	,	3
118 ,   2 
130 ,   2
142 ,   2
--------------------------------------------------------
*dispdof
36
118	,	3	,	-0.001
119	,	3	,	-0.001
120	,	3	,	-0.001
121	,	3	,	-0.001
122	,	3	,	-0.001
123	,	3	,	-0.001
124	,	3	,	-0.001
125	,	3	,	-0.001
126	,	3	,	-0.001
127	,	3	,	-0.001
128	,	3	,	-0.001
129	,	3	,	-0.001
130	,	3	,	-0.001
131	,	3	,	-0.001
132	,	3	,	-0.001
133	,	3	,	-0.001
134	,	3	,	-0.001
135	,	3	,	-0.001
136	,	3	,	-0.001
137	,	3	,	-0.001
138	,	3	,	-0.001
139	,	3	,	-0.001
140	,	3	,	-0.001
141	,	3	,	-0.001
142	,	3	,	-0.001
143	,	3	,	-0.001
144	,	3	,	-0.001
145	,	3	,	-0.001
146	,	3	,	-0.001
147	,	3	,	-0.001
148	,	3	,	-0.001
149	,	3	,	-0.001
150	,	3	,	-0.001
151	,	3	,	-0.001
152	,	3	,	-0.001
153	,	3	,	-0.001
*Contact_PTS
2
*Master
2, 2                !order
5, 3                !control points
0.0, 0.0, 0.0, 0.333333333, 0.666666666, 1.0, 1.0, 1.0
0.0, 0.0, 0.0, 1.0, 1.0, 1.0
31	32	33	34	35	36	37	38	39	40	41	42	43	44	45
*Slave
2, 2
12, 3
0.0, 0.0, 0.0, 0.1, 0.2, 0.3, 0.4, 0.5, 0.6, 0.7, 0.8, 0.9, 1.0, 1.0, 1.0
0.0, 0.0, 0.0, 1.0, 1.0, 1.0
46	47	48	49	50	51	52	53	54	55	56	57	58	59	60	61	62	63	64	65	66	67	68	69	70	71	72	73	74	75	76	77	78	79	80	81
*end



0.00E+00	0.00E+00	5.50E+00	1.00E+00
0.00E+00	0.00E+00	5.63E+00	1.00E+00
0.00E+00	0.00E+00	5.75E+00	1.00E+00
0.00E+00	5.00E-01	5.50E+00	1.00E+00
0.00E+00	5.00E-01	5.63E+00	1.00E+00
0.00E+00	5.00E-01	5.75E+00	1.00E+00
0.00E+00	1.00E+00	5.50E+00	1.00E+00
0.00E+00	1.00E+00	5.63E+00	1.00E+00
0.00E+00	1.00E+00	5.75E+00	1.00E+00
5.00E-02	0.00E+00	5.50E+00	1.00E+00
5.00E-02	0.00E+00	5.63E+00	1.00E+00
5.00E-02	0.00E+00	5.75E+00	1.00E+00
5.00E-02	5.00E-01	5.50E+00	1.00E+00
5.00E-02	5.00E-01	5.63E+00	1.00E+00
5.00E-02	5.00E-01	5.75E+00	1.00E+00
5.00E-02	1.00E+00	5.50E+00	1.00E+00
5.00E-02	1.00E+00	5.63E+00	1.00E+00
5.00E-02	1.00E+00	5.75E+00	1.00E+00
1.50E-01	0.00E+00	5.50E+00	1.00E+00
1.50E-01	0.00E+00	5.63E+00	1.00E+00
1.50E-01	0.00E+00	5.75E+00	1.00E+00
1.50E-01	5.00E-01	5.50E+00	1.00E+00
1.50E-01	5.00E-01	5.63E+00	1.00E+00
1.50E-01	5.00E-01	5.75E+00	1.00E+00
1.50E-01	1.00E+00	5.50E+00	1.00E+00
1.50E-01	1.00E+00	5.63E+00	1.00E+00
1.50E-01	1.00E+00	5.75E+00	1.00E+00
2.50E-01	0.00E+00	5.50E+00	1.00E+00
2.50E-01	0.00E+00	5.63E+00	1.00E+00
2.50E-01	0.00E+00	5.75E+00	1.00E+00
2.50E-01	5.00E-01	5.50E+00	1.00E+00
2.50E-01	5.00E-01	5.63E+00	1.00E+00
2.50E-01	5.00E-01	5.75E+00	1.00E+00
2.50E-01	1.00E+00	5.50E+00	1.00E+00
2.50E-01	1.00E+00	5.63E+00	1.00E+00
2.50E-01	1.00E+00	5.75E+00	1.00E+00
3.50E-01	0.00E+00	5.50E+00	1.00E+00
3.50E-01	0.00E+00	5.63E+00	1.00E+00
3.50E-01	0.00E+00	5.75E+00	1.00E+00
3.50E-01	5.00E-01	5.50E+00	1.00E+00
3.50E-01	5.00E-01	5.63E+00	1.00E+00
3.50E-01	5.00E-01	5.75E+00	1.00E+00
3.50E-01	1.00E+00	5.50E+00	1.00E+00
3.50E-01	1.00E+00	5.63E+00	1.00E+00
3.50E-01	1.00E+00	5.75E+00	1.00E+00
4.50E-01	0.00E+00	5.50E+00	1.00E+00
4.50E-01	0.00E+00	5.63E+00	1.00E+00
4.50E-01	0.00E+00	5.75E+00	1.00E+00
4.50E-01	5.00E-01	5.50E+00	1.00E+00
4.50E-01	5.00E-01	5.63E+00	1.00E+00
4.50E-01	5.00E-01	5.75E+00	1.00E+00
4.50E-01	1.00E+00	5.50E+00	1.00E+00
4.50E-01	1.00E+00	5.63E+00	1.00E+00
4.50E-01	1.00E+00	5.75E+00	1.00E+00
5.50E-01	0.00E+00	5.50E+00	1.00E+00
5.50E-01	0.00E+00	5.63E+00	1.00E+00
5.50E-01	0.00E+00	5.75E+00	1.00E+00
5.50E-01	5.00E-01	5.50E+00	1.00E+00
5.50E-01	5.00E-01	5.63E+00	1.00E+00
5.50E-01	5.00E-01	5.75E+00	1.00E+00
5.50E-01	1.00E+00	5.50E+00	1.00E+00
5.50E-01	1.00E+00	5.63E+00	1.00E+00
5.50E-01	1.00E+00	5.75E+00	1.00E+00
6.50E-01	0.00E+00	5.50E+00	1.00E+00
6.50E-01	0.00E+00	5.63E+00	1.00E+00
6.50E-01	0.00E+00	5.75E+00	1.00E+00
6.50E-01	5.00E-01	5.50E+00	1.00E+00
6.50E-01	5.00E-01	5.63E+00	1.00E+00
6.50E-01	5.00E-01	5.75E+00	1.00E+00
6.50E-01	1.00E+00	5.50E+00	1.00E+00
6.50E-01	1.00E+00	5.63E+00	1.00E+00
6.50E-01	1.00E+00	5.75E+00	1.00E+00
7.50E-01	0.00E+00	5.50E+00	1.00E+00
7.50E-01	0.00E+00	5.63E+00	1.00E+00
7.50E-01	0.00E+00	5.75E+00	1.00E+00
7.50E-01	5.00E-01	5.50E+00	1.00E+00
7.50E-01	5.00E-01	5.63E+00	1.00E+00
7.50E-01	5.00E-01	5.75E+00	1.00E+00
7.50E-01	1.00E+00	5.50E+00	1.00E+00
7.50E-01	1.00E+00	5.63E+00	1.00E+00
7.50E-01	1.00E+00	5.75E+00	1.00E+00
8.50E-01	0.00E+00	5.50E+00	1.00E+00
8.50E-01	0.00E+00	5.63E+00	1.00E+00
8.50E-01	0.00E+00	5.75E+00	1.00E+00
8.50E-01	5.00E-01	5.50E+00	1.00E+00
8.50E-01	5.00E-01	5.63E+00	1.00E+00
8.50E-01	5.00E-01	5.75E+00	1.00E+00
8.50E-01	1.00E+00	5.50E+00	1.00E+00
8.50E-01	1.00E+00	5.63E+00	1.00E+00
8.50E-01	1.00E+00	5.75E+00	1.00E+00
9.50E-01	0.00E+00	5.50E+00	1.00E+00
9.50E-01	0.00E+00	5.63E+00	1.00E+00
9.50E-01	0.00E+00	5.75E+00	1.00E+00
9.50E-01	5.00E-01	5.50E+00	1.00E+00
9.50E-01	5.00E-01	5.63E+00	1.00E+00
9.50E-01	5.00E-01	5.75E+00	1.00E+00
9.50E-01	1.00E+00	5.50E+00	1.00E+00
9.50E-01	1.00E+00	5.63E+00	1.00E+00
9.50E-01	1.00E+00	5.75E+00	1.00E+00
1.00E+00	0.00E+00	5.50E+00	1.00E+00
1.00E+00	0.00E+00	5.63E+00	1.00E+00
1.00E+00	0.00E+00	5.75E+00	1.00E+00
1.00E+00	5.00E-01	5.50E+00	1.00E+00
1.00E+00	5.00E-01	5.63E+00	1.00E+00
1.00E+00	5.00E-01	5.75E+00	1.00E+00
1.00E+00	1.00E+00	5.50E+00	1.00E+00
1.00E+00	1.00E+00	5.63E+00	1.00E+00
1.00E+00	1.00E+00	5.75E+00	1.00E+00