 
 Reaction Forces
 
 
 
 ----------------------------
 INCREMENT   1
 ----------------------------
 
 Reaction Forces
 
    1   -0.248320106356241E+03    0.811096472167909E+03    0.250388836083970E+03
    2    0.000000000000000E+00    0.000000000000000E+00    0.000000000000000E+00
    3    0.000000000000000E+00    0.000000000000000E+00    0.000000000000000E+00
    4    0.000000000000000E+00    0.000000000000000E+00    0.000000000000000E+00
    5    0.383700200876629E+03    0.413992785190630E+03    0.523468608584548E+03
    6    0.000000000000000E+00    0.000000000000000E+00    0.000000000000000E+00
    7    0.000000000000000E+00    0.000000000000000E+00    0.000000000000000E+00
    8    0.000000000000000E+00    0.000000000000000E+00    0.000000000000000E+00
    9    0.784380342185450E+03   -0.103105429166182E+04    0.791384240272970E+03
   10    0.000000000000000E+00    0.000000000000000E+00    0.000000000000000E+00
   11    0.000000000000000E+00    0.000000000000000E+00    0.000000000000000E+00
   12    0.000000000000000E+00    0.000000000000000E+00    0.000000000000000E+00
   13   -0.266876422499385E+03    0.796145452332988E+03    0.438507515595367E-09
   14    0.000000000000000E+00    0.000000000000000E+00    0.000000000000000E+00
   15    0.000000000000000E+00    0.000000000000000E+00    0.000000000000000E+00
   16    0.000000000000000E+00    0.000000000000000E+00    0.000000000000000E+00
   17    0.351745448866917E+03    0.399952581930989E+03    0.478735228123633E-10
   18    0.000000000000000E+00    0.000000000000000E+00    0.000000000000000E+00
   19    0.000000000000000E+00    0.000000000000000E+00    0.000000000000000E+00
   20    0.000000000000000E+00    0.000000000000000E+00    0.000000000000000E+00
   21    0.739344272813245E+03   -0.104340172477687E+04   -0.324321767843463E-09
   22    0.000000000000000E+00    0.000000000000000E+00    0.000000000000000E+00
   23    0.000000000000000E+00    0.000000000000000E+00    0.000000000000000E+00
   24    0.000000000000000E+00    0.000000000000000E+00    0.000000000000000E+00
   25   -0.248320106355498E+03    0.811096472167261E+03   -0.250388836083116E+03
   26    0.000000000000000E+00    0.000000000000000E+00    0.000000000000000E+00
   27    0.000000000000000E+00    0.000000000000000E+00    0.000000000000000E+00
   28    0.000000000000000E+00    0.000000000000000E+00    0.000000000000000E+00
   29    0.383700200877055E+03    0.413992785189941E+03   -0.523468608584442E+03
   30    0.000000000000000E+00    0.000000000000000E+00    0.000000000000000E+00
   31    0.000000000000000E+00    0.000000000000000E+00    0.000000000000000E+00
   32    0.000000000000000E+00    0.000000000000000E+00    0.000000000000000E+00
   33    0.784380342185555E+03   -0.103105429166248E+04   -0.791384240273578E+03
   34    0.000000000000000E+00    0.000000000000000E+00    0.000000000000000E+00
   35    0.000000000000000E+00    0.000000000000000E+00    0.000000000000000E+00
   36    0.000000000000000E+00    0.000000000000000E+00    0.000000000000000E+00
Sum    0.266373417259373E+04    0.540766240878543E+03    0.514887688041199E-09
 
 
 ----------------------------
 INCREMENT   2
 ----------------------------
 
 Reaction Forces
 
    1   -0.516917567996286E+03    0.108697856171657E+04    0.266056636219280E+03
    2    0.000000000000000E+00    0.000000000000000E+00    0.000000000000000E+00
    3    0.000000000000000E+00    0.000000000000000E+00    0.000000000000000E+00
    4    0.000000000000000E+00    0.000000000000000E+00    0.000000000000000E+00
    5    0.519215561595937E+03    0.643144066282842E+03    0.693595858326808E+03
    6    0.000000000000000E+00    0.000000000000000E+00    0.000000000000000E+00
    7    0.000000000000000E+00    0.000000000000000E+00    0.000000000000000E+00
    8    0.000000000000000E+00    0.000000000000000E+00    0.000000000000000E+00
    9    0.127577160542387E+04   -0.144351397286937E+04    0.111820926271623E+04
   10    0.000000000000000E+00    0.000000000000000E+00    0.000000000000000E+00
   11    0.000000000000000E+00    0.000000000000000E+00    0.000000000000000E+00
   12    0.000000000000000E+00    0.000000000000000E+00    0.000000000000000E+00
   13   -0.548494004184866E+03    0.106191108300622E+04    0.186744605026103E-09
   14    0.000000000000000E+00    0.000000000000000E+00    0.000000000000000E+00
   15    0.000000000000000E+00    0.000000000000000E+00    0.000000000000000E+00
   16    0.000000000000000E+00    0.000000000000000E+00    0.000000000000000E+00
   17    0.466414893879694E+03    0.617099369278848E+03    0.486168356362903E-10
   18    0.000000000000000E+00    0.000000000000000E+00    0.000000000000000E+00
   19    0.000000000000000E+00    0.000000000000000E+00    0.000000000000000E+00
   20    0.000000000000000E+00    0.000000000000000E+00    0.000000000000000E+00
   21    0.120164898626313E+04   -0.146929544403610E+04   -0.808003395433494E-10
   22    0.000000000000000E+00    0.000000000000000E+00    0.000000000000000E+00
   23    0.000000000000000E+00    0.000000000000000E+00    0.000000000000000E+00
   24    0.000000000000000E+00    0.000000000000000E+00    0.000000000000000E+00
   25   -0.516917567995975E+03    0.108697856171636E+04   -0.266056636218947E+03
   26    0.000000000000000E+00    0.000000000000000E+00    0.000000000000000E+00
   27    0.000000000000000E+00    0.000000000000000E+00    0.000000000000000E+00
   28    0.000000000000000E+00    0.000000000000000E+00    0.000000000000000E+00
   29    0.519215561596152E+03    0.643144066282621E+03   -0.693595858326738E+03
   30    0.000000000000000E+00    0.000000000000000E+00    0.000000000000000E+00
   31    0.000000000000000E+00    0.000000000000000E+00    0.000000000000000E+00
   32    0.000000000000000E+00    0.000000000000000E+00    0.000000000000000E+00
   33    0.127577160542399E+04   -0.144351397286956E+04   -0.111820926271640E+04
   34    0.000000000000000E+00    0.000000000000000E+00    0.000000000000000E+00
   35    0.000000000000000E+00    0.000000000000000E+00    0.000000000000000E+00
   36    0.000000000000000E+00    0.000000000000000E+00    0.000000000000000E+00
Sum    0.367570907400565E+04    0.782932318508431E+03    0.382442522095516E-09
 
 
 ----------------------------
 INCREMENT   3
 ----------------------------
 
 Reaction Forces
 
    1   -0.751914407367759E+03    0.114202698203718E+04    0.204582796583586E+03
    2    0.000000000000000E+00    0.000000000000000E+00    0.000000000000000E+00
    3    0.000000000000000E+00    0.000000000000000E+00    0.000000000000000E+00
    4    0.000000000000000E+00    0.000000000000000E+00    0.000000000000000E+00
    5    0.553287026744375E+03    0.779243696236165E+03    0.734675769832571E+03
    6    0.000000000000000E+00    0.000000000000000E+00    0.000000000000000E+00
    7    0.000000000000000E+00    0.000000000000000E+00    0.000000000000000E+00
    8    0.000000000000000E+00    0.000000000000000E+00    0.000000000000000E+00
    9    0.159961888027150E+04   -0.161645123956284E+04    0.126612703655188E+04
   10    0.000000000000000E+00    0.000000000000000E+00    0.000000000000000E+00
   11    0.000000000000000E+00    0.000000000000000E+00    0.000000000000000E+00
   12    0.000000000000000E+00    0.000000000000000E+00    0.000000000000000E+00
   13   -0.791732313969551E+03    0.111101890277615E+04    0.203953028334795E-09
   14    0.000000000000000E+00    0.000000000000000E+00    0.000000000000000E+00
   15    0.000000000000000E+00    0.000000000000000E+00    0.000000000000000E+00
   16    0.000000000000000E+00    0.000000000000000E+00    0.000000000000000E+00
   17    0.487715514819710E+03    0.745044497710764E+03    0.508593593062374E-10
   18    0.000000000000000E+00    0.000000000000000E+00    0.000000000000000E+00
   19    0.000000000000000E+00    0.000000000000000E+00    0.000000000000000E+00
   20    0.000000000000000E+00    0.000000000000000E+00    0.000000000000000E+00
   21    0.150768492077172E+04   -0.165248332425278E+04   -0.955481783713259E-10
   22    0.000000000000000E+00    0.000000000000000E+00    0.000000000000000E+00
   23    0.000000000000000E+00    0.000000000000000E+00    0.000000000000000E+00
   24    0.000000000000000E+00    0.000000000000000E+00    0.000000000000000E+00
   25   -0.751914407367422E+03    0.114202698203695E+04   -0.204582796583221E+03
   26    0.000000000000000E+00    0.000000000000000E+00    0.000000000000000E+00
   27    0.000000000000000E+00    0.000000000000000E+00    0.000000000000000E+00
   28    0.000000000000000E+00    0.000000000000000E+00    0.000000000000000E+00
   29    0.553287026744604E+03    0.779243696235917E+03   -0.734675769832502E+03
   30    0.000000000000000E+00    0.000000000000000E+00    0.000000000000000E+00
   31    0.000000000000000E+00    0.000000000000000E+00    0.000000000000000E+00
   32    0.000000000000000E+00    0.000000000000000E+00    0.000000000000000E+00
   33    0.159961888027162E+04   -0.161645123956306E+04   -0.126612703655208E+04
   34    0.000000000000000E+00    0.000000000000000E+00    0.000000000000000E+00
   35    0.000000000000000E+00    0.000000000000000E+00    0.000000000000000E+00
   36    0.000000000000000E+00    0.000000000000000E+00    0.000000000000000E+00
Sum    0.400565112091880E+04    0.813218953654463E+03    0.386989995604381E-09
 
 
 ----------------------------
 INCREMENT   4
 ----------------------------
 
 Reaction Forces
 
    1   -0.960619829820452E+03    0.114596434143889E+04    0.139685011316986E+03
    2    0.000000000000000E+00    0.000000000000000E+00    0.000000000000000E+00
    3    0.000000000000000E+00    0.000000000000000E+00    0.000000000000000E+00
    4    0.000000000000000E+00    0.000000000000000E+00    0.000000000000000E+00
    5    0.559824282137433E+03    0.873691077473379E+03    0.747134507459068E+03
    6    0.000000000000000E+00    0.000000000000000E+00    0.000000000000000E+00
    7    0.000000000000000E+00    0.000000000000000E+00    0.000000000000000E+00
    8    0.000000000000000E+00    0.000000000000000E+00    0.000000000000000E+00
    9    0.185682904673955E+04   -0.172064761598030E+04    0.136044663234949E+04
   10    0.000000000000000E+00    0.000000000000000E+00    0.000000000000000E+00
   11    0.000000000000000E+00    0.000000000000000E+00    0.000000000000000E+00
   12    0.000000000000000E+00    0.000000000000000E+00    0.000000000000000E+00
   13   -0.100643891173504E+04    0.111040507657805E+04    0.212496229003856E-09
   14    0.000000000000000E+00    0.000000000000000E+00    0.000000000000000E+00
   15    0.000000000000000E+00    0.000000000000000E+00    0.000000000000000E+00
   16    0.000000000000000E+00    0.000000000000000E+00    0.000000000000000E+00
   17    0.485281364049587E+03    0.832902688714658E+03    0.509573024967284E-10
   18    0.000000000000000E+00    0.000000000000000E+00    0.000000000000000E+00
   19    0.000000000000000E+00    0.000000000000000E+00    0.000000000000000E+00
   20    0.000000000000000E+00    0.000000000000000E+00    0.000000000000000E+00
   21    0.175249071934129E+04   -0.176535019760163E+04   -0.103390232144649E-09
   22    0.000000000000000E+00    0.000000000000000E+00    0.000000000000000E+00
   23    0.000000000000000E+00    0.000000000000000E+00    0.000000000000000E+00
   24    0.000000000000000E+00    0.000000000000000E+00    0.000000000000000E+00
   25   -0.960619829820108E+03    0.114596434143864E+04   -0.139685011316603E+03
   26    0.000000000000000E+00    0.000000000000000E+00    0.000000000000000E+00
   27    0.000000000000000E+00    0.000000000000000E+00    0.000000000000000E+00
   28    0.000000000000000E+00    0.000000000000000E+00    0.000000000000000E+00
   29    0.559824282137663E+03    0.873691077473113E+03   -0.747134507458997E+03
   30    0.000000000000000E+00    0.000000000000000E+00    0.000000000000000E+00
   31    0.000000000000000E+00    0.000000000000000E+00    0.000000000000000E+00
   32    0.000000000000000E+00    0.000000000000000E+00    0.000000000000000E+00
   33    0.185682904673967E+04   -0.172064761598053E+04   -0.136044663234971E+04
   34    0.000000000000000E+00    0.000000000000000E+00    0.000000000000000E+00
   35    0.000000000000000E+00    0.000000000000000E+00    0.000000000000000E+00
   36    0.000000000000000E+00    0.000000000000000E+00    0.000000000000000E+00
Sum    0.414340016976959E+04    0.775973173554274E+03    0.393811205867678E-09
 
 
 ----------------------------
 INCREMENT   5
 ----------------------------
 
 Reaction Forces
 
    1   -0.114950332694585E+04    0.113561757969343E+04    0.821974055040622E+02
    2    0.000000000000000E+00    0.000000000000000E+00    0.000000000000000E+00
    3    0.000000000000000E+00    0.000000000000000E+00    0.000000000000000E+00
    4    0.000000000000000E+00    0.000000000000000E+00    0.000000000000000E+00
    5    0.556366227092121E+03    0.944637076165079E+03    0.752089585417742E+03
    6    0.000000000000000E+00    0.000000000000000E+00    0.000000000000000E+00
    7    0.000000000000000E+00    0.000000000000000E+00    0.000000000000000E+00
    8    0.000000000000000E+00    0.000000000000000E+00    0.000000000000000E+00
    9    0.207723635260636E+04   -0.179762723959369E+04    0.143219000698724E+04
   10    0.000000000000000E+00    0.000000000000000E+00    0.000000000000000E+00
   11    0.000000000000000E+00    0.000000000000000E+00    0.000000000000000E+00
   12    0.000000000000000E+00    0.000000000000000E+00    0.000000000000000E+00
   13   -0.119995891695434E+04    0.109618132863729E+04    0.214566005648803E-09
   14    0.000000000000000E+00    0.000000000000000E+00    0.000000000000000E+00
   15    0.000000000000000E+00    0.000000000000000E+00    0.000000000000000E+00
   16    0.000000000000000E+00    0.000000000000000E+00    0.000000000000000E+00
   17    0.475086097905521E+03    0.898144233124481E+03    0.502185905823939E-10
   18    0.000000000000000E+00    0.000000000000000E+00    0.000000000000000E+00
   19    0.000000000000000E+00    0.000000000000000E+00    0.000000000000000E+00
   20    0.000000000000000E+00    0.000000000000000E+00    0.000000000000000E+00
   21    0.196365798898800E+04   -0.184998693536306E+04   -0.105848070988712E-09
   22    0.000000000000000E+00    0.000000000000000E+00    0.000000000000000E+00
   23    0.000000000000000E+00    0.000000000000000E+00    0.000000000000000E+00
   24    0.000000000000000E+00    0.000000000000000E+00    0.000000000000000E+00
   25   -0.114950332694550E+04    0.113561757969318E+04   -0.821974055036772E+02
   26    0.000000000000000E+00    0.000000000000000E+00    0.000000000000000E+00
   27    0.000000000000000E+00    0.000000000000000E+00    0.000000000000000E+00
   28    0.000000000000000E+00    0.000000000000000E+00    0.000000000000000E+00
   29    0.556366227092355E+03    0.944637076164808E+03   -0.752089585417671E+03
   30    0.000000000000000E+00    0.000000000000000E+00    0.000000000000000E+00
   31    0.000000000000000E+00    0.000000000000000E+00    0.000000000000000E+00
   32    0.000000000000000E+00    0.000000000000000E+00    0.000000000000000E+00
   33    0.207723635260648E+04   -0.179762723959393E+04   -0.143219000698746E+04
   34    0.000000000000000E+00    0.000000000000000E+00    0.000000000000000E+00
   35    0.000000000000000E+00    0.000000000000000E+00    0.000000000000000E+00
   36    0.000000000000000E+00    0.000000000000000E+00    0.000000000000000E+00
Sum    0.420698367544515E+04    0.709593458927587E+03    0.389718479709700E-09
 
 
 ----------------------------
 INCREMENT   6
 ----------------------------
 
 Reaction Forces
 
    1   -0.132298742458015E+04    0.112140941509415E+04    0.328937585140488E+02
    2    0.000000000000000E+00    0.000000000000000E+00    0.000000000000000E+00
    3    0.000000000000000E+00    0.000000000000000E+00    0.000000000000000E+00
    4    0.000000000000000E+00    0.000000000000000E+00    0.000000000000000E+00
    5    0.548582839350689E+03    0.100038429009037E+04    0.755304800930972E+03
    6    0.000000000000000E+00    0.000000000000000E+00    0.000000000000000E+00
    7    0.000000000000000E+00    0.000000000000000E+00    0.000000000000000E+00
    8    0.000000000000000E+00    0.000000000000000E+00    0.000000000000000E+00
    9    0.227338702399855E+04   -0.186118258682798E+04    0.149202382238702E+04
   10    0.000000000000000E+00    0.000000000000000E+00    0.000000000000000E+00
   11    0.000000000000000E+00    0.000000000000000E+00    0.000000000000000E+00
   12    0.000000000000000E+00    0.000000000000000E+00    0.000000000000000E+00
   13   -0.137713822832689E+04    0.107851412574439E+04    0.216284937775697E-09
   14    0.000000000000000E+00    0.000000000000000E+00    0.000000000000000E+00
   15    0.000000000000000E+00    0.000000000000000E+00    0.000000000000000E+00
   16    0.000000000000000E+00    0.000000000000000E+00    0.000000000000000E+00
   17    0.462051929615608E+03    0.948791358325878E+03    0.498337485625416E-10
   18    0.000000000000000E+00    0.000000000000000E+00    0.000000000000000E+00
   19    0.000000000000000E+00    0.000000000000000E+00    0.000000000000000E+00
   20    0.000000000000000E+00    0.000000000000000E+00    0.000000000000000E+00
   21    0.215265414894078E+04   -0.192045300149347E+04   -0.108136364054000E-09
   22    0.000000000000000E+00    0.000000000000000E+00    0.000000000000000E+00
   23    0.000000000000000E+00    0.000000000000000E+00    0.000000000000000E+00
   24    0.000000000000000E+00    0.000000000000000E+00    0.000000000000000E+00
   25   -0.132298742457980E+04    0.112140941509389E+04   -0.328937585136576E+02
   26    0.000000000000000E+00    0.000000000000000E+00    0.000000000000000E+00
   27    0.000000000000000E+00    0.000000000000000E+00    0.000000000000000E+00
   28    0.000000000000000E+00    0.000000000000000E+00    0.000000000000000E+00
   29    0.548582839350926E+03    0.100038429009009E+04   -0.755304800930899E+03
   30    0.000000000000000E+00    0.000000000000000E+00    0.000000000000000E+00
   31    0.000000000000000E+00    0.000000000000000E+00    0.000000000000000E+00
   32    0.000000000000000E+00    0.000000000000000E+00    0.000000000000000E+00
   33    0.227338702399866E+04   -0.186118258682822E+04   -0.149202382238725E+04
   34    0.000000000000000E+00    0.000000000000000E+00    0.000000000000000E+00
   35    0.000000000000000E+00    0.000000000000000E+00    0.000000000000000E+00
   36    0.000000000000000E+00    0.000000000000000E+00    0.000000000000000E+00
Sum    0.423553272776836E+04    0.628074719289104E+03    0.391537469113246E-09
 
 
 ----------------------------
 INCREMENT   7
 ----------------------------
 
 Reaction Forces
 
    1   -0.148415287247583E+04    0.110682331402382E+04   -0.920750399136991E+01
    2    0.000000000000000E+00    0.000000000000000E+00    0.000000000000000E+00
    3    0.000000000000000E+00    0.000000000000000E+00    0.000000000000000E+00
    4    0.000000000000000E+00    0.000000000000000E+00    0.000000000000000E+00
    5    0.538758097399075E+03    0.104544249163836E+04    0.758611007798334E+03
    6    0.000000000000000E+00    0.000000000000000E+00    0.000000000000000E+00
    7    0.000000000000000E+00    0.000000000000000E+00    0.000000000000000E+00
    8    0.000000000000000E+00    0.000000000000000E+00    0.000000000000000E+00
    9    0.245192381838213E+04   -0.191704733450016E+04    0.154458163229403E+04
   10    0.000000000000000E+00    0.000000000000000E+00    0.000000000000000E+00
   11    0.000000000000000E+00    0.000000000000000E+00    0.000000000000000E+00
   12    0.000000000000000E+00    0.000000000000000E+00    0.000000000000000E+00
   13   -0.154130311502263E+04    0.106076765842516E+04    0.216926811964305E-09
   14    0.000000000000000E+00    0.000000000000000E+00    0.000000000000000E+00
   15    0.000000000000000E+00    0.000000000000000E+00    0.000000000000000E+00
   16    0.000000000000000E+00    0.000000000000000E+00    0.000000000000000E+00
   17    0.448041432949551E+03    0.989206298577920E+03    0.512531493313754E-10
   18    0.000000000000000E+00    0.000000000000000E+00    0.000000000000000E+00
   19    0.000000000000000E+00    0.000000000000000E+00    0.000000000000000E+00
   20    0.000000000000000E+00    0.000000000000000E+00    0.000000000000000E+00
   21    0.232551615876649E+04   -0.198263808320857E+04   -0.106319738486476E-09
   22    0.000000000000000E+00    0.000000000000000E+00    0.000000000000000E+00
   23    0.000000000000000E+00    0.000000000000000E+00    0.000000000000000E+00
   24    0.000000000000000E+00    0.000000000000000E+00    0.000000000000000E+00
   25   -0.148415287247548E+04    0.110682331402356E+04    0.920750399175650E+01
   26    0.000000000000000E+00    0.000000000000000E+00    0.000000000000000E+00
   27    0.000000000000000E+00    0.000000000000000E+00    0.000000000000000E+00
   28    0.000000000000000E+00    0.000000000000000E+00    0.000000000000000E+00
   29    0.538758097399310E+03    0.104544249163809E+04   -0.758611007798265E+03
   30    0.000000000000000E+00    0.000000000000000E+00    0.000000000000000E+00
   31    0.000000000000000E+00    0.000000000000000E+00    0.000000000000000E+00
   32    0.000000000000000E+00    0.000000000000000E+00    0.000000000000000E+00
   33    0.245192381838225E+04   -0.191704733450040E+04   -0.154458163229426E+04
   34    0.000000000000000E+00    0.000000000000000E+00    0.000000000000000E+00
   35    0.000000000000000E+00    0.000000000000000E+00    0.000000000000000E+00
   36    0.000000000000000E+00    0.000000000000000E+00    0.000000000000000E+00
Sum    0.424531256330486E+04    0.537772816117796E+03    0.384716258849949E-09
 
 
 ----------------------------
 INCREMENT   8
 ----------------------------
 
 Reaction Forces
 
    1   -0.163522580516739E+04    0.109309225086039E+04   -0.452612856422716E+02
    2    0.000000000000000E+00    0.000000000000000E+00    0.000000000000000E+00
    3    0.000000000000000E+00    0.000000000000000E+00    0.000000000000000E+00
    4    0.000000000000000E+00    0.000000000000000E+00    0.000000000000000E+00
    5    0.527952906001468E+03    0.108254977806789E+04    0.762603413925613E+03
    6    0.000000000000000E+00    0.000000000000000E+00    0.000000000000000E+00
    7    0.000000000000000E+00    0.000000000000000E+00    0.000000000000000E+00
    8    0.000000000000000E+00    0.000000000000000E+00    0.000000000000000E+00
    9    0.261689544532049E+04   -0.196799760453383E+04    0.159222226294590E+04
   10    0.000000000000000E+00    0.000000000000000E+00    0.000000000000000E+00
   11    0.000000000000000E+00    0.000000000000000E+00    0.000000000000000E+00
   12    0.000000000000000E+00    0.000000000000000E+00    0.000000000000000E+00
   13   -0.169483770042203E+04    0.104410836919221E+04    0.212771515443550E-09
   14    0.000000000000000E+00    0.000000000000000E+00    0.000000000000000E+00
   15    0.000000000000000E+00    0.000000000000000E+00    0.000000000000000E+00
   16    0.000000000000000E+00    0.000000000000000E+00    0.000000000000000E+00
   17    0.433852185609036E+03    0.102203642114604E+04    0.482304992774715E-10
   18    0.000000000000000E+00    0.000000000000000E+00    0.000000000000000E+00
   19    0.000000000000000E+00    0.000000000000000E+00    0.000000000000000E+00
   20    0.000000000000000E+00    0.000000000000000E+00    0.000000000000000E+00
   21    0.248591651967230E+04   -0.203942202042439E+04   -0.107271144227707E-09
   22    0.000000000000000E+00    0.000000000000000E+00    0.000000000000000E+00
   23    0.000000000000000E+00    0.000000000000000E+00    0.000000000000000E+00
   24    0.000000000000000E+00    0.000000000000000E+00    0.000000000000000E+00
   25   -0.163522580516704E+04    0.109309225086013E+04    0.452612856426582E+02
   26    0.000000000000000E+00    0.000000000000000E+00    0.000000000000000E+00
   27    0.000000000000000E+00    0.000000000000000E+00    0.000000000000000E+00
   28    0.000000000000000E+00    0.000000000000000E+00    0.000000000000000E+00
   29    0.527952906001701E+03    0.108254977806762E+04   -0.762603413925542E+03
   30    0.000000000000000E+00    0.000000000000000E+00    0.000000000000000E+00
   31    0.000000000000000E+00    0.000000000000000E+00    0.000000000000000E+00
   32    0.000000000000000E+00    0.000000000000000E+00    0.000000000000000E+00
   33    0.261689544532060E+04   -0.196799760453406E+04   -0.159222226294613E+04
   34    0.000000000000000E+00    0.000000000000000E+00    0.000000000000000E+00
   35    0.000000000000000E+00    0.000000000000000E+00    0.000000000000000E+00
   36    0.000000000000000E+00    0.000000000000000E+00    0.000000000000000E+00
Sum    0.424417609716913E+04    0.442011618702002E+03    0.381533027393743E-09
 
 
 ----------------------------
 INCREMENT   9
 ----------------------------
 
 Reaction Forces
 
    1   -0.177787104770473E+04    0.108061452401718E+04   -0.762798364830757E+02
    2    0.000000000000000E+00    0.000000000000000E+00    0.000000000000000E+00
    3    0.000000000000000E+00    0.000000000000000E+00    0.000000000000000E+00
    4    0.000000000000000E+00    0.000000000000000E+00    0.000000000000000E+00
    5    0.516707570097683E+03    0.111350188240941E+04    0.767437524464155E+03
    6    0.000000000000000E+00    0.000000000000000E+00    0.000000000000000E+00
    7    0.000000000000000E+00    0.000000000000000E+00    0.000000000000000E+00
    8    0.000000000000000E+00    0.000000000000000E+00    0.000000000000000E+00
    9    0.277100138224027E+04   -0.201553235120513E+04    0.163628915661043E+04
   10    0.000000000000000E+00    0.000000000000000E+00    0.000000000000000E+00
   11    0.000000000000000E+00    0.000000000000000E+00    0.000000000000000E+00
   12    0.000000000000000E+00    0.000000000000000E+00    0.000000000000000E+00
   13   -0.183951529276983E+04    0.102889256898760E+04    0.221270903912784E-09
   14    0.000000000000000E+00    0.000000000000000E+00    0.000000000000000E+00
   15    0.000000000000000E+00    0.000000000000000E+00    0.000000000000000E+00
   16    0.000000000000000E+00    0.000000000000000E+00    0.000000000000000E+00
   17    0.419848337825918E+03    0.104901582014782E+04    0.517642650206714E-10
   18    0.000000000000000E+00    0.000000000000000E+00    0.000000000000000E+00
   19    0.000000000000000E+00    0.000000000000000E+00    0.000000000000000E+00
   20    0.000000000000000E+00    0.000000000000000E+00    0.000000000000000E+00
   21    0.263630480050166E+04   -0.209237824970963E+04   -0.108154770577152E-09
   22    0.000000000000000E+00    0.000000000000000E+00    0.000000000000000E+00
   23    0.000000000000000E+00    0.000000000000000E+00    0.000000000000000E+00
   24    0.000000000000000E+00    0.000000000000000E+00    0.000000000000000E+00
   25   -0.177787104770438E+04    0.108061452401692E+04    0.762798364834670E+02
   26    0.000000000000000E+00    0.000000000000000E+00    0.000000000000000E+00
   27    0.000000000000000E+00    0.000000000000000E+00    0.000000000000000E+00
   28    0.000000000000000E+00    0.000000000000000E+00    0.000000000000000E+00
   29    0.516707570097920E+03    0.111350188240914E+04   -0.767437524464089E+03
   30    0.000000000000000E+00    0.000000000000000E+00    0.000000000000000E+00
   31    0.000000000000000E+00    0.000000000000000E+00    0.000000000000000E+00
   32    0.000000000000000E+00    0.000000000000000E+00    0.000000000000000E+00
   33    0.277100138224039E+04   -0.201553235120538E+04   -0.163628915661067E+04
   34    0.000000000000000E+00    0.000000000000000E+00    0.000000000000000E+00
   35    0.000000000000000E+00    0.000000000000000E+00    0.000000000000000E+00
   36    0.000000000000000E+00    0.000000000000000E+00    0.000000000000000E+00
Sum    0.423631365482489E+04    0.342698249867924E+03    0.379941411665641E-09
 
 
 ----------------------------
 INCREMENT   10
 ----------------------------
 
 Reaction Forces
 
    1   -0.191336671090925E+04    0.106945745870142E+04   -0.103091273195751E+03
    2    0.000000000000000E+00    0.000000000000000E+00    0.000000000000000E+00
    3    0.000000000000000E+00    0.000000000000000E+00    0.000000000000000E+00
    4    0.000000000000000E+00    0.000000000000000E+00    0.000000000000000E+00
    5    0.505314692181993E+03    0.113954317228936E+04    0.773105177790537E+03
    6    0.000000000000000E+00    0.000000000000000E+00    0.000000000000000E+00
    7    0.000000000000000E+00    0.000000000000000E+00    0.000000000000000E+00
    8    0.000000000000000E+00    0.000000000000000E+00    0.000000000000000E+00
    9    0.291615650452479E+04   -0.206052997099640E+04    0.167761500678029E+04
   10    0.000000000000000E+00    0.000000000000000E+00    0.000000000000000E+00
   11    0.000000000000000E+00    0.000000000000000E+00    0.000000000000000E+00
   12    0.000000000000000E+00    0.000000000000000E+00    0.000000000000000E+00
   13   -0.197669214585162E+04    0.101515865558612E+04    0.240821401796188E-09
   14    0.000000000000000E+00    0.000000000000000E+00    0.000000000000000E+00
   15    0.000000000000000E+00    0.000000000000000E+00    0.000000000000000E+00
   16    0.000000000000000E+00    0.000000000000000E+00    0.000000000000000E+00
   17    0.406198480096473E+03    0.107134412083025E+04    0.627260257691814E-10
   18    0.000000000000000E+00    0.000000000000000E+00    0.000000000000000E+00
   19    0.000000000000000E+00    0.000000000000000E+00    0.000000000000000E+00
   20    0.000000000000000E+00    0.000000000000000E+00    0.000000000000000E+00
   21    0.277842106232446E+04   -0.214244150800753E+04   -0.105834109562859E-09
   22    0.000000000000000E+00    0.000000000000000E+00    0.000000000000000E+00
   23    0.000000000000000E+00    0.000000000000000E+00    0.000000000000000E+00
   24    0.000000000000000E+00    0.000000000000000E+00    0.000000000000000E+00
   25   -0.191336671090890E+04    0.106945745870115E+04    0.103091273196148E+03
   26    0.000000000000000E+00    0.000000000000000E+00    0.000000000000000E+00
   27    0.000000000000000E+00    0.000000000000000E+00    0.000000000000000E+00
   28    0.000000000000000E+00    0.000000000000000E+00    0.000000000000000E+00
   29    0.505314692182229E+03    0.113954317228906E+04   -0.773105177790482E+03
   30    0.000000000000000E+00    0.000000000000000E+00    0.000000000000000E+00
   31    0.000000000000000E+00    0.000000000000000E+00    0.000000000000000E+00
   32    0.000000000000000E+00    0.000000000000000E+00    0.000000000000000E+00
   33    0.291615650452491E+04   -0.206052997099668E+04   -0.167761500678056E+04
   34    0.000000000000000E+00    0.000000000000000E+00    0.000000000000000E+00
   35    0.000000000000000E+00    0.000000000000000E+00    0.000000000000000E+00
   36    0.000000000000000E+00    0.000000000000000E+00    0.000000000000000E+00
Sum    0.422413636816508E+04    0.241002588396748E+03    0.379941411665641E-09
