*begin
3           !problem dimension
2, 2, 2     !degree of each dimension
4, 4, 3     !control points in each direction
0, 0, 0     !open(0) or closed(1) knot vector
--------------------------------------------------------
*knots    !knot spans
0.0, 0.0, 0.0, 0.5, 1.0, 1.0, 1.0
0.0, 0.0, 0.0, 0.5, 1.0, 1.0, 1.0
0.0, 0.0, 0.0, 1.0, 1.0, 1.0
--------------------------------------------------------
*element
Hex27ANS
*bnet
0.0000000000000000E+000 0.0000000000000000E+000 2.4875000000000000E+001 1.0000000000000000E+000
0.0000000000000000E+000 0.0000000000000000E+000 2.5000000000000000E+001 1.0000000000000000E+000
0.0000000000000000E+000 0.0000000000000000E+000 2.5125000000000000E+001 1.0000000000000000E+000
0.0000000000000000E+000 6.2500000000000000E+000 2.4875000000000000E+001 1.0000000000000000E+000
0.0000000000000000E+000 6.2500000000000000E+000 2.5000000000000000E+001 1.0000000000000000E+000
0.0000000000000000E+000 6.2500000000000000E+000 2.5125000000000000E+001 1.0000000000000000E+000
0.0000000000000000E+000 1.8750000000000000E+001 2.4875000000000000E+001 1.0000000000000000E+000
0.0000000000000000E+000 1.8750000000000000E+001 2.5000000000000000E+001 1.0000000000000000E+000
0.0000000000000000E+000 1.8750000000000000E+001 2.5125000000000000E+001 1.0000000000000000E+000
0.0000000000000000E+000 2.5000000000000000E+001 2.4875000000000000E+001 1.0000000000000000E+000
0.0000000000000000E+000 2.5000000000000000E+001 2.5000000000000000E+001 1.0000000000000000E+000
0.0000000000000000E+000 2.5000000000000000E+001 2.5125000000000000E+001 1.0000000000000000E+000
4.3861336451230644E+000 0.0000000000000000E+000 2.4875000000000004E+001 9.6984631039295399E-001
4.4081745177116227E+000 0.0000000000000000E+000 2.5000000000000007E+001 9.6984631039295399E-001
4.4302153903001811E+000 0.0000000000000000E+000 2.5125000000000007E+001 9.6984631039295399E-001
4.3861336451230644E+000 6.2500000000000018E+000 2.4875000000000004E+001 9.6984631039295399E-001
4.4081745177116227E+000 6.2500000000000018E+000 2.5000000000000007E+001 9.6984631039295399E-001
4.4302153903001811E+000 6.2500000000000018E+000 2.5125000000000007E+001 9.6984631039295399E-001
4.3861336451230644E+000 1.8750000000000004E+001 2.4875000000000004E+001 9.6984631039295399E-001
4.4081745177116227E+000 1.8750000000000004E+001 2.5000000000000007E+001 9.6984631039295399E-001
4.4302153903001811E+000 1.8750000000000004E+001 2.5125000000000007E+001 9.6984631039295399E-001
4.3861336451230644E+000 2.5000000000000007E+001 2.4875000000000004E+001 9.6984631039295399E-001
4.4081745177116227E+000 2.5000000000000007E+001 2.5000000000000007E+001 9.6984631039295399E-001
4.4302153903001811E+000 2.5000000000000007E+001 2.5125000000000007E+001 9.6984631039295399E-001
1.2629368485328952E+001 0.0000000000000000E+000 2.1874707884098953E+001 9.6984631039295399E-001
1.2692832648571811E+001 0.0000000000000000E+000 2.1984631039295426E+001 9.6984631039295399E-001
1.2756296811814670E+001 0.0000000000000000E+000 2.2094554194491906E+001 9.6984631039295399E-001
1.2629368485328952E+001 6.2500000000000018E+000 2.1874707884098953E+001 9.6984631039295399E-001
1.2692832648571811E+001 6.2500000000000018E+000 2.1984631039295426E+001 9.6984631039295399E-001
1.2756296811814670E+001 6.2500000000000018E+000 2.2094554194491906E+001 9.6984631039295399E-001
1.2629368485328952E+001 1.8750000000000004E+001 2.1874707884098953E+001 9.6984631039295399E-001
1.2692832648571811E+001 1.8750000000000004E+001 2.1984631039295426E+001 9.6984631039295399E-001
1.2756296811814670E+001 1.8750000000000004E+001 2.2094554194491906E+001 9.6984631039295399E-001
1.2629368485328952E+001 2.5000000000000007E+001 2.1874707884098953E+001 9.6984631039295399E-001
1.2692832648571811E+001 2.5000000000000007E+001 2.1984631039295426E+001 9.6984631039295399E-001
1.2756296811814670E+001 2.5000000000000007E+001 2.2094554194491906E+001 9.6984631039295399E-001
1.5989341790952663E+001 0.0000000000000000E+000 1.9055355522584584E+001 1.0000000000000000E+000
1.6069690242163482E+001 0.0000000000000000E+000 1.9151111077974456E+001 1.0000000000000000E+000
1.6150038693374299E+001 0.0000000000000000E+000 1.9246866633364331E+001 1.0000000000000000E+000
1.5989341790952663E+001 6.2500000000000000E+000 1.9055355522584584E+001 1.0000000000000000E+000
1.6069690242163482E+001 6.2500000000000000E+000 1.9151111077974456E+001 1.0000000000000000E+000
1.6150038693374299E+001 6.2500000000000000E+000 1.9246866633364331E+001 1.0000000000000000E+000
1.5989341790952663E+001 1.8750000000000000E+001 1.9055355522584584E+001 1.0000000000000000E+000
1.6069690242163482E+001 1.8750000000000000E+001 1.9151111077974456E+001 1.0000000000000000E+000
1.6150038693374299E+001 1.8750000000000000E+001 1.9246866633364331E+001 1.0000000000000000E+000
1.5989341790952663E+001 2.5000000000000000E+001 1.9055355522584584E+001 1.0000000000000000E+000
1.6069690242163482E+001 2.5000000000000000E+001 1.9151111077974456E+001 1.0000000000000000E+000
1.6150038693374299E+001 2.5000000000000000E+001 1.9246866633364331E+001 1.0000000000000000E+000
--------------------------------------------------------
*material
5
4.32e8, 0.0, 360.0, 1.0, 1e15,
--------------------------------------------------------
*bcdof
31
1	,	1
5	,	1
9	,	1
13	,	1
17	,	1
21	,	1
25	,	1
29	,	1
33	,	1
37	,	1
41	,	1
45	,	1
13	,	2
14	,	2
15	,	2
16	,	2
29	,	2
30	,	2
31	,	2
32	,	2
45	,	2
46	,	2
47	,	2
48	,	2
1	,	3
2	,	3
3	,	3
4	,	3
2	,	1
3	,	1
4	,	1
*gravity
1.0, 3
*end