!---------------------------------------------------------------------------
!
! Sphere with 18º hole
! 8x8x1 mesh
!
!---------------------------------------------------------------------------
*begin
3           !problem dimension
3, 3, 3     !degree of each dimension
11, 4, 11     !control points in each direction
0, 0, 0     !open(0) or closed(1) knot vector
--------------------------------------------------------
*knots    !knot spans
0.0, 0.0, 0.0, 0.0, 0.125, 0.25, 0.375, 0.5, 0.625, 0.75, 0.875, 1.0 1.0, 1.0, 1.0
0.0, 0.0, 0.0, 0.0, 1.0, 1.0, 1.0, 1.0
0.0, 0.0, 0.0, 0.0, 0.125, 0.25, 0.375, 0.5, 0.625, 0.75, 0.875, 1.0 1.0, 1.0, 1.0
--------------------------------------------------------
*element
Hex64
*bnet     !nurbs control points
9.5295862932774380E+000 3.0963502836369732E+000 0.0000000000000000E+000 1.0000000000000000E+000
9.3754677046158790E+000 3.5706785267333374E+000 0.0000000000000000E+000 9.8408474953124558E-001
8.9896056496281727E+000 4.5141679470721998E+000 1.0893439151199739E-017 9.5623306121092533E-001
8.1830504502224652E+000 5.8549247089389969E+000 6.1843872500371914E-017 9.2639196658201084E-001
7.1492086420371601E+000 7.0827107654128785E+000 1.4905730130207674E-016 9.0848730980466219E-001
5.9155729391490741E+000 8.1420876426733084E+000 2.7123156633538560E-016 9.0251909087887938E-001
4.5268312597580298E+000 8.9879794581180388E+000 4.2424001139821850E-016 9.0848730980466219E-001
3.0396626419076309E+000 9.5918146897040089E+000 6.0157221432179944E-016 9.2639196658201084E-001
1.5152879232495866E+000 9.9445776431105788E+000 7.9522105803758074E-016 9.5623306121092533E-001
4.9873822950513230E-001 1.0020000000000000E+001 9.3149158860891576E-016 9.8408474953124558E-001
0.0000000000000000E+000 1.0020000000000000E+001 1.0000000000000001E-015 1.0000000000000000E+000
9.5169055397268369E+000 3.0922300570453070E+000 0.0000000000000000E+000 1.0000000000000000E+000
9.3629920323542510E+000 3.5659271248348232E+000 0.0000000000000000E+000 9.8408474953124558E-001
8.9776434331948671E+000 4.5081610702297885E+000 1.0893439151199739E-017 9.5623306121092533E-001
8.1721614942008785E+000 5.8471337246290327E+000 6.1843872500371914E-017 9.2639196658201084E-001
7.1396953903511484E+000 7.0732860005886442E+000 1.4905730130207674E-016 9.0848730980466219E-001
5.9077012519379641E+000 8.1312531947123325E+000 2.7123156633538560E-016 9.0251909087887938E-001
4.5208075322001342E+000 8.9760194056122256E+000 4.2424001139821850E-016 9.0848730980466219E-001
3.0356178479729565E+000 9.5790511305693418E+000 6.0157221432179944E-016 9.2639196658201084E-001
1.5132715720543108E+000 9.9313446721949301E+000 7.9522105803758074E-016 9.5623306121092533E-001
4.9807457251310944E-001 1.0006666666666668E+001 9.3149158860891576E-016 9.8408474953124558E-001
0.0000000000000000E+000 1.0006666666666668E+001 1.0000000000000001E-015 1.0000000000000000E+000
9.5042247861762359E+000 3.0881098304536412E+000 0.0000000000000000E+000 1.0000000000000000E+000
9.3505163600926178E+000 3.5611757229363090E+000 0.0000000000000000E+000 9.8408474953124558E-001
8.9656812167615652E+000 4.5021541933873763E+000 1.0893439151199739E-017 9.5623306121092533E-001
8.1612725381792952E+000 5.8393427403190659E+000 6.1843872500371914E-017 9.2639196658201084E-001
7.1301821386651394E+000 7.0638612357644082E+000 1.4905730130207674E-016 9.0848730980466219E-001
5.8998295647268542E+000 8.1204187467513567E+000 2.7123156633538560E-016 9.0251909087887938E-001
4.5147838046422395E+000 8.9640593531064141E+000 4.2424001139821850E-016 9.0848730980466219E-001
3.0315730540382830E+000 9.5662875714346729E+000 6.0157221432179944E-016 9.2639196658201084E-001
1.5112552208590357E+000 9.9181117012792814E+000 7.9522105803758074E-016 9.5623306121092533E-001
4.9741091552108674E-001 9.9933333333333341E+000 9.3149158860891576E-016 9.8408474953124558E-001
0.0000000000000000E+000 9.9933333333333341E+000 1.0000000000000001E-015 1.0000000000000000E+000
9.4915440326256348E+000 3.0839896038619758E+000 0.0000000000000000E+000 1.0000000000000000E+000
9.3380406878309898E+000 3.5564243210377953E+000 0.0000000000000000E+000 9.8408474953124558E-001
8.9537190003282632E+000 4.4961473165449659E+000 1.0893439151199739E-017 9.5623306121092533E-001
8.1503835821577084E+000 5.8315517560091026E+000 6.1843872500371914E-017 9.2639196658201084E-001
7.1206688869791304E+000 7.0544364709401721E+000 1.4905730130207674E-016 9.0848730980466219E-001
5.8919578775157460E+000 8.1095842987903808E+000 2.7123156633538560E-016 9.0251909087887938E-001
4.5087600770843457E+000 8.9520993006006027E+000 4.2424001139821850E-016 9.0848730980466219E-001
3.0275282601036091E+000 9.5535240123000040E+000 6.0157221432179944E-016 9.2639196658201084E-001
1.5092388696637602E+000 9.9048787303636328E+000 7.9522105803758074E-016 9.5623306121092533E-001
4.9674725852906398E-001 9.9800000000000022E+000 9.3149158860891576E-016 9.8408474953124558E-001
0.0000000000000000E+000 9.9800000000000022E+000 1.0000000000000001E-015 1.0000000000000000E+000
9.5295862932774380E+000 3.0963502836369736E+000 1.8701890427847331E-001 9.7559223176554566E-001
9.3754677046158772E+000 3.5706785267333370E+000 2.1566823015126135E-001 9.6006543704162595E-001
8.9896056496281709E+000 4.5141679470721989E+000 2.7265479220871935E-001 9.3289354627476628E-001
8.1830504502224652E+000 5.8549247089389969E+000 3.5363621793221839E-001 9.0378080616741674E-001
7.1492086420371610E+000 7.0827107654128785E+000 4.2779423686941137E-001 8.8631316210300704E-001
5.9155729391490750E+000 8.1420876426733084E+000 4.9178037689052062E-001 8.8049061408153717E-001
4.5268312597580298E+000 8.9879794581180388E+000 5.4287206419044176E-001 8.8631316210300704E-001
3.0396626419076300E+000 9.5918146897040089E+000 5.7934358486196635E-001 9.0378080616741685E-001
1.5152879232495864E+000 9.9445776431105770E+000 6.0065039286905120E-001 9.3289354627476628E-001
4.9873822950513225E-001 1.0020000000000000E+001 6.0520588732266689E-001 9.6006543704162595E-001
0.0000000000000000E+000 1.0020000000000000E+001 6.0520588732266700E-001 9.7559223176554566E-001
9.5169055397268352E+000 3.0922300570453070E+000 1.8677004346107021E-001 9.7559223176554566E-001
9.3629920323542457E+000 3.5659271248348228E+000 2.1538124647840545E-001 9.6006543704162595E-001
8.9776434331948671E+000 4.5081610702297885E+000 2.7229197811396399E-001 9.3289354627476628E-001
8.1721614942008785E+000 5.8471337246290318E+000 3.5316564412259477E-001 9.0378080616741674E-001
7.1396953903511493E+000 7.0732860005886442E+000 4.2722498306120194E-001 8.8631316210300704E-001
5.9077012519379650E+000 8.1312531947123325E+000 4.9112597851807815E-001 8.8049061408153717E-001
4.5208075322001351E+000 8.9760194056122273E+000 5.4214967954082049E-001 8.8631316210300704E-001
3.0356178479729565E+000 9.5790511305693400E+000 5.7857266858137824E-001 9.0378080616741685E-001
1.5132715720543106E+000 9.9313446721949301E+000 5.9985112421586551E-001 9.3289354627476628E-001
4.9807457251310938E-001 1.0006666666666666E+001 6.0440055680061422E-001 9.6006543704162595E-001
0.0000000000000000E+000 1.0006666666666666E+001 6.0440055680061422E-001 9.7559223176554566E-001
9.5042247861762359E+000 3.0881098304536412E+000 1.8652118264366707E-001 9.7559223176554566E-001
9.3505163600926178E+000 3.5611757229363086E+000 2.1509426280554950E-001 9.6006543704162595E-001
8.9656812167615652E+000 4.5021541933873763E+000 2.7192916401920852E-001 9.3289354627476628E-001
8.1612725381792934E+000 5.8393427403190659E+000 3.5269507031297104E-001 9.0378080616741674E-001
7.1301821386651403E+000 7.0638612357644082E+000 4.2665572925299244E-001 8.8631316210300704E-001
5.8998295647268550E+000 8.1204187467513584E+000 4.9047158014563569E-001 8.8049061408153717E-001
4.5147838046422404E+000 8.9640593531064159E+000 5.4142729489119912E-001 8.8631316210300704E-001
3.0315730540382826E+000 9.5662875714346711E+000 5.7780175230079012E-001 9.0378080616741685E-001
1.5112552208590355E+000 9.9181117012792797E+000 5.9905185556267970E-001 9.3289354627476628E-001
4.9741091552108668E-001 9.9933333333333341E+000 6.0359522627856121E-001 9.6006543704162595E-001
0.0000000000000000E+000 9.9933333333333341E+000 6.0359522627856133E-001 9.7559223176554566E-001
9.4915440326256348E+000 3.0839896038619754E+000 1.8627232182626396E-001 9.7559223176554566E-001
9.3380406878309881E+000 3.5564243210377948E+000 2.1480727913269360E-001 9.6006543704162595E-001
8.9537190003282632E+000 4.4961473165449659E+000 2.7156634992445322E-001 9.3289354627476628E-001
8.1503835821577102E+000 5.8315517560091008E+000 3.5222449650334742E-001 9.0378080616741674E-001
7.1206688869791304E+000 7.0544364709401739E+000 4.2608647544478312E-001 8.8631316210300704E-001
5.8919578775157460E+000 8.1095842987903826E+000 4.8981718177319333E-001 8.8049061408153717E-001
4.5087600770843466E+000 8.9520993006006027E+000 5.4070491024157796E-001 8.8631316210300704E-001
3.0275282601036086E+000 9.5535240123000023E+000 5.7703083602020211E-001 9.0378080616741685E-001
1.5092388696637600E+000 9.9048787303636328E+000 5.9825258690949412E-001 9.3289354627476628E-001
4.9674725852906398E-001 9.9800000000000022E+000 6.0278989575650865E-001 9.6006543704162595E-001
0.0000000000000000E+000 9.9800000000000004E+000 6.0278989575650865E-001 9.7559223176554566E-001
9.5295862932774380E+000 3.0617759590717486E+000 5.7242459037555771E-001 9.3287863735525056E-001
9.3754677046158790E+000 3.5308077798886526E+000 6.6011400707135537E-001 9.1803164018479144E-001
8.9896056496281727E+000 4.4637620519224166E+000 8.3453760113797115E-001 8.9204939513648784E-001
8.1830504502224670E+000 5.7895477171104002E+000 1.0824043054513401E+000 8.6421127544187692E-001
7.1492086420371610E+000 7.0036241252161631E+000 1.3093860310526040E+000 8.4750840362511060E-001
5.9155729391490759E+000 8.0511718369636149E+000 1.5052338258656790E+000 8.4194077968618841E-001
4.5268312597580298E+000 8.8876182940040298E+000 1.6616144777954194E+000 8.4750840362511060E-001
3.0396626419076300E+000 9.4847110083137398E+000 1.7732459482144987E+000 8.6421127544187715E-001
1.5152879232495862E+000 9.8335349562046481E+000 1.8384614989777803E+000 8.9204939513648795E-001
4.9873822950513219E-001 9.9081151354307906E+000 1.8524048864477776E+000 9.1803164018479144E-001
1.1166154148623609E-017 9.9081151354307888E+000 1.8524048864477778E+000 9.3287863735525056E-001
9.5169055397268334E+000 3.0577017395653323E+000 5.7166288100712725E-001 9.3287863735525056E-001
9.3629920323542475E+000 3.5261094328761589E+000 6.5923561185236512E-001 9.1803164018479144E-001
8.9776434331948654E+000 4.4578222487927786E+000 8.3342710532807418E-001 8.9204939513648784E-001
8.1721614942008785E+000 5.7818437281322090E+000 1.0809639803609195E+000 8.6421127544187692E-001
7.1396953903511493E+000 6.9943045987687693E+000 1.3076436677378300E+000 8.4750840362511060E-001
5.9077012519379659E+000 8.0404583681186867E+000 1.5032308533761700E+000 8.4194077968618841E-001
4.5208075322001351E+000 8.8757917892881242E+000 1.6594034139527107E+000 8.4750840362511060E-001
3.0356178479729565E+000 9.4720899690478557E+000 1.7708863395009735E+000 8.6421127544187715E-001
1.5132715720543106E+000 9.8204497466820886E+000 1.8360151097575839E+000 8.9204939513648795E-001
4.9807457251310938E-001 9.8949306841527722E+000 1.8499399431524384E+000 9.1803164018479144E-001
1.1166154148623609E-017 9.8949306841527722E+000 1.8499399431524381E+000 9.3287863735525056E-001
9.5042247861762359E+000 3.0536275200589160E+000 5.7090117163869680E-001 9.3287863735525056E-001
9.3505163600926178E+000 3.5214110858636656E+000 6.5835721663337465E-001 9.1803164018479144E-001
8.9656812167615652E+000 4.4518824456631414E+000 8.3231660951817654E-001 8.9204939513648784E-001
8.1612725381792952E+000 5.7741397391540188E+000 1.0795236552704983E+000 8.6421127544187692E-001
7.1301821386651403E+000 6.9849850723213764E+000 1.3059013044230563E+000 8.4750840362511060E-001
5.8998295647268559E+000 8.0297448992737603E+000 1.5012278808866615E+000 8.4194077968618841E-001
4.5147838046422413E+000 8.8639652845722168E+000 1.6571923501100023E+000 8.4750840362511060E-001
3.0315730540382830E+000 9.4594689297819681E+000 1.7685267307874477E+000 8.6421127544187715E-001
1.5112552208590355E+000 9.8073645371595273E+000 1.8335687205373870E+000 8.9204939513648795E-001
4.9741091552108668E-001 9.8817462328747556E+000 1.8474749998570981E+000 9.1803164018479144E-001
1.1166154148623609E-017 9.8817462328747538E+000 1.8474749998570981E+000 9.3287863735525056E-001
9.4915440326256348E+000 3.0495533005525002E+000 5.7013946227026635E-001 9.3287863735525056E-001
9.3380406878309881E+000 3.5167127388511727E+000 6.5747882141438441E-001 9.1803164018479144E-001
8.9537190003282614E+000 4.4459426425335042E+000 8.3120611370827924E-001 8.9204939513648784E-001
8.1503835821577102E+000 5.7664357501758268E+000 1.0780833301800776E+000 8.6421127544187692E-001
7.1206688869791304E+000 6.9756655458739827E+000 1.3041589411082826E+000 8.4750840362511060E-001
5.8919578775157468E+000 8.0190314304288339E+000 1.4992249083971536E+000 8.4194077968618841E-001
4.5087600770843457E+000 8.8521387798563111E+000 1.6549812862672943E+000 8.4750840362511060E-001
3.0275282601036082E+000 9.4468478905160840E+000 1.7661671220739221E+000 8.6421127544187715E-001
1.5092388696637602E+000 9.7942793276369695E+000 1.8311223313171903E+000 8.9204939513648795E-001
4.9674725852906398E-001 9.8685617815967372E+000 1.8450100565617582E+000 9.1803164018479144E-001
1.1166154148623609E-017 9.8685617815967390E+000 1.8450100565617584E+000 9.3287863735525056E-001
9.5295862932774362E+000 2.8963815603922862E+000 1.1511999757113749E+000 8.8711407191564862E-001
9.3754677046158754E+000 3.3400767017778628E+000 1.3275516839846284E+000 8.7299542926675455E-001
8.9896056496281709E+000 4.2226336185246494E+000 1.6783340239278510E+000 8.4828780463118969E-001
8.1830504502224652E+000 5.4768015279385960E+000 2.1768174028441889E+000 8.2181534966451308E-001
7.1492086420371610E+000 6.6252946144186806E+000 2.6332991148329521E+000 8.0593187668450716E-001
5.9155729391490759E+000 7.6162547357648265E+000 3.0271675481998996E+000 8.0063738569117193E-001
4.5268312597580307E+000 8.4075171033620340E+000 3.3416638254914370E+000 8.0593187668450716E-001
3.0396626419076309E+000 8.9723554033190087E+000 3.5661652675953759E+000 8.2181534966451320E-001
1.5152879232495862E+000 9.3023361935531721E+000 3.6973199065067428E+000 8.4828780463118980E-001
4.9873822950513230E-001 9.3728876182063470E+000 3.7253613770981171E+000 8.7299542926675455E-001
6.4582074031302550E-017 9.3728876182063487E+000 3.7253613770981180E+000 8.8711407191564862E-001
9.5169055397268352E+000 2.8925274265793885E+000 1.1496681061495502E+000 8.8711407191564862E-001
9.3629920323542475E+000 3.3356321552685109E+000 1.3257851481443297E+000 8.7299542926675455E-001
8.9776434331948671E+000 4.2170146782471720E+000 1.6761007118534297E+000 8.4828780463118969E-001
8.1721614942008785E+000 5.4695137015541135E+000 2.1739207729002850E+000 8.2181534966451308E-001
7.1396953903511493E+000 6.6164785204540513E+000 2.6297950574612519E+000 8.0593187668450716E-001
5.9077012519379632E+000 7.6061199989241546E+000 3.0231393811364269E+000 8.0063738569117193E-001
4.5208075322001351E+000 8.3963294558525678E+000 3.3372171670410165E+000 8.0593187668450716E-001
3.0356178479729561E+000 8.9604161413052754E+000 3.5614198713643779E+000 8.2181534966451320E-001
1.5132715720543106E+000 9.2899578353448504E+000 3.6923999864714716E+000 8.4828780463118980E-001
4.9807457251310949E-001 9.3604153791934301E+000 3.7204041430633890E+000 8.7299542926675455E-001
6.4582074031302550E-017 9.3604153791934319E+000 3.7204041430633898E+000 8.8711407191564862E-001
9.5042247861762359E+000 2.8886732927664913E+000 1.1481362365877255E+000 8.8711407191564862E-001
9.3505163600926195E+000 3.3311876087591585E+000 1.3240186123040307E+000 8.7299542926675455E-001
8.9656812167615634E+000 4.2113957379696938E+000 1.6738673997790079E+000 8.4828780463118969E-001
8.1612725381792934E+000 5.4622258751696311E+000 2.1710241429563801E+000 8.2181534966451308E-001
7.1301821386651394E+000 6.6076624264894228E+000 2.6262910000895512E+000 8.0593187668450716E-001
5.8998295647268559E+000 7.5959852620834845E+000 3.0191112140729550E+000 8.0063738569117193E-001
4.5147838046422413E+000 8.3851418083431071E+000 3.3327705085905963E+000 8.0593187668450716E-001
3.0315730540382826E+000 8.9484768792915474E+000 3.5566744751333799E+000 8.2181534966451320E-001
1.5112552208590353E+000 9.2775794771365323E+000 3.6874800664361991E+000 8.4828780463118980E-001
4.9741091552108674E-001 9.3479431401805151E+000 3.7154469090286604E+000 8.7299542926675455E-001
6.4582074031302550E-017 9.3479431401805151E+000 3.7154469090286608E+000 8.8711407191564862E-001
9.4915440326256331E+000 2.8848191589535941E+000 1.1466043670259012E+000 8.8711407191564862E-001
9.3380406878309881E+000 3.3267430622498066E+000 1.3222520764637324E+000 8.7299542926675455E-001
8.9537190003282614E+000 4.2057767976922156E+000 1.6716340877045868E+000 8.4828780463118969E-001
8.1503835821577084E+000 5.4549380487851487E+000 2.1681275130124762E+000 8.2181534966451308E-001
7.1206688869791304E+000 6.5988463325247952E+000 2.6227869427178510E+000 8.0593187668450716E-001
5.8919578775157460E+000 7.5858505252428134E+000 3.0150830470094814E+000 8.0063738569117193E-001
4.5087600770843466E+000 8.3739541608336445E+000 3.3283238501401748E+000 8.0593187668450716E-001
3.0275282601036091E+000 8.9365376172778177E+000 3.5519290789023810E+000 8.2181534966451320E-001
1.5092388696637598E+000 9.2652011189282124E+000 3.6825601464009274E+000 8.4828780463118980E-001
4.9674725852906404E-001 9.3354709011676000E+000 3.7104896749939318E+000 8.7299542926675455E-001
6.4582074031302550E-017 9.3354709011676018E+000 3.7104896749939327E+000 8.8711407191564862E-001
9.5295862932774362E+000 2.6085996487993501E+000 1.7081369383298894E+000 8.5965533265188754E-001
9.3754677046158772E+000 3.0082096331398218E+000 1.9698055218902535E+000 8.4597370271593242E-001
8.9896056496281709E+000 3.8030764747721424E+000 2.4902922182181868E+000 8.2203085032801071E-001
8.1830504502224688E+000 4.9326313693246151E+000 3.2299359731134460E+000 7.9637779419809462E-001
7.1492086420371628E+000 5.9670111979389988E+000 3.9072581502949069E+000 7.8098596052014502E-001
5.9155729391490750E+000 6.8595103975843656E+000 4.4916754835740074E+000 7.7585534929416200E-001
4.5268312597580289E+000 7.5721536357710670E+000 4.9583213483612738E+000 7.8098596052014524E-001
3.0396626419076296E+000 8.0808701015314099E+000 5.2914339387512266E+000 7.9637779419809496E-001
1.5152879232495862E+000 8.3780642921334216E+000 5.4860396441755928E+000 8.2203085032801071E-001
4.9873822950513219E-001 8.4416057895967711E+000 5.5276472473138893E+000 8.4597370271593242E-001
1.5752437229573129E-016 8.4416057895967729E+000 5.5276472473138902E+000 8.5965533265188754E-001
9.5169055397268352E+000 2.6051284583152521E+000 1.7058639683520720E+000 8.5965533265188754E-001
9.3629920323542457E+000 3.0042066928428959E+000 1.9671843568577982E+000 8.4597370271593242E-001
8.9776434331948671E+000 3.7980158274337890E+000 2.4869784561180968E+000 8.2203085032801071E-001
8.1721614942008785E+000 4.9260676549276425E+000 3.2256379877866146E+000 7.9637779419809462E-001
7.1396953903511511E+000 5.9590710632777357E+000 3.9020588713191313E+000 7.8098596052014502E-001
5.9077012519379650E+000 6.8503826392376119E+000 4.4856985368227447E+000 7.7585534929416200E-001
4.5208075322001351E+000 7.5620775830288567E+000 4.9517234490287905E+000 7.8098596052014524E-001
3.0356178479729561E+000 8.0701171140376857E+000 5.2843927758254097E+000 7.9637779419809496E-001
1.5132715720543106E+000 8.3669158366548650E+000 5.4787395248885993E+000 8.2203085032801071E-001
4.9807457251310944E-001 8.4303727812273781E+000 5.5202917619548550E+000 8.4597370271593242E-001
1.5752437229573129E-016 8.4303727812273799E+000 5.5202917619548559E+000 8.5965533265188754E-001
9.5042247861762359E+000 2.6016572678311545E+000 1.7035909983742545E+000 8.5965533265188754E-001
9.3505163600926178E+000 3.0002037525459690E+000 1.9645631918253430E+000 8.4597370271593242E-001
8.9656812167615652E+000 3.7929551800954360E+000 2.4836646940180054E+000 8.2203085032801071E-001
8.1612725381792952E+000 4.9195039405306709E+000 3.2213400024597836E+000 7.9637779419809462E-001
7.1301821386651403E+000 5.9511309286164735E+000 3.8968595923433571E+000 7.8098596052014502E-001
5.8998295647268542E+000 6.8412548808908618E+000 4.4797215900714829E+000 7.7585534929416200E-001
4.5147838046422395E+000 7.5520015302866481E+000 4.9451255496963071E+000 7.8098596052014524E-001
3.0315730540382821E+000 8.0593641265439686E+000 5.2773516128995928E+000 7.9637779419809496E-001
1.5112552208590355E+000 8.3557673811763138E+000 5.4714394056016049E+000 8.2203085032801071E-001
4.9741091552108668E-001 8.4191397728579904E+000 5.5129362765958199E+000 8.4597370271593242E-001
1.5752437229573129E-016 8.4191397728579904E+000 5.5129362765958208E+000 8.5965533265188754E-001
9.4915440326256331E+000 2.5981860773470564E+000 1.7013180283964378E+000 8.5965533265188754E-001
9.3380406878309863E+000 2.9962008122490440E+000 1.9619420267928880E+000 8.4597370271593242E-001
8.9537190003282614E+000 3.7878945327570834E+000 2.4803509319179158E+000 8.2203085032801071E-001
8.1503835821577084E+000 4.9129402261336983E+000 3.2170420171329535E+000 7.9637779419809462E-001
7.1206688869791304E+000 5.9431907939552095E+000 3.8916603133675816E+000 7.8098596052014502E-001
5.8919578775157460E+000 6.8321271225441098E+000 4.4737446433202193E+000 7.7585534929416200E-001
4.5087600770843466E+000 7.5419254775444369E+000 4.9385276503638229E+000 7.8098596052014524E-001
3.0275282601036082E+000 8.0486111390502462E+000 5.2703104499737758E+000 7.9637779419809496E-001
1.5092388696637602E+000 8.3446189256977608E+000 5.4641392863146114E+000 8.2203085032801071E-001
4.9674725852906398E-001 8.4079067644886010E+000 5.5055807912367865E+000 8.4597370271593242E-001
1.5752437229573129E-016 8.4079067644886010E+000 5.5055807912367873E+000 8.5965533265188754E-001
9.5295862932774345E+000 2.2051585255889607E+000 2.2051585255889594E+000 8.5050241956396710E-001
9.3754677046158772E+000 2.5429655801457800E+000 2.5429655801457791E+000 8.3696646053232504E-001
8.9896056496281709E+000 3.2148998086657601E+000 3.2148998086657592E+000 8.1327853222695112E-001
8.1830504502224688E+000 4.1697598643241962E+000 4.1697598643241953E+000 7.8789860904262188E-001
7.1492086420371619E+000 5.0441644510211656E+000 5.0441644510211656E+000 7.7267065513202438E-001
5.9155729391490750E+000 5.7986314003996018E+000 5.7986314003996018E+000 7.6759467049515862E-001
4.5268312597580289E+000 6.4010585735819765E+000 6.4010585735819765E+000 7.7267065513202460E-001
3.0396626419076300E+000 6.8310979060242802E+000 6.8310979060242802E+000 7.8789860904262221E-001
1.5152879232495864E+000 7.0823286011841047E+000 7.0823286011841047E+000 8.1327853222695123E-001
4.9873822950513236E-001 7.1360428899690831E+000 7.1360428899690822E+000 8.3696646053232504E-001
2.8782007086136886E-016 7.1360428899690849E+000 7.1360428899690831E+000 8.5050241956396710E-001
9.5169055397268352E+000 2.2022241829068729E+000 2.2022241829068716E+000 8.5050241956396710E-001
9.3629920323542457E+000 2.5395817270783874E+000 2.5395817270783860E+000 8.3696646053232504E-001
8.9776434331948654E+000 3.2106218315417867E+000 3.2106218315417858E+000 8.1327853222695112E-001
8.1721614942008785E+000 4.1642112816704042E+000 4.1642112816704042E+000 7.8789860904262188E-001
7.1396953903511502E+000 5.0374523226764936E+000 5.0374523226764918E+000 7.7267065513202438E-001
5.9077012519379650E+000 5.7909153240185001E+000 5.7909153240184974E+000 7.6759467049515862E-001
4.5208075322001351E+000 6.3925408642358930E+000 6.3925408642358912E+000 7.7267065513202460E-001
3.0356178479729556E+000 6.8220079553841950E+000 6.8220079553841932E+000 7.8789860904262221E-001
1.5132715720543106E+000 7.0729043448951048E+000 7.0729043448951030E+000 8.1327853222695123E-001
4.9807457251310960E-001 7.1265471575805659E+000 7.1265471575805659E+000 8.3696646053232504E-001
2.8782007086136886E-016 7.1265471575805677E+000 7.1265471575805677E+000 8.5050241956396710E-001
9.5042247861762359E+000 2.1992898402247851E+000 2.1992898402247842E+000 8.5050241956396710E-001
9.3505163600926178E+000 2.5361978740109943E+000 2.5361978740109938E+000 8.3696646053232504E-001
8.9656812167615634E+000 3.2063438544178133E+000 3.2063438544178133E+000 8.1327853222695112E-001
8.1612725381792934E+000 4.1586626990166131E+000 4.1586626990166131E+000 7.8789860904262188E-001
7.1301821386651403E+000 5.0307401943318206E+000 5.0307401943318206E+000 7.7267065513202438E-001
5.8998295647268559E+000 5.7831992476373948E+000 5.7831992476373948E+000 7.6759467049515862E-001
4.5147838046422404E+000 6.3840231548898103E+000 6.3840231548898094E+000 7.7267065513202460E-001
3.0315730540382817E+000 6.8129180047441107E+000 6.8129180047441107E+000 7.8789860904262221E-001
1.5112552208590353E+000 7.0634800886061049E+000 7.0634800886061040E+000 8.1327853222695123E-001
4.9741091552108685E-001 7.1170514251920540E+000 7.1170514251920514E+000 8.3696646053232504E-001
2.8782007086136886E-016 7.1170514251920549E+000 7.1170514251920522E+000 8.5050241956396710E-001
9.4915440326256331E+000 2.1963554975426973E+000 2.1963554975426969E+000 8.5050241956396710E-001
9.3380406878309863E+000 2.5328140209436016E+000 2.5328140209436012E+000 8.3696646053232504E-001
8.9537190003282614E+000 3.2020658772938404E+000 3.2020658772938400E+000 8.1327853222695112E-001
8.1503835821577084E+000 4.1531141163628220E+000 4.1531141163628220E+000 7.8789860904262188E-001
7.1206688869791313E+000 5.0240280659871495E+000 5.0240280659871495E+000 7.7267065513202438E-001
5.8919578775157468E+000 5.7754831712562913E+000 5.7754831712562904E+000 7.6759467049515862E-001
4.5087600770843457E+000 6.3755054455437277E+000 6.3755054455437250E+000 7.7267065513202460E-001
3.0275282601036086E+000 6.8038280541040272E+000 6.8038280541040237E+000 7.8789860904262221E-001
1.5092388696637602E+000 7.0540558323171059E+000 7.0540558323171023E+000 8.1327853222695123E-001
4.9674725852906410E-001 7.1075556928035395E+000 7.1075556928035359E+000 8.3696646053232504E-001
2.8782007086136886E-016 7.1075556928035395E+000 7.1075556928035368E+000 8.5050241956396710E-001
9.5295862932774362E+000 1.7081369383298910E+000 2.6085996487993484E+000 8.5965533265188754E-001
9.3754677046158772E+000 1.9698055218902553E+000 3.0082096331398205E+000 8.4597370271593242E-001
8.9896056496281709E+000 2.4902922182181886E+000 3.8030764747721411E+000 8.2203085032801071E-001
8.1830504502224652E+000 3.2299359731134469E+000 4.9326313693246151E+000 7.9637779419809462E-001
7.1492086420371619E+000 3.9072581502949069E+000 5.9670111979389988E+000 7.8098596052014502E-001
5.9155729391490741E+000 4.4916754835740074E+000 6.8595103975843656E+000 7.7585534929416200E-001
4.5268312597580298E+000 4.9583213483612738E+000 7.5721536357710670E+000 7.8098596052014524E-001
3.0396626419076305E+000 5.2914339387512266E+000 8.0808701015314099E+000 7.9637779419809496E-001
1.5152879232495868E+000 5.4860396441755928E+000 8.3780642921334216E+000 8.2203085032801071E-001
4.9873822950513247E-001 5.5276472473138893E+000 8.4416057895967693E+000 8.4597370271593242E-001
4.4833859807246606E-016 5.5276472473138893E+000 8.4416057895967693E+000 8.5965533265188754E-001
9.5169055397268352E+000 1.7058639683520733E+000 2.6051284583152512E+000 8.5965533265188754E-001
9.3629920323542457E+000 1.9671843568577996E+000 3.0042066928428950E+000 8.4597370271593242E-001
8.9776434331948671E+000 2.4869784561180976E+000 3.7980158274337890E+000 8.2203085032801071E-001
8.1721614942008785E+000 3.2256379877866164E+000 4.9260676549276425E+000 7.9637779419809462E-001
7.1396953903511511E+000 3.9020588713191331E+000 5.9590710632777339E+000 7.8098596052014502E-001
5.9077012519379650E+000 4.4856985368227464E+000 6.8503826392376119E+000 7.7585534929416200E-001
4.5208075322001351E+000 4.9517234490287914E+000 7.5620775830288567E+000 7.8098596052014524E-001
3.0356178479729561E+000 5.2843927758254106E+000 8.0701171140376857E+000 7.9637779419809496E-001
1.5132715720543113E+000 5.4787395248885993E+000 8.3669158366548668E+000 8.2203085032801071E-001
4.9807457251310977E-001 5.5202917619548550E+000 8.4303727812273799E+000 8.4597370271593242E-001
4.4833859807246606E-016 5.5202917619548559E+000 8.4303727812273799E+000 8.5965533265188754E-001
9.5042247861762359E+000 1.7035909983742556E+000 2.6016572678311536E+000 8.5965533265188754E-001
9.3505163600926178E+000 1.9645631918253441E+000 3.0002037525459690E+000 8.4597370271593242E-001
8.9656812167615652E+000 2.4836646940180067E+000 3.7929551800954360E+000 8.2203085032801071E-001
8.1612725381792952E+000 3.2213400024597854E+000 4.9195039405306700E+000 7.9637779419809462E-001
7.1301821386651412E+000 3.8968595923433575E+000 5.9511309286164717E+000 7.8098596052014502E-001
5.8998295647268559E+000 4.4797215900714829E+000 6.8412548808908600E+000 7.7585534929416200E-001
4.5147838046422404E+000 4.9451255496963080E+000 7.5520015302866454E+000 7.8098596052014524E-001
3.0315730540382821E+000 5.2773516128995945E+000 8.0593641265439633E+000 7.9637779419809496E-001
1.5112552208590357E+000 5.4714394056016076E+000 8.3557673811763120E+000 8.2203085032801071E-001
4.9741091552108696E-001 5.5129362765958234E+000 8.4191397728579886E+000 8.4597370271593242E-001
4.4833859807246606E-016 5.5129362765958243E+000 8.4191397728579886E+000 8.5965533265188754E-001
9.4915440326256331E+000 1.7013180283964380E+000 2.5981860773470569E+000 8.5965533265188754E-001
9.3380406878309863E+000 1.9619420267928884E+000 2.9962008122490440E+000 8.4597370271593242E-001
8.9537190003282614E+000 2.4803509319179167E+000 3.7878945327570834E+000 8.2203085032801071E-001
8.1503835821577102E+000 3.2170420171329548E+000 4.9129402261336983E+000 7.9637779419809462E-001
7.1206688869791321E+000 3.8916603133675829E+000 5.9431907939552095E+000 7.8098596052014502E-001
5.8919578775157477E+000 4.4737446433202201E+000 6.8321271225441080E+000 7.7585534929416200E-001
4.5087600770843466E+000 4.9385276503638256E+000 7.5419254775444369E+000 7.8098596052014524E-001
3.0275282601036082E+000 5.2703104499737776E+000 8.0486111390502462E+000 7.9637779419809496E-001
1.5092388696637602E+000 5.4641392863146132E+000 8.3446189256977590E+000 8.2203085032801071E-001
4.9674725852906426E-001 5.5055807912367891E+000 8.4079067644885992E+000 8.4597370271593242E-001
4.4833859807246606E-016 5.5055807912367891E+000 8.4079067644885992E+000 8.5965533265188754E-001
9.5295862932774380E+000 1.1511999757113769E+000 2.8963815603922853E+000 8.8711407191564862E-001
9.3754677046158772E+000 1.3275516839846302E+000 3.3400767017778619E+000 8.7299542926675455E-001
8.9896056496281709E+000 1.6783340239278526E+000 4.2226336185246494E+000 8.4828780463118969E-001
8.1830504502224652E+000 2.1768174028441902E+000 5.4768015279385960E+000 8.2181534966451308E-001
7.1492086420371610E+000 2.6332991148329534E+000 6.6252946144186806E+000 8.0593187668450716E-001
5.9155729391490750E+000 3.0271675481999014E+000 7.6162547357648274E+000 8.0063738569117193E-001
4.5268312597580307E+000 3.3416638254914388E+000 8.4075171033620340E+000 8.0593187668450716E-001
3.0396626419076314E+000 3.5661652675953777E+000 8.9723554033190105E+000 8.2181534966451320E-001
1.5152879232495866E+000 3.6973199065067437E+000 9.3023361935531739E+000 8.4828780463118980E-001
4.9873822950513275E-001 3.7253613770981175E+000 9.3728876182063470E+000 8.7299542926675455E-001
6.2820744739539751E-016 3.7253613770981180E+000 9.3728876182063487E+000 8.8711407191564862E-001
9.5169055397268352E+000 1.1496681061495519E+000 2.8925274265793885E+000 8.8711407191564862E-001
9.3629920323542457E+000 1.3257851481443312E+000 3.3356321552685104E+000 8.7299542926675455E-001
8.9776434331948654E+000 1.6761007118534310E+000 4.2170146782471720E+000 8.4828780463118969E-001
8.1721614942008767E+000 2.1739207729002854E+000 5.4695137015541144E+000 8.2181534966451308E-001
7.1396953903511466E+000 2.6297950574612527E+000 6.6164785204540522E+000 8.0593187668450716E-001
5.9077012519379632E+000 3.0231393811364287E+000 7.6061199989241546E+000 8.0063738569117193E-001
4.5208075322001351E+000 3.3372171670410187E+000 8.3963294558525678E+000 8.0593187668450716E-001
3.0356178479729565E+000 3.5614198713643797E+000 8.9604161413052754E+000 8.2181534966451320E-001
1.5132715720543111E+000 3.6923999864714729E+000 9.2899578353448504E+000 8.4828780463118980E-001
4.9807457251310999E-001 3.7204041430633898E+000 9.3604153791934301E+000 8.7299542926675455E-001
6.2820744739539751E-016 3.7204041430633903E+000 9.3604153791934319E+000 8.8711407191564862E-001
9.5042247861762359E+000 1.1481362365877270E+000 2.8886732927664913E+000 8.8711407191564862E-001
9.3505163600926160E+000 1.3240186123040323E+000 3.3311876087591585E+000 8.7299542926675455E-001
8.9656812167615634E+000 1.6738673997790094E+000 4.2113957379696938E+000 8.4828780463118969E-001
8.1612725381792934E+000 2.1710241429563819E+000 5.4622258751696311E+000 8.2181534966451308E-001
7.1301821386651394E+000 2.6262910000895534E+000 6.6076624264894228E+000 8.0593187668450716E-001
5.8998295647268559E+000 3.0191112140729564E+000 7.5959852620834845E+000 8.0063738569117193E-001
4.5147838046422413E+000 3.3327705085905972E+000 8.3851418083431071E+000 8.0593187668450716E-001
3.0315730540382826E+000 3.5566744751333808E+000 8.9484768792915474E+000 8.2181534966451320E-001
1.5112552208590355E+000 3.6874800664362013E+000 9.2775794771365288E+000 8.4828780463118980E-001
4.9741091552108724E-001 3.7154469090286626E+000 9.3479431401805151E+000 8.7299542926675455E-001
6.2820744739539751E-016 3.7154469090286626E+000 9.3479431401805151E+000 8.8711407191564862E-001
9.4915440326256331E+000 1.1466043670259021E+000 2.8848191589535945E+000 8.8711407191564862E-001
9.3380406878309881E+000 1.3222520764637335E+000 3.3267430622498080E+000 8.7299542926675455E-001
8.9537190003282614E+000 1.6716340877045879E+000 4.2057767976922174E+000 8.4828780463118969E-001
8.1503835821577084E+000 2.1681275130124771E+000 5.4549380487851495E+000 8.2181534966451308E-001
7.1206688869791304E+000 2.6227869427178523E+000 6.5988463325247944E+000 8.0593187668450716E-001
5.8919578775157460E+000 3.0150830470094832E+000 7.5858505252428126E+000 8.0063738569117193E-001
4.5087600770843466E+000 3.3283238501401771E+000 8.3739541608336427E+000 8.0593187668450716E-001
3.0275282601036091E+000 3.5519290789023832E+000 8.9365376172778159E+000 8.2181534966451320E-001
1.5092388696637602E+000 3.6825601464009301E+000 9.2652011189282106E+000 8.4828780463118980E-001
4.9674725852906454E-001 3.7104896749939349E+000 9.3354709011676000E+000 8.7299542926675455E-001
6.2820744739539751E-016 3.7104896749939349E+000 9.3354709011676000E+000 8.8711407191564862E-001
9.5295862932774380E+000 5.7242459037555959E-001 3.0617759590717486E+000 9.3287863735525056E-001
9.3754677046158790E+000 6.6011400707135737E-001 3.5308077798886526E+000 9.1803164018479144E-001
8.9896056496281691E+000 8.3453760113797304E-001 4.4637620519224148E+000 8.9204939513648807E-001
8.1830504502224652E+000 1.0824043054513419E+000 5.7895477171103993E+000 8.6421127544187704E-001
7.1492086420371610E+000 1.3093860310526058E+000 7.0036241252161631E+000 8.4750840362511060E-001
5.9155729391490759E+000 1.5052338258656806E+000 8.0511718369636149E+000 8.4194077968618841E-001
4.5268312597580298E+000 1.6616144777954209E+000 8.8876182940040298E+000 8.4750840362511060E-001
3.0396626419076309E+000 1.7732459482145004E+000 9.4847110083137398E+000 8.6421127544187715E-001
1.5152879232495871E+000 1.8384614989777817E+000 9.8335349562046481E+000 8.9204939513648795E-001
4.9873822950513302E-001 1.8524048864477791E+000 9.9081151354307906E+000 9.1803164018479144E-001
8.1512925284952320E-016 1.8524048864477793E+000 9.9081151354307888E+000 9.3287863735525056E-001
9.5169055397268334E+000 5.7166288100712903E-001 3.0577017395653323E+000 9.3287863735525056E-001
9.3629920323542475E+000 6.5923561185236690E-001 3.5261094328761597E+000 9.1803164018479144E-001
8.9776434331948636E+000 8.3342710532807562E-001 4.4578222487927777E+000 8.9204939513648807E-001
8.1721614942008767E+000 1.0809639803609210E+000 5.7818437281322081E+000 8.6421127544187704E-001
7.1396953903511484E+000 1.3076436677378322E+000 6.9943045987687693E+000 8.4750840362511060E-001
5.9077012519379650E+000 1.5032308533761727E+000 8.0404583681186867E+000 8.4194077968618841E-001
4.5208075322001342E+000 1.6594034139527132E+000 8.8757917892881242E+000 8.4750840362511060E-001
3.0356178479729565E+000 1.7708863395009753E+000 9.4720899690478557E+000 8.6421127544187715E-001
1.5132715720543113E+000 1.8360151097575854E+000 9.8204497466820886E+000 8.9204939513648795E-001
4.9807457251311016E-001 1.8499399431524395E+000 9.8949306841527722E+000 9.1803164018479144E-001
8.1512925284952320E-016 1.8499399431524393E+000 9.8949306841527740E+000 9.3287863735525056E-001
9.5042247861762359E+000 5.7090117163869847E-001 3.0536275200589165E+000 9.3287863735525056E-001
9.3505163600926178E+000 6.5835721663337643E-001 3.5214110858636665E+000 9.1803164018479144E-001
8.9656812167615634E+000 8.3231660951817821E-001 4.4518824456631414E+000 8.9204939513648807E-001
8.1612725381792934E+000 1.0795236552705003E+000 5.7741397391540188E+000 8.6421127544187704E-001
7.1301821386651394E+000 1.3059013044230585E+000 6.9849850723213764E+000 8.4750840362511060E-001
5.8998295647268550E+000 1.5012278808866639E+000 8.0297448992737603E+000 8.4194077968618841E-001
4.5147838046422404E+000 1.6571923501100048E+000 8.8639652845722168E+000 8.4750840362511060E-001
3.0315730540382835E+000 1.7685267307874499E+000 9.4594689297819681E+000 8.6421127544187715E-001
1.5112552208590362E+000 1.8335687205373890E+000 9.8073645371595273E+000 8.9204939513648795E-001
4.9741091552108746E-001 1.8474749998571001E+000 9.8817462328747538E+000 9.1803164018479144E-001
8.1512925284952320E-016 1.8474749998570998E+000 9.8817462328747538E+000 9.3287863735525056E-001
9.4915440326256348E+000 5.7013946227026790E-001 3.0495533005525011E+000 9.3287863735525056E-001
9.3380406878309881E+000 6.5747882141438596E-001 3.5167127388511736E+000 9.1803164018479144E-001
8.9537190003282614E+000 8.3120611370828079E-001 4.4459426425335042E+000 8.9204939513648807E-001
8.1503835821577084E+000 1.0780833301800794E+000 5.7664357501758268E+000 8.6421127544187704E-001
7.1206688869791304E+000 1.3041589411082846E+000 6.9756655458739827E+000 8.4750840362511060E-001
5.8919578775157468E+000 1.4992249083971554E+000 8.0190314304288304E+000 8.4194077968618841E-001
4.5087600770843457E+000 1.6549812862672961E+000 8.8521387798563111E+000 8.4750840362511060E-001
3.0275282601036091E+000 1.7661671220739243E+000 9.4468478905160822E+000 8.6421127544187715E-001
1.5092388696637606E+000 1.8311223313171925E+000 9.7942793276369660E+000 8.9204939513648795E-001
4.9674725852906471E-001 1.8450100565617606E+000 9.8685617815967372E+000 9.1803164018479144E-001
8.1512925284952320E-016 1.8450100565617609E+000 9.8685617815967372E+000 9.3287863735525056E-001
9.5295862932774380E+000 1.8701890427847531E-001 3.0963502836369736E+000 9.7559223176554566E-001
9.3754677046158772E+000 2.1566823015126338E-001 3.5706785267333374E+000 9.6006543704162595E-001
8.9896056496281709E+000 2.7265479220872146E-001 4.5141679470721998E+000 9.3289354627476628E-001
8.1830504502224652E+000 3.5363621793222055E-001 5.8549247089389969E+000 9.0378080616741674E-001
7.1492086420371610E+000 4.2779423686941348E-001 7.0827107654128785E+000 8.8631316210300704E-001
5.9155729391490759E+000 4.9178037689052279E-001 8.1420876426733084E+000 8.8049061408153717E-001
4.5268312597580307E+000 5.4287206419044387E-001 8.9879794581180388E+000 8.8631316210300704E-001
3.0396626419076314E+000 5.7934358486196835E-001 9.5918146897040089E+000 9.0378080616741685E-001
1.5152879232495871E+000 6.0065039286905320E-001 9.9445776431105770E+000 9.3289354627476628E-001
4.9873822950513302E-001 6.0520588732266889E-001 1.0020000000000000E+001 9.6006543704162595E-001
9.3960021084604137E-016 6.0520588732266889E-001 1.0020000000000000E+001 9.7559223176554566E-001
9.5169055397268352E+000 1.8677004346107215E-001 3.0922300570453078E+000 9.7559223176554566E-001
9.3629920323542457E+000 2.1538124647840740E-001 3.5659271248348237E+000 9.6006543704162595E-001
8.9776434331948671E+000 2.7229197811396599E-001 4.5081610702297885E+000 9.3289354627476628E-001
8.1721614942008785E+000 3.5316564412259682E-001 5.8471337246290318E+000 9.0378080616741674E-001
7.1396953903511493E+000 4.2722498306120416E-001 7.0732860005886442E+000 8.8631316210300704E-001
5.9077012519379650E+000 4.9112597851808043E-001 8.1312531947123325E+000 8.8049061408153717E-001
4.5208075322001351E+000 5.4214967954082272E-001 8.9760194056122273E+000 8.8631316210300704E-001
3.0356178479729570E+000 5.7857266858138046E-001 9.5790511305693400E+000 9.0378080616741685E-001
1.5132715720543115E+000 5.9985112421586750E-001 9.9313446721949301E+000 9.3289354627476628E-001
4.9807457251311033E-001 6.0440055680061622E-001 1.0006666666666666E+001 9.6006543704162595E-001
9.3960021084604137E-016 6.0440055680061622E-001 1.0006666666666666E+001 9.7559223176554566E-001
9.5042247861762359E+000 1.8652118264366901E-001 3.0881098304536421E+000 9.7559223176554566E-001
9.3505163600926178E+000 2.1509426280555147E-001 3.5611757229363099E+000 9.6006543704162595E-001
8.9656812167615652E+000 2.7192916401921058E-001 4.5021541933873772E+000 9.3289354627476628E-001
8.1612725381792934E+000 3.5269507031297315E-001 5.8393427403190659E+000 9.0378080616741674E-001
7.1301821386651403E+000 4.2665572925299472E-001 7.0638612357644091E+000 8.8631316210300704E-001
5.8998295647268550E+000 4.9047158014563796E-001 8.1204187467513584E+000 8.8049061408153717E-001
4.5147838046422404E+000 5.4142729489120145E-001 8.9640593531064159E+000 8.8631316210300704E-001
3.0315730540382826E+000 5.7780175230079234E-001 9.5662875714346711E+000 9.0378080616741685E-001
1.5112552208590362E+000 5.9905185556268170E-001 9.9181117012792797E+000 9.3289354627476628E-001
4.9741091552108757E-001 6.0359522627856332E-001 9.9933333333333323E+000 9.6006543704162595E-001
9.3960021084604137E-016 6.0359522627856343E-001 9.9933333333333323E+000 9.7559223176554566E-001
9.4915440326256348E+000 1.8627232182626585E-001 3.0839896038619772E+000 9.7559223176554566E-001
9.3380406878309881E+000 2.1480727913269551E-001 3.5564243210377966E+000 9.6006543704162595E-001
8.9537190003282632E+000 2.7156634992445516E-001 4.4961473165449668E+000 9.3289354627476628E-001
8.1503835821577102E+000 3.5222449650334942E-001 5.8315517560091026E+000 9.0378080616741674E-001
7.1206688869791304E+000 4.2608647544478523E-001 7.0544364709401739E+000 8.8631316210300704E-001
5.8919578775157460E+000 4.8981718177319550E-001 8.1095842987903826E+000 8.8049061408153717E-001
4.5087600770843466E+000 5.4070491024157996E-001 8.9520993006006027E+000 8.8631316210300704E-001
3.0275282601036091E+000 5.7703083602020422E-001 9.5535240123000023E+000 9.0378080616741685E-001
1.5092388696637611E+000 5.9825258690949623E-001 9.9048787303636328E+000 9.3289354627476628E-001
4.9674725852906476E-001 6.0278989575651065E-001 9.9800000000000022E+000 9.6006543704162595E-001
9.3960021084604137E-016 6.0278989575651076E-001 9.9800000000000004E+000 9.7559223176554566E-001
9.5295862932774380E+000 2.0000000000000002E-015 3.0963502836369741E+000 1.0000000000000000E+000
9.3754677046158790E+000 2.0323452842376338E-015 3.5706785267333383E+000 9.8408474953124558E-001
8.9896056496281727E+000 2.1024337561815490E-015 4.5141679470722007E+000 9.5623306121092533E-001
8.1830504502224652E+000 2.2207572397860821E-015 5.8549247089389977E+000 9.2639196658201084E-001
7.1492086420371601E+000 2.3505189820712103E-015 7.0827107654128785E+000 9.0848730980466219E-001
5.9155729391490741E+000 2.4872511721393866E-015 8.1420876426733084E+000 9.0251909087887938E-001
4.5268312597580298E+000 2.6257016921673517E-015 8.9879794581180388E+000 9.0848730980466219E-001
3.0396626419076309E+000 2.7604855816075092E-015 9.5918146897040089E+000 9.2639196658201084E-001
1.5152879232495875E+000 2.8867613750679297E-015 9.9445776431105788E+000 9.5623306121092533E-001
4.9873822950513319E-001 2.9638368728465492E-015 1.0020000000000000E+001 9.8408474953124558E-001
1.0000000000000001E-015 2.9999999999999998E-015 1.0020000000000000E+001 1.0000000000000000E+000
9.5169055397268369E+000 2.0000000000000002E-015 3.0922300570453078E+000 1.0000000000000000E+000
9.3629920323542510E+000 2.0323452842376338E-015 3.5659271248348237E+000 9.8408474953124558E-001
8.9776434331948671E+000 2.1024337561815490E-015 4.5081610702297885E+000 9.5623306121092533E-001
8.1721614942008785E+000 2.2207572397860821E-015 5.8471337246290327E+000 9.2639196658201084E-001
7.1396953903511484E+000 2.3505189820712103E-015 7.0732860005886442E+000 9.0848730980466219E-001
5.9077012519379641E+000 2.4872511721393866E-015 8.1312531947123325E+000 9.0251909087887938E-001
4.5208075322001351E+000 2.6257016921673517E-015 8.9760194056122256E+000 9.0848730980466219E-001
3.0356178479729574E+000 2.7604855816075092E-015 9.5790511305693418E+000 9.2639196658201084E-001
1.5132715720543120E+000 2.8867613750679297E-015 9.9313446721949301E+000 9.5623306121092533E-001
4.9807457251311044E-001 2.9638368728465492E-015 1.0006666666666668E+001 9.8408474953124558E-001
1.0000000000000001E-015 2.9999999999999998E-015 1.0006666666666668E+001 1.0000000000000000E+000
9.5042247861762359E+000 2.0000000000000002E-015 3.0881098304536425E+000 1.0000000000000000E+000
9.3505163600926178E+000 2.0323452842376338E-015 3.5611757229363104E+000 9.8408474953124558E-001
8.9656812167615652E+000 2.1024337561815490E-015 4.5021541933873781E+000 9.5623306121092533E-001
8.1612725381792952E+000 2.2207572397860821E-015 5.8393427403190667E+000 9.2639196658201084E-001
7.1301821386651394E+000 2.3505189820712103E-015 7.0638612357644082E+000 9.0848730980466219E-001
5.8998295647268542E+000 2.4872511721393866E-015 8.1204187467513567E+000 9.0251909087887938E-001
4.5147838046422395E+000 2.6257016921673517E-015 8.9640593531064141E+000 9.0848730980466219E-001
3.0315730540382830E+000 2.7604855816075092E-015 9.5662875714346729E+000 9.2639196658201084E-001
1.5112552208590362E+000 2.8867613750679297E-015 9.9181117012792814E+000 9.5623306121092533E-001
4.9741091552108768E-001 2.9638368728465492E-015 9.9933333333333341E+000 9.8408474953124558E-001
1.0000000000000001E-015 2.9999999999999998E-015 9.9933333333333341E+000 1.0000000000000000E+000
9.4915440326256348E+000 2.0000000000000002E-015 3.0839896038619772E+000 1.0000000000000000E+000
9.3380406878309898E+000 2.0323452842376338E-015 3.5564243210377970E+000 9.8408474953124558E-001
8.9537190003282632E+000 2.1024337561815490E-015 4.4961473165449668E+000 9.5623306121092533E-001
8.1503835821577084E+000 2.2207572397860821E-015 5.8315517560091026E+000 9.2639196658201084E-001
7.1206688869791304E+000 2.3505189820712103E-015 7.0544364709401721E+000 9.0848730980466219E-001
5.8919578775157460E+000 2.4872511721393866E-015 8.1095842987903808E+000 9.0251909087887938E-001
4.5087600770843466E+000 2.6257016921673517E-015 8.9520993006006027E+000 9.0848730980466219E-001
3.0275282601036095E+000 2.7604855816075092E-015 9.5535240123000040E+000 9.2639196658201084E-001
1.5092388696637611E+000 2.8867613750679297E-015 9.9048787303636328E+000 9.5623306121092533E-001
4.9674725852906493E-001 2.9638368728465492E-015 9.9800000000000022E+000 9.8408474953124558E-001
1.0000000000000001E-015 2.9999999999999998E-015 9.9800000000000022E+000 1.0000000000000000E+000
 --------------------------------------------------------
*material
5
6.825e7, 0.30, 1.0, 1.0, 1e15
!Young Modulus, Poisson coef, thickness (set to 1.0 if not used), density, Yield Stress
*bcdof
99
1	,	1
2	,	1
3	,	1
4	,	1
5	,	1
6	,	1
7	,	1
8	,	1
9	,	1
10	,	1
11	,	1
11	,	2
22	,	2
33	,	2
44	,	2
55	,	2
66	,	2
77	,	2
88	,	2
99	,	2
110	,	2
121	,	2
132	,	2
143	,	2
154	,	2
165	,	2
176	,	2
187	,	2
198	,	2
209	,	2
220	,	2
231	,	2
242	,	2
253	,	2
264	,	2
275	,	2
286	,	2
297	,	2
308	,	2
319	,	2
330	,	2
341	,	2
352	,	2
363	,	2
374	,	2
385	,	2
396	,	2
407	,	2
418	,	2
429	,	2
440	,	2
451	,	2
462	,	2
473	,	2
484	,	2
1	,	3
12	,	3
23	,	3
34	,	3
45	,	3
56	,	3
67	,	3
78	,	3
89	,	3
100	,	3
111	,	3
122	,	3
133	,	3
144	,	3
155	,	3
166	,	3
177	,	3
188	,	3
199	,	3
210	,	3
221	,	3
232	,	3
243	,	3
254	,	3
265	,	3
276	,	3
287	,	3
298	,	3
309	,	3
320	,	3
331	,	3
342	,	3
353	,	3
364	,	3
375	,	3
386	,	3
397	,	3
408	,	3
419	,	3
430	,	3
441	,	3
452	,	3
463	,	3
474	,	3
*loaddof
2
474, 2,  1.0
484, 3, -1.0
*end