!---------------------------------------------------------------------------
!
! Timoshenko Straight Cantilever
!
!---------------------------------------------------------------------------
*begin
3           !problem dimension
2, 2, 2     !degree of each dimension
3, 10, 3     !control points in each direction
0, 0, 0     !open(0) or closed(1) knot vector
--------------------------------------------------------
*knots    !knot spans
0.0, 0.0, 0.0, 1.0, 1.0, 1.0
0.0, 0.0, 0.0, 0.125, 0.25, 0.375, 0.5, 0.625, 0.75, 0.875, 1.0, 1.0, 1.0
0.0, 0.0, 0.0, 1.0, 1.0, 1.0
--------------------------------------------------------
*element
Hex27ANS
*bnet     !nurbs control points
0.00000000	0.00000000	0.00000000	1.00000000
0.00000000	0.00000000	0.05000000	1.00000000
0.00000000	0.00000000	0.10000000	1.00000000
0.00000000	0.62500000	0.00000000	1.00000000
0.00000000	0.62500000	0.05000000	1.00000000
0.00000000	0.62500000	0.10000000	1.00000000
0.00000000	1.87500000	0.00000000	1.00000000
0.00000000	1.87500000	0.05000000	1.00000000
0.00000000	1.87500000	0.10000000	1.00000000
0.00000000	3.12500000	0.00000000	1.00000000
0.00000000	3.12500000	0.05000000	1.00000000
0.00000000	3.12500000	0.10000000	1.00000000
0.00000000	4.37500000	0.00000000	1.00000000
0.00000000	4.37500000	0.05000000	1.00000000
0.00000000	4.37500000	0.10000000	1.00000000
0.00000000	5.62500000	0.00000000	1.00000000
0.00000000	5.62500000	0.05000000	1.00000000
0.00000000	5.62500000	0.10000000	1.00000000
0.00000000	6.87500000	0.00000000	1.00000000
0.00000000	6.87500000	0.05000000	1.00000000
0.00000000	6.87500000	0.10000000	1.00000000
0.00000000	8.12500000	0.00000000	1.00000000
0.00000000	8.12500000	0.05000000	1.00000000
0.00000000	8.12500000	0.10000000	1.00000000
0.00000000	9.37500000	0.00000000	1.00000000
0.00000000	9.37500000	0.05000000	1.00000000
0.00000000	9.37500000	0.10000000	1.00000000
0.00000000	10.00000000	0.00000000	1.00000000
0.00000000	10.00000000	0.05000000	1.00000000
0.00000000	10.00000000	0.10000000	1.00000000
0.50000000	0.00000000	0.00000000	1.00000000
0.50000000	0.00000000	0.05000000	1.00000000
0.50000000	0.00000000	0.10000000	1.00000000
0.50000000	0.62500000	0.00000000	1.00000000
0.50000000	0.62500000	0.05000000	1.00000000
0.50000000	0.62500000	0.10000000	1.00000000
0.50000000	1.87500000	0.00000000	1.00000000
0.50000000	1.87500000	0.05000000	1.00000000
0.50000000	1.87500000	0.10000000	1.00000000
0.50000000	3.12500000	0.00000000	1.00000000
0.50000000	3.12500000	0.05000000	1.00000000
0.50000000	3.12500000	0.10000000	1.00000000
0.50000000	4.37500000	0.00000000	1.00000000
0.50000000	4.37500000	0.05000000	1.00000000
0.50000000	4.37500000	0.10000000	1.00000000
0.50000000	5.62500000	0.00000000	1.00000000
0.50000000	5.62500000	0.05000000	1.00000000
0.50000000	5.62500000	0.10000000	1.00000000
0.50000000	6.87500000	0.00000000	1.00000000
0.50000000	6.87500000	0.05000000	1.00000000
0.50000000	6.87500000	0.10000000	1.00000000
0.50000000	8.12500000	0.00000000	1.00000000
0.50000000	8.12500000	0.05000000	1.00000000
0.50000000	8.12500000	0.10000000	1.00000000
0.50000000	9.37500000	0.00000000	1.00000000
0.50000000	9.37500000	0.05000000	1.00000000
0.50000000	9.37500000	0.10000000	1.00000000
0.50000000	10.00000000	0.00000000	1.00000000
0.50000000	10.00000000	0.05000000	1.00000000
0.50000000	10.00000000	0.10000000	1.00000000
1.00000000	0.00000000	0.00000000	1.00000000
1.00000000	0.00000000	0.05000000	1.00000000
1.00000000	0.00000000	0.10000000	1.00000000
1.00000000	0.62500000	0.00000000	1.00000000
1.00000000	0.62500000	0.05000000	1.00000000
1.00000000	0.62500000	0.10000000	1.00000000
1.00000000	1.87500000	0.00000000	1.00000000
1.00000000	1.87500000	0.05000000	1.00000000
1.00000000	1.87500000	0.10000000	1.00000000
1.00000000	3.12500000	0.00000000	1.00000000
1.00000000	3.12500000	0.05000000	1.00000000
1.00000000	3.12500000	0.10000000	1.00000000
1.00000000	4.37500000	0.00000000	1.00000000
1.00000000	4.37500000	0.05000000	1.00000000
1.00000000	4.37500000	0.10000000	1.00000000
1.00000000	5.62500000	0.00000000	1.00000000
1.00000000	5.62500000	0.05000000	1.00000000
1.00000000	5.62500000	0.10000000	1.00000000
1.00000000	6.87500000	0.00000000	1.00000000
1.00000000	6.87500000	0.05000000	1.00000000
1.00000000	6.87500000	0.10000000	1.00000000
1.00000000	8.12500000	0.00000000	1.00000000
1.00000000	8.12500000	0.05000000	1.00000000
1.00000000	8.12500000	0.10000000	1.00000000
1.00000000	9.37500000	0.00000000	1.00000000
1.00000000	9.37500000	0.05000000	1.00000000
1.00000000	9.37500000	0.10000000	1.00000000
1.00000000	10.00000000	0.00000000	1.00000000
1.00000000	10.00000000	0.05000000	1.00000000
1.00000000	10.00000000	0.10000000	1.00000000
 --------------------------------------------------------
*material
5
1000.0, 0.0, 1.0, 0.0, 1.0e25
!Young Modulus, Poisson coef, thickness (set to 1.0 if not used), density, Yield Stress
*bcdof
27
1	,	1
2	,	1
3	,	1
31	,	1
32	,	1
33	,	1
61	,	1
62	,	1
63	,	1
1	,	2
2	,	2
3	,	2
31	,	2
32	,	2
33	,	2
61	,	2
62	,	2
63	,	2
1	,	3
2	,	3
3	,	3
31	,	3
32	,	3
33	,	3
61	,	3
62	,	3
63	,	3
--------------------------------------------------------
*loaddof       !load vector
3
88, 3, -0.25e-3
89, 3, -0.50e-3
90, 3, -0.25e-3
*end