!---------------------------------------------------------------------------
!
! Timoshenko Straight Cantilever
!
!---------------------------------------------------------------------------
*begin
3           !problem dimension
2, 2, 2     !degree of each dimension
3, 6, 3     !control points in each direction
0, 0, 0     !open(0) or closed(1) knot vector
--------------------------------------------------------
*knots    !knot spans
0.0, 0.0, 0.0, 1.0, 1.0, 1.0
0.0, 0.0, 0.0, 0.25, 0.5, 0.75, 1.0, 1.0, 1.0
0.0, 0.0, 0.0, 1.0, 1.0, 1.0
--------------------------------------------------------
*element
Hex27ANS
*bnet     !nurbs control points
0.0000000000000000E+000 0.0000000000000000E+000 0.0000000000000000E+000 1.0000000000000000E+000
0.0000000000000000E+000 0.0000000000000000E+000 5.0000000000000000E-001 1.0000000000000000E+000
0.0000000000000000E+000 0.0000000000000000E+000 1.0000000000000000E+000 1.0000000000000000E+000
0.0000000000000000E+000 1.2500000000000000E+000 0.0000000000000000E+000 1.0000000000000000E+000
0.0000000000000000E+000 1.2500000000000000E+000 5.0000000000000000E-001 1.0000000000000000E+000
0.0000000000000000E+000 1.2500000000000000E+000 1.0000000000000000E+000 1.0000000000000000E+000
0.0000000000000000E+000 3.7500000000000000E+000 0.0000000000000000E+000 1.0000000000000000E+000
0.0000000000000000E+000 3.7500000000000000E+000 5.0000000000000000E-001 1.0000000000000000E+000
0.0000000000000000E+000 3.7500000000000000E+000 1.0000000000000000E+000 1.0000000000000000E+000
0.0000000000000000E+000 6.2500000000000000E+000 0.0000000000000000E+000 1.0000000000000000E+000
0.0000000000000000E+000 6.2500000000000000E+000 5.0000000000000000E-001 1.0000000000000000E+000
0.0000000000000000E+000 6.2500000000000000E+000 1.0000000000000000E+000 1.0000000000000000E+000
0.0000000000000000E+000 8.7500000000000000E+000 0.0000000000000000E+000 1.0000000000000000E+000
0.0000000000000000E+000 8.7500000000000000E+000 5.0000000000000000E-001 1.0000000000000000E+000
0.0000000000000000E+000 8.7500000000000000E+000 1.0000000000000000E+000 1.0000000000000000E+000
0.0000000000000000E+000 1.0000000000000000E+001 0.0000000000000000E+000 1.0000000000000000E+000
0.0000000000000000E+000 1.0000000000000000E+001 5.0000000000000000E-001 1.0000000000000000E+000
0.0000000000000000E+000 1.0000000000000000E+001 1.0000000000000000E+000 1.0000000000000000E+000
5.0000000000000000E-001 0.0000000000000000E+000 0.0000000000000000E+000 1.0000000000000000E+000
5.0000000000000000E-001 0.0000000000000000E+000 5.0000000000000000E-001 1.0000000000000000E+000
5.0000000000000000E-001 0.0000000000000000E+000 1.0000000000000000E+000 1.0000000000000000E+000
5.0000000000000000E-001 1.2500000000000000E+000 0.0000000000000000E+000 1.0000000000000000E+000
5.0000000000000000E-001 1.2500000000000000E+000 5.0000000000000000E-001 1.0000000000000000E+000
5.0000000000000000E-001 1.2500000000000000E+000 1.0000000000000000E+000 1.0000000000000000E+000
5.0000000000000000E-001 3.7500000000000000E+000 0.0000000000000000E+000 1.0000000000000000E+000
5.0000000000000000E-001 3.7500000000000000E+000 5.0000000000000000E-001 1.0000000000000000E+000
5.0000000000000000E-001 3.7500000000000000E+000 1.0000000000000000E+000 1.0000000000000000E+000
5.0000000000000000E-001 6.2500000000000000E+000 0.0000000000000000E+000 1.0000000000000000E+000
5.0000000000000000E-001 6.2500000000000000E+000 5.0000000000000000E-001 1.0000000000000000E+000
5.0000000000000000E-001 6.2500000000000000E+000 1.0000000000000000E+000 1.0000000000000000E+000
5.0000000000000000E-001 8.7500000000000000E+000 0.0000000000000000E+000 1.0000000000000000E+000
5.0000000000000000E-001 8.7500000000000000E+000 5.0000000000000000E-001 1.0000000000000000E+000
5.0000000000000000E-001 8.7500000000000000E+000 1.0000000000000000E+000 1.0000000000000000E+000
5.0000000000000000E-001 1.0000000000000000E+001 0.0000000000000000E+000 1.0000000000000000E+000
5.0000000000000000E-001 1.0000000000000000E+001 5.0000000000000000E-001 1.0000000000000000E+000
5.0000000000000000E-001 1.0000000000000000E+001 1.0000000000000000E+000 1.0000000000000000E+000
1.0000000000000000E+000 0.0000000000000000E+000 0.0000000000000000E+000 1.0000000000000000E+000
1.0000000000000000E+000 0.0000000000000000E+000 5.0000000000000000E-001 1.0000000000000000E+000
1.0000000000000000E+000 0.0000000000000000E+000 1.0000000000000000E+000 1.0000000000000000E+000
1.0000000000000000E+000 1.2500000000000000E+000 0.0000000000000000E+000 1.0000000000000000E+000
1.0000000000000000E+000 1.2500000000000000E+000 5.0000000000000000E-001 1.0000000000000000E+000
1.0000000000000000E+000 1.2500000000000000E+000 1.0000000000000000E+000 1.0000000000000000E+000
1.0000000000000000E+000 3.7500000000000000E+000 0.0000000000000000E+000 1.0000000000000000E+000
1.0000000000000000E+000 3.7500000000000000E+000 5.0000000000000000E-001 1.0000000000000000E+000
1.0000000000000000E+000 3.7500000000000000E+000 1.0000000000000000E+000 1.0000000000000000E+000
1.0000000000000000E+000 6.2500000000000000E+000 0.0000000000000000E+000 1.0000000000000000E+000
1.0000000000000000E+000 6.2500000000000000E+000 5.0000000000000000E-001 1.0000000000000000E+000
1.0000000000000000E+000 6.2500000000000000E+000 1.0000000000000000E+000 1.0000000000000000E+000
1.0000000000000000E+000 8.7500000000000000E+000 0.0000000000000000E+000 1.0000000000000000E+000
1.0000000000000000E+000 8.7500000000000000E+000 5.0000000000000000E-001 1.0000000000000000E+000
1.0000000000000000E+000 8.7500000000000000E+000 1.0000000000000000E+000 1.0000000000000000E+000
1.0000000000000000E+000 1.0000000000000000E+001 0.0000000000000000E+000 1.0000000000000000E+000
1.0000000000000000E+000 1.0000000000000000E+001 5.0000000000000000E-001 1.0000000000000000E+000
1.0000000000000000E+000 1.0000000000000000E+001 1.0000000000000000E+000 1.0000000000000000E+000
 --------------------------------------------------------
*material
5
1000.0, 0.0, 1.0, 0.0, 1.0e25
!Young Modulus, Poisson coef, thickness (set to 1.0 if not used), density, Yield Stress
*bcdof
27
1	,	1
2	,	1
3	,	1
19	,	1
20	,	1
21	,	1
37	,	1
38	,	1
39	,	1
1	,	2
2	,	2
3	,	2
19	,	2
20	,	2
21	,	2
37	,	2
38	,	2
39	,	2
1	,	3
2	,	3
3	,	3
19	,	3
20	,	3
21	,	3
37	,	3
38	,	3
39	,	3
--------------------------------------------------------
*loaddof       !load vector
3
52, 3, -0.25
53, 3, -0.50
54, 3, -0.25
*end