1818,
  -0.790987984380405E+01,   0.450483901932987E-01,
  -0.791000304005184E+01,   0.199878748495252E+00,
  -0.791009787815659E+01,   0.354743096898368E+00,
  -0.760017138074067E+01,   0.449683321283627E-01,
  -0.760070027414237E+01,   0.199578009225168E+00,
  -0.760113613060401E+01,   0.354306010896334E+00,
  -0.729044541687829E+01,   0.449360790673804E-01,
  -0.729135263980921E+01,   0.199456884230644E+00,
  -0.729215291984010E+01,   0.354130042684625E+00,
  -0.711018228375893E+01,   0.449367808946747E-01,
  -0.711130168744403E+01,   0.199459637933253E+00,
  -0.711232592410204E+01,   0.354134290632981E+00,
  -0.680046591653754E+01,   0.449328081963978E-01,
  -0.680200621632939E+01,   0.199446329618116E+00,
  -0.680345229649100E+01,   0.354118333836923E+00,
  -0.649077918248983E+01,   0.449167834160121E-01,
  -0.649282156001592E+01,   0.199389712256309E+00,
  -0.649473867055137E+01,   0.354043550702658E+00,
  -0.631055829963030E+01,   0.449019504540268E-01,
  -0.631292999913332E+01,   0.199336466594913E+00,
  -0.631514475040942E+01,   0.353971351218616E+00,
  -0.600091314695102E+01,   0.448676339532887E-01,
  -0.600391061379273E+01,   0.199204652715562E+00,
  -0.600669033368455E+01,   0.353773691514913E+00,
  -0.569129092956870E+01,   0.448222445678769E-01,
  -0.569498935440036E+01,   0.199021082086067E+00,
  -0.569840361571038E+01,   0.353479513735011E+00,
  -0.551110492219172E+01,   0.447902085702782E-01,
  -0.551524607993956E+01,   0.198888209104730E+00,
  -0.551906141865562E+01,   0.353260140710357E+00,
  -0.520152136621747E+01,   0.447175408511521E-01,
  -0.520648559255298E+01,   0.198581458676122E+00,
  -0.521104093099153E+01,   0.352743535875053E+00,
  -0.489196375191137E+01,   0.446214598913448E-01,
  -0.489783023223222E+01,   0.198170737230783E+00,
  -0.490318932128786E+01,   0.352042249853733E+00,
  -0.471181596134869E+01,   0.445543715193189E-01,
  -0.471824201710649E+01,   0.197881790161107E+00,
  -0.472409657944958E+01,   0.351544906474551E+00,
  -0.440228746416328E+01,   0.444139268930140E-01,
  -0.440970406497783E+01,   0.197268313112660E+00,
  -0.441643243551294E+01,   0.350473276024852E+00,
  -0.409276983608727E+01,   0.442408095682682E-01,
  -0.410120941690356E+01,   0.196502477085921E+00,
  -0.410883641372041E+01,   0.349118125715044E+00,
  -0.391263737007362E+01,   0.441247214127790E-01,
  -0.392168198155367E+01,   0.195985029521252E+00,
  -0.392983874113843E+01,   0.348195564380363E+00,
  -0.360310617621436E+01,   0.438944064444735E-01,
  -0.361312673932810E+01,   0.194948251804781E+00,
  -0.362213446217326E+01,   0.346329105725430E+00,
  -0.329354696295690E+01,   0.436244531190115E-01,
  -0.330445158802088E+01,   0.193721300081491E+00,
  -0.331422519894968E+01,   0.344099754878105E+00,
  -0.311337143490996E+01,   0.434495182499050E-01,
  -0.312474001061964E+01,   0.192921408605404E+00,
  -0.313491299729666E+01,   0.342638044690813E+00,
  -0.280371924444539E+01,   0.431247505672374E-01,
  -0.281567215582332E+01,   0.191425875909003E+00,
  -0.282634196146878E+01,   0.339887000564291E+00,
  -0.249397752867657E+01,   0.427703232115146E-01,
  -0.250622774203644E+01,   0.189780968726330E+00,
  -0.251713927620944E+01,   0.336839307618171E+00,
  -0.231366794976689E+01,   0.425517815163855E-01,
  -0.232595232362080E+01,   0.188761494590894E+00,
  -0.233688127399398E+01,   0.334941571934130E+00,
  -0.200374488190233E+01,   0.421763066155651E-01,
  -0.201574674059788E+01,   0.187003734651122E+00,
  -0.202640483398227E+01,   0.331659049706316E+00,
  -0.169368206833253E+01,   0.418038824209085E-01,
  -0.170495542253520E+01,   0.185252677201275E+00,
  -0.171494972267930E+01,   0.328376297752276E+00,
  -0.151316522140744E+01,   0.415905635134698E-01,
  -0.152381121739555E+01,   0.184246546889440E+00,
  -0.153324004604397E+01,   0.326484802957560E+00,
  -0.120289254162445E+01,   0.412607684562993E-01,
  -0.121214062409363E+01,   0.182690678973548E+00,
  -0.122031649012058E+01,   0.323559197907682E+00,
  -0.892494288095301E+00,   0.409818157860884E-01,
  -0.899944158486239E+00,   0.181374873300739E+00,
  -0.906515151726030E+00,   0.321085338905962E+00,
  -0.711791299071577E+00,   0.408439927545002E-01,
  -0.718020411716846E+00,   0.180724965611285E+00,
  -0.723504224773923E+00,   0.319863769296338E+00,
  -0.401253354793933E+00,   0.406663784673781E-01,
  -0.405238917243572E+00,   0.179889147567290E+00,
  -0.408726288762230E+00,   0.318295643786970E+00,
  -0.906643828353353E-01,   0.405660369567474E-01,
  -0.922436832278885E-01,   0.179420082700449E+00,
  -0.935914898727900E-01,   0.317420828928389E+00,
   0.901148362299774E-01,   0.405432635462002E-01,
   0.899993575494071E-01,   0.179316068112225E+00,
   0.899525153972781E-01,   0.317230955726735E+00,
   0.400717185318390E+00,   0.405661328347626E-01,
   0.403050519572036E+00,   0.179429839468906E+00,
   0.405180495676154E+00,   0.317454702739985E+00,
   0.711285418513075E+00,   0.406674963049835E-01,
   0.715958647993409E+00,   0.179913697489035E+00,
   0.720169415913429E+00,   0.318373975488834E+00,
   0.892014172810258E+00,   0.407616920031799E-01,
   0.897990109305873E+00,   0.180361190125275E+00,
   0.903359793035410E+00,   0.319220612209215E+00,
   0.120247604796452E+01,   0.409698294706668E-01,
   0.121045244424473E+01,   0.181346884439221E+00,
   0.121760386109521E+01,   0.321080369086805E+00,
   0.151283757784075E+01,   0.412344597939347E-01,
   0.152249422667721E+01,   0.182596929277766E+00,
   0.153114532370367E+01,   0.323433589772585E+00,
   0.169341718272754E+01,   0.414129994157052E-01,
   0.170390056640188E+01,   0.183439038411094E+00,
   0.171329127427463E+01,   0.325016758430029E+00,
   0.200359818829940E+01,   0.417393736808272E-01,
   0.201518527386712E+01,   0.184974696340011E+00,
   0.202556699629451E+01,   0.327897566167595E+00,
   0.231365131465965E+01,   0.420873137187121E-01,
   0.232593341591146E+01,   0.186607084774453E+00,
   0.233694513480026E+01,   0.330951902201187E+00,
   0.249404081533822E+01,   0.422982232327677E-01,
   0.250654209042288E+01,   0.187594380383156E+00,
   0.251775670457535E+01,   0.332795518106992E+00,
   0.280390831611018E+01,   0.426519662913605E-01,
   0.281651077514657E+01,   0.189244044485812E+00,
   0.282782982551627E+01,   0.335865481741736E+00,
   0.311366902240092E+01,   0.429914799380426E-01,
   0.312603061089046E+01,   0.190818818524734E+00,
   0.313715068582016E+01,   0.338781673984155E+00,
   0.329389934284274E+01,   0.431817160423801E-01,
   0.330597022639599E+01,   0.191697149538082E+00,
   0.331684085918143E+01,   0.340401314884416E+00,
   0.360353204117470E+01,   0.434836504128080E-01,
   0.361495065560883E+01,   0.193084428723029E+00,
   0.362525506594630E+01,   0.342947912656222E+00,
   0.391310970231004E+01,   0.437523052950345E-01,
   0.392369799914072E+01,   0.194309561094558E+00,
   0.393327531349739E+01,   0.345181028894364E+00,
   0.409325706827442E+01,   0.438932905064409E-01,
   0.410328638765291E+01,   0.194947869034854E+00,
   0.411237201357304E+01,   0.346336532962499E+00,
   0.440278391730983E+01,   0.441083871119340E-01,
   0.441181750540939E+01,   0.195915343312379E+00,
   0.442002487685901E+01,   0.348076834230572E+00,
   0.471230156529086E+01,   0.442890531517602E-01,
   0.472030834943737E+01,   0.196719224956713E+00,
   0.472760724064388E+01,   0.349507584884796E+00,
   0.489243432243785E+01,   0.443786048530650E-01,
   0.489983278933672E+01,   0.197113269904522E+00,
   0.490659198970488E+01,   0.350201087535623E+00,
   0.520195905164987E+01,   0.445095882379915E-01,
   0.520834835818485E+01,   0.197686459866798E+00,
   0.521420635624316E+01,   0.351204219523262E+00,
   0.551150193423065E+01,   0.446121918174389E-01,
   0.551693545865491E+01,   0.198131594799721E+00,
   0.552193168116752E+01,   0.351976293189669E+00,
   0.569166093103056E+01,   0.446594408636293E-01,
   0.569656347561985E+01,   0.198334220496884E+00,
   0.570107746090927E+01,   0.352323460010463E+00,
   0.600123475419546E+01,   0.447283488840990E-01,
   0.600527907675419E+01,   0.198623708603817E+00,
   0.600901526483180E+01,   0.352808397573584E+00,
   0.631082954004882E+01,   0.447830377271707E-01,
   0.631408560083818E+01,   0.198844478139178E+00,
   0.631711073298438E+01,   0.353161386987100E+00,
   0.649102054848360E+01,   0.448081856090628E-01,
   0.649385109819448E+01,   0.198941571000841E+00,
   0.649649243014713E+01,   0.353307999469599E+00,
   0.680066027038262E+01,   0.448378648489189E-01,
   0.680283270767349E+01,   0.199058150359895E+00,
   0.680485552947826E+01,   0.353488097993041E+00,
   0.711033583915201E+01,   0.448501453410974E-01,
   0.711194474265266E+01,   0.199111727800606E+00,
   0.711339931231232E+01,   0.353581570578304E+00,
   0.729057718779905E+01,   0.448529922972152E-01,
   0.729189510522188E+01,   0.199127685832039E+00,
   0.729304080420446E+01,   0.353615794679057E+00,
   0.760025535589174E+01,   0.449070481141227E-01,
   0.760103689948100E+01,   0.199339029649784E+00,
   0.760166974404767E+01,   0.353940314202848E+00,
   0.790990096326013E+01,   0.450313163549556E-01,
   0.791008589085541E+01,   0.199812828589728E+00,
   0.791022565855075E+01,   0.354643556453737E+00,
  -0.791014087389665E+01,   0.444887522542808E+00,
  -0.791020683606739E+01,   0.599795309958803E+00,
  -0.791026465051937E+01,   0.754724024236642E+00,
  -0.760134920403860E+01,   0.444408762374335E+00,
  -0.760167971397816E+01,   0.599292223063189E+00,
  -0.760197007847924E+01,   0.754253895345460E+00,
  -0.729257065390928E+01,   0.444216566157228E+00,
  -0.729322437851338E+01,   0.599099484096220E+00,
  -0.729379976604872E+01,   0.754095233266773E+00,
  -0.711287786998950E+01,   0.444221900863668E+00,
  -0.711374523251550E+01,   0.599114283164238E+00,
  -0.711450943686889E+01,   0.754130130396437E+00,
  -0.680424831835583E+01,   0.444207872820453E+00,
  -0.680550411699487E+01,   0.599115503840078E+00,
  -0.680661357539313E+01,   0.754162538857136E+00,
  -0.649579401556654E+01,   0.444132526621439E+00,
  -0.649746203842446E+01,   0.599051586453310E+00,
  -0.649894042381582E+01,   0.754125037876180E+00,
  -0.631635898341500E+01,   0.444057788548736E+00,
  -0.631827917660394E+01,   0.598979980330483E+00,
  -0.631998392844406E+01,   0.754065026353043E+00,
  -0.600820567982372E+01,   0.443835749670313E+00,
  -0.601060019551644E+01,   0.598730427443978E+00,
  -0.601272547092456E+01,   0.753804768189004E+00,
  -0.570025766001821E+01,   0.443489575459812E+00,
  -0.570318121670903E+01,   0.598311326396892E+00,
  -0.570576857274576E+01,   0.753332802846632E+00,
  -0.552112957971808E+01,   0.443226401767221E+00,
  -0.552438589160127E+01,   0.597983238498498E+00,
  -0.552726128325435E+01,   0.752952753295067E+00,
  -0.521350156819129E+01,   0.442598683843955E+00,
  -0.521736731144873E+01,   0.597181498125598E+00,
  -0.522077013473876E+01,   0.751998062054115E+00,
  -0.490607283738514E+01,   0.441739164857491E+00,
  -0.491059492555836E+01,   0.596065561272055E+00,
  -0.491456624221987E+01,   0.750644800764705E+00,
  -0.472723939198074E+01,   0.441126588932048E+00,
  -0.473216387515940E+01,   0.595263165882271E+00,
  -0.473648401649133E+01,   0.749662608952958E+00,
  -0.442003108537969E+01,   0.439795072606614E+00,
  -0.442566395229156E+01,   0.593495255285155E+00,
  -0.443060007943031E+01,   0.747470933637576E+00,
  -0.411290216525403E+01,   0.438098643499261E+00,
  -0.411926229146333E+01,   0.591217295506007E+00,
  -0.412483338410121E+01,   0.744617879053293E+00,
  -0.393417910177233E+01,   0.436938757417270E+00,
  -0.394096752834404E+01,   0.589649631126488E+00,
  -0.394691391728372E+01,   0.742642822157792E+00,
  -0.362691445042169E+01,   0.434579183576476E+00,
  -0.363439188396945E+01,   0.586431835862018E+00,
  -0.364094751804231E+01,   0.738553941883066E+00,
  -0.331939881692240E+01,   0.431746154139032E+00,
  -0.332749802209712E+01,   0.582535920271158E+00,
  -0.333461140511722E+01,   0.733564071264634E+00,
  -0.314029080525099E+01,   0.429882731539748E+00,
  -0.314871496880821E+01,   0.579960363336131E+00,
  -0.315612380433969E+01,   0.730249631506867E+00,
  -0.283197107583993E+01,   0.426362807772563E+00,
  -0.284079940992207E+01,   0.575066312211567E+00,
  -0.284858280360911E+01,   0.723916241464429E+00,
  -0.252288576529688E+01,   0.422447946238661E+00,
  -0.253191040711251E+01,   0.569588507154608E+00,
  -0.253988825959447E+01,   0.716785322356167E+00,
  -0.234263139497098E+01,   0.420004061306299E+00,
  -0.235166945905891E+01,   0.566155006116244E+00,
  -0.235967242885810E+01,   0.712298756394825E+00,
  -0.203200396600351E+01,   0.415769508576552E+00,
  -0.204081352911460E+01,   0.560188109652701E+00,
  -0.204862988756662E+01,   0.704479562469866E+00,
  -0.172019252367102E+01,   0.411525729973240E+00,
  -0.172844439209650E+01,   0.554186642419826E+00,
  -0.173577247773208E+01,   0.696587758992441E+00,
  -0.153818186006806E+01,   0.409076821996613E+00,
  -0.154595909192797E+01,   0.550714656657661E+00,
  -0.155286549064773E+01,   0.692011147045171E+00,
  -0.122459436732876E+01,   0.405288707772147E+00,
  -0.123132077130573E+01,   0.545344447526211E+00,
  -0.123728693632362E+01,   0.684934037922527E+00,
  -0.909945549305607E+00,   0.402085884625716E+00,
  -0.915326884647980E+00,   0.540806865462002E+00,
  -0.920083094301382E+00,   0.678959500517170E+00,
  -0.726361524392618E+00,   0.400504648237009E+00,
  -0.730832181249461E+00,   0.538568319923039E+00,
  -0.734767273837801E+00,   0.676014945174747E+00,
  -0.410532053511714E+00,   0.398476830765192E+00,
  -0.413333960705661E+00,   0.535702481350059E+00,
  -0.415767473324448E+00,   0.672251542713913E+00,
  -0.942712895282466E-01,   0.397349201255670E+00,
  -0.952894800992888E-01,   0.534117486283367E+00,
  -0.961224534355144E-01,   0.670180954708297E+00,
   0.899569999084825E-01,   0.397107336778225E+00,
   0.900215292489199E-01,   0.533784385004251E+00,
   0.901582213961631E-01,   0.669754434788944E+00,
   0.406330068932686E+00,   0.397403829393259E+00,
   0.408204970053498E+00,   0.534220288860101E+00,
   0.409960755526815E+00,   0.670347889686324E+00,
   0.722413824410459E+00,   0.398600553918516E+00,
   0.726017828638032E+00,   0.535930233034413E+00,
   0.729317204728365E+00,   0.672616496752337E+00,
   0.906214143930123E+00,   0.399700287093231E+00,
   0.910780610904643E+00,   0.537495909980154E+00,
   0.914937878822159E+00,   0.674686720583049E+00,
   0.122139684859096E+01,   0.402112504864242E+00,
   0.122744346219349E+01,   0.540922526755644E+00,
   0.123291832829585E+01,   0.679208648377473E+00,
   0.153572973008447E+01,   0.405161155423113E+00,
   0.154302302039703E+01,   0.545245374576678E+00,
   0.154960528066991E+01,   0.684904142767359E+00,
   0.171826673778283E+01,   0.407210743746727E+00,
   0.172617524907034E+01,   0.548148498406652E+00,
   0.173330259673161E+01,   0.688725507756885E+00,
   0.203106794751108E+01,   0.410936024916870E+00,
   0.203980048473576E+01,   0.553416403764928E+00,
   0.204765343342338E+01,   0.695649824464857E+00,
   0.234278259290392E+01,   0.414880290947600E+00,
   0.235203829761580E+01,   0.558982849467967E+00,
   0.236034437647227E+01,   0.702954090306899E+00,
   0.252370426428269E+01,   0.417258540879373E+00,
   0.253312800688359E+01,   0.562333924651498E+00,
   0.254157433441156E+01,   0.707345345758819E+00,
   0.283383838518069E+01,   0.421211482388839E+00,
   0.284334783394445E+01,   0.567887521914612E+00,
   0.285185293624739E+01,   0.714603232281634E+00,
   0.314306092175785E+01,   0.424956406850135E+00,
   0.315240388280263E+01,   0.573126335432082E+00,
   0.316074167427600E+01,   0.721422535479835E+00,
   0.332262364868672E+01,   0.427031522842645E+00,
   0.333175873309609E+01,   0.576018417415709E+00,
   0.333989993356242E+01,   0.725174015297367E+00,
   0.363074580148030E+01,   0.430286177748063E+00,
   0.363941098764000E+01,   0.580536203655360E+00,
   0.364711801925922E+01,   0.731012202431323E+00,
   0.393838839889034E+01,   0.433129035546621E+00,
   0.394645229956962E+01,   0.584457228333386E+00,
   0.395361387766772E+01,   0.736048615178393E+00,
   0.411722881230282E+01,   0.434594392032634E+00,
   0.412488681316428E+01,   0.586465639894578E+00,
   0.413168365909236E+01,   0.738612900108380E+00,
   0.442442289928202E+01,   0.436793555865950E+00,
   0.443135631395730E+01,   0.589463853346667E+00,
   0.443750536915728E+01,   0.742422865330079E+00,
   0.473152952068581E+01,   0.438590738698998E+00,
   0.473771385578478E+01,   0.591892181454814E+00,
   0.474319702702275E+01,   0.745484091496591E+00,
   0.491023102429945E+01,   0.439456256995065E+00,
   0.491597034365991E+01,   0.593050175830600E+00,
   0.492105956398178E+01,   0.746930771108353E+00,
   0.521736974222874E+01,   0.440704006185267E+00,
   0.522236263014686E+01,   0.594709243786778E+00,
   0.522679312715909E+01,   0.748989878273661E+00,
   0.552463650316803E+01,   0.441659125125652E+00,
   0.552891080088797E+01,   0.595965674266797E+00,
   0.553270972054586E+01,   0.750530814210774E+00,
   0.570352410799275E+01,   0.442085377303089E+00,
   0.570739408457411E+01,   0.596518432158704E+00,
   0.571083844444047E+01,   0.751198112414358E+00,
   0.601104605626346E+01,   0.442672762191912E+00,
   0.601426154583506E+01,   0.597266494558977E+00,
   0.601712688649928E+01,   0.752088023172834E+00,
   0.631876257735520E+01,   0.443087876404700E+00,
   0.632137677993496E+01,   0.597774499558654E+00,
   0.632370240110680E+01,   0.752673058702380E+00,
   0.649793962031578E+01,   0.443253591250127E+00,
   0.650022688516816E+01,   0.597965579058303E+00,
   0.650225574504156E+01,   0.752881390748515E+00,
   0.680596157182780E+01,   0.443460214633370E+00,
   0.680770394936515E+01,   0.598204727155318E+00,
   0.680924139594665E+01,   0.753137260357171E+00,
   0.711417508523916E+01,   0.443575528044420E+00,
   0.711539067768459E+01,   0.598344035321045E+00,
   0.711645848147871E+01,   0.753281863309796E+00,
   0.729363080160863E+01,   0.443621966900303E+00,
   0.729455064834980E+01,   0.598402155007653E+00,
   0.729535718404138E+01,   0.753338183567875E+00,
   0.760197339268045E+01,   0.443991928770759E+00,
   0.760244187295366E+01,   0.598813311050624E+00,
   0.760285125775266E+01,   0.753743644765001E+00,
   0.791028760588114E+01,   0.444775135185533E+00,
   0.791038196405403E+01,   0.599667985640680E+00,
   0.791046407398384E+01,   0.754590157795437E+00,
  -0.791029454519957E+01,   0.844900072700285E+00,
  -0.791033943480181E+01,   0.999854853001609E+00,
  -0.791037613212221E+01,   0.115482165992582E+01,
  -0.760212057664487E+01,   0.844474549713197E+00,
  -0.760234724845466E+01,   0.999535232356186E+00,
  -0.760253354340420E+01,   0.115464287541029E+01,
  -0.729409855281629E+01,   0.844351250961259E+00,
  -0.729454963980280E+01,   0.999493189675715E+00,
  -0.729492191920425E+01,   0.115470711456680E+01,
  -0.711490667218663E+01,   0.844402727370728E+00,
  -0.711550704124761E+01,   0.999581347544635E+00,
  -0.711600344276410E+01,   0.115484228544692E+01,
  -0.680719171330063E+01,   0.844460604849582E+00,
  -0.680806617253458E+01,   0.999695264390599E+00,
  -0.680878987869254E+01,   0.115502772074420E+01,
  -0.649971301082327E+01,   0.844445306768760E+00,
  -0.650088172794984E+01,   0.999728772198248E+00,
  -0.650184859020659E+01,   0.115512335233322E+01,
  -0.632087612432217E+01,   0.844395873742568E+00,
  -0.632222562106282E+01,   0.999703103267873E+00,
  -0.632334143450920E+01,   0.115512836990767E+01,
  -0.601383738590544E+01,   0.844136962229883E+00,
  -0.601551754023736E+01,   0.999457071791072E+00,
  -0.601690419882343E+01,   0.115490822702943E+01,
  -0.570711860744965E+01,   0.843643242532801E+00,
  -0.570915526929428E+01,   0.998938047018476E+00,
  -0.571083192691700E+01,   0.115437867587034E+01,
  -0.552875849083789E+01,   0.843238765437251E+00,
  -0.553101479651126E+01,   0.998499312646882E+00,
  -0.553286935449498E+01,   0.115391511409913E+01,
  -0.522253679706346E+01,   0.842204621966835E+00,
  -0.522519536951540E+01,   0.997342997094608E+00,
  -0.522737595667395E+01,   0.115265446639062E+01,
  -0.491662357337856E+01,   0.840722065990460E+00,
  -0.491971641298729E+01,   0.995653991839094E+00,
  -0.492224942585487E+01,   0.115077895176661E+01,
  -0.473871986085145E+01,   0.839639949760882E+00,
  -0.474207980810712E+01,   0.994409822385250E+00,
  -0.474483018973168E+01,   0.114938513755336E+01,
  -0.443315232998812E+01,   0.837207783280371E+00,
  -0.443699039829750E+01,   0.991579871455832E+00,
  -0.444013700595568E+01,   0.114617761769329E+01,
  -0.412771336474659E+01,   0.834023501911910E+00,
  -0.413205299520390E+01,   0.987840190910876E+00,
  -0.413562480610612E+01,   0.114190100193686E+01,
  -0.394998841305646E+01,   0.831811905770034E+00,
  -0.395462877811415E+01,   0.985228932072177E+00,
  -0.395846006443501E+01,   0.113889946689970E+01,
  -0.364434088438579E+01,   0.827210913576464E+00,
  -0.364948327549618E+01,   0.979750920908235E+00,
  -0.365376079998700E+01,   0.113254979845341E+01,
  -0.333830111766242E+01,   0.821570985995619E+00,
  -0.334392268021425E+01,   0.972984987250180E+00,
  -0.334864405867795E+01,   0.112464840764973E+01,
  -0.315997267445300E+01,   0.817814793695098E+00,
  -0.316585778030363E+01,   0.968458483001805E+00,
  -0.317083186730956E+01,   0.111933860625442E+01,
  -0.285263739409438E+01,   0.810614546336896E+00,
  -0.285887568963608E+01,   0.959731465169038E+00,
  -0.286420556401920E+01,   0.110903949579040E+01,
  -0.254405652280330E+01,   0.802480629147500E+00,
  -0.255051159256578E+01,   0.949813105686561E+00,
  -0.255608830196975E+01,   0.109726083525933E+01,
  -0.236386144589814E+01,   0.797352219374578E+00,
  -0.237037418394785E+01,   0.943535682362876E+00,
  -0.237603801855175E+01,   0.108977654593617E+01,
  -0.205273038291927E+01,   0.788399889830573E+00,
  -0.205913772740057E+01,   0.932543188688998E+00,
  -0.206475695687049E+01,   0.107662633492335E+01,
  -0.173962087852744E+01,   0.779346567540904E+00,
  -0.174565195028330E+01,   0.921384082518481E+00,
  -0.175096707918776E+01,   0.106322171682537E+01,
  -0.155649260579734E+01,   0.774089208117416E+00,
  -0.156218119949872E+01,   0.914886988500395E+00,
  -0.156720103902669E+01,   0.105539562832187E+01,
  -0.124041684998459E+01,   0.765960925392490E+00,
  -0.124532320614446E+01,   0.904848335961199E+00,
  -0.124964995765297E+01,   0.104331417811830E+01,
  -0.922569507470652E+00,   0.759103099454624E+00,
  -0.926451271788120E+00,   0.896392808554240E+00,
  -0.929852660564643E+00,   0.103315992536716E+01,
  -0.736815895222454E+00,   0.755725419379511E+00,
  -0.739996922770273E+00,   0.892235521313683E+00,
  -0.742760201903141E+00,   0.102817868752019E+01,
  -0.417017134268708E+00,   0.751412577004157E+00,
  -0.418923413440839E+00,   0.886937323819381E+00,
  -0.420531542122611E+00,   0.102184368926478E+01,
  -0.965229155976794E-01,   0.749046725911797E+00,
  -0.970805449567970E-01,   0.884047596731475E+00,
  -0.974752930557944E-01,   0.101840991492175E+01,
   0.902712285228800E-01,   0.748565023472635E+00,
   0.905264469119972E-01,   0.883472583034334E+00,
   0.908593470881147E-01,   0.101774390756121E+01,
   0.410929909006673E+00,   0.749258725652111E+00,
   0.412537248663939E+00,   0.884356338239795E+00,
   0.414076034110473E+00,   0.101884066602046E+01,
   0.731101049556965E+00,   0.751873419790101E+00,
   0.733990997767553E+00,   0.887602177749324E+00,
   0.736667962543773E+00,   0.102276384228407E+01,
   0.917173797128298E+00,   0.754254999858214E+00,
   0.920773566507168E+00,   0.890548339561655E+00,
   0.924077727798647E+00,   0.102631188067937E+01,
   0.123584760754880E+01,   0.759451493908031E+00,
   0.124053328210279E+01,   0.896965522742420E+00,
   0.124479298344015E+01,   0.103402734791964E+01,
   0.155311598617314E+01,   0.765990988453331E+00,
   0.155870840003466E+01,   0.905029933791034E+00,
   0.156376044904563E+01,   0.104371073059358E+01,
   0.173709871391192E+01,   0.770376421706529E+00,
   0.174313391205453E+01,   0.910433633849790E+00,
   0.174856954413508E+01,   0.105019444736475E+01,
   0.205182694218466E+01,   0.778316952251966E+00,
   0.205843968930135E+01,   0.920207202451503E+00,
   0.206436412321709E+01,   0.106191056388540E+01,
   0.236474926448041E+01,   0.786685715971606E+00,
   0.237170255369065E+01,   0.930494313789801E+00,
   0.237789522964100E+01,   0.107422861087960E+01,
   0.254604777305156E+01,   0.791713288427450E+00,
   0.255309212187262E+01,   0.936667439836319E+00,
   0.255934146029746E+01,   0.108161315176034E+01,
   0.285634745049210E+01,   0.800010490468215E+00,
   0.286339427846876E+01,   0.946827841542983E+00,
   0.286960185674873E+01,   0.109373401914827E+01,
   0.316513740399670E+01,   0.807788988815056E+00,
   0.317199632823636E+01,   0.956314510221161E+00,
   0.317799079169029E+01,   0.110500367541778E+01,
   0.334418572102626E+01,   0.812059775225910E+00,
   0.335085238540443E+01,   0.961504592874588E+00,
   0.335664877893860E+01,   0.111114634791858E+01,
   0.365116634903139E+01,   0.818692091695543E+00,
   0.365743249565053E+01,   0.969534956260381E+00,
   0.366283518478445E+01,   0.112061565119747E+01,
   0.395736929490741E+01,   0.824394072767816E+00,
   0.396315651334253E+01,   0.976397945831606E+00,
   0.396810854575159E+01,   0.112866010285693E+01,
   0.413524511372138E+01,   0.827287354991600E+00,
   0.414072069406214E+01,   0.979859612841708E+00,
   0.414538704392533E+01,   0.113269315368632E+01,
   0.444072425466565E+01,   0.831574956420675E+00,
   0.444565644131253E+01,   0.984967071327473E+00,
   0.444983458402992E+01,   0.113861801403618E+01,
   0.474606602083452E+01,   0.835004790125199E+00,
   0.475045172489228E+01,   0.989022506148765E+00,
   0.475415114036816E+01,   0.114328807216846E+01,
   0.492372251973880E+01,   0.836617475641172E+00,
   0.492778999978671E+01,   0.990913011494657E+00,
   0.493121586276117E+01,   0.114544645180077E+01,
   0.522911265378716E+01,   0.838903940713795E+00,
   0.523265201987278E+01,   0.993576666105742E+00,
   0.523562718118714E+01,   0.114846968823657E+01,
   0.553470131080174E+01,   0.840602691012668E+00,
   0.553773887401468E+01,   0.995532812171645E+00,
   0.554028928458397E+01,   0.115066576323129E+01,
   0.571264636967031E+01,   0.841331223372653E+00,
   0.571540393255072E+01,   0.996358473466501E+00,
   0.571771884184785E+01,   0.115157850685496E+01,
   0.601863247225599E+01,   0.842295130166485E+00,
   0.602092856811549E+01,   0.997436493678120E+00,
   0.602285515573987E+01,   0.115275440625574E+01,
   0.632492251503651E+01,   0.842917739518857E+00,
   0.632678182663489E+01,   0.998111868178228E+00,
   0.632834019644767E+01,   0.115346772910317E+01,
   0.650331736456694E+01,   0.843132374132862E+00,
   0.650493373773225E+01,   0.998330850820478E+00,
   0.650628703723814E+01,   0.115368285758455E+01,
   0.681004202370882E+01,   0.843390654067351E+00,
   0.681125883797898E+01,   0.998579984828126E+00,
   0.681227522977697E+01,   0.115390594644016E+01,
   0.711701219829622E+01,   0.843529634762167E+00,
   0.711785183238709E+01,   0.998692897943176E+00,
   0.711855079583146E+01,   0.115397184265527E+01,
   0.729577466557022E+01,   0.843578660002413E+00,
   0.729640660480016E+01,   0.998718010982047E+00,
   0.729693112475485E+01,   0.115395856809079E+01,
   0.760306245086613E+01,   0.843959717322542E+00,
   0.760338096855029E+01,   0.999028458668714E+00,
   0.760364370465105E+01,   0.115416322785111E+01,
   0.791050625413944E+01,   0.844766114747356E+00,
   0.791056957722688E+01,   0.999724856651176E+00,
   0.791062139764183E+01,   0.115470050947955E+01,
  -0.791039377420555E+01,   0.124501587504882E+01,
  -0.791041855703048E+01,   0.139999643129826E+01,
  -0.791043646945822E+01,   0.155498234325316E+01,
  -0.760262357447843E+01,   0.124493437667753E+01,
  -0.760274967354921E+01,   0.140009682238741E+01,
  -0.760284004796163E+01,   0.155528159092308E+01,
  -0.729510256106487E+01,   0.124507155579849E+01,
  -0.729535499627893E+01,   0.140037173770182E+01,
  -0.729553472829619E+01,   0.155570898224977E+01,
  -0.711624474314208E+01,   0.124523872646027E+01,
  -0.711658155769291E+01,   0.140060007248027E+01,
  -0.711682058493908E+01,   0.155600603986468E+01,
  -0.680914194119287E+01,   0.124547273448168E+01,
  -0.680963225288679E+01,   0.140092679826725E+01,
  -0.680997825305237E+01,   0.155643680517124E+01,
  -0.650231866898493E+01,   0.124561047914487E+01,
  -0.650297179571269E+01,   0.140114450025400E+01,
  -0.650343014301089E+01,   0.155674369231221E+01,
  -0.632388357060627E+01,   0.124563644402456E+01,
  -0.632463569975519E+01,   0.140121026014741E+01,
  -0.632516173109871E+01,   0.155685384007304E+01,
  -0.601757645687958E+01,   0.124543720355202E+01,
  -0.601850532708716E+01,   0.140105462995224E+01,
  -0.601914894260915E+01,   0.155675121589496E+01,
  -0.571164235715837E+01,   0.124490819925600E+01,
  -0.571275625625143E+01,   0.140053604529942E+01,
  -0.571351870257631E+01,   0.155625475282425E+01,
  -0.553376410747215E+01,   0.124443446730607E+01,
  -0.553498993098163E+01,   0.140005124650775E+01,
  -0.553582263633150E+01,   0.155576685384344E+01,
  -0.522842539361242E+01,   0.124312128146778E+01,
  -0.522985728531572E+01,   0.139866137971665E+01,
  -0.523082063802711E+01,   0.155431742369284E+01,
  -0.492346637123385E+01,   0.124114647254309E+01,
  -0.492512264185791E+01,   0.139653296516700E+01,
  -0.492623033417053E+01,   0.155205706155255E+01,
  -0.474615080340766E+01,   0.123967137698976E+01,
  -0.474794686598956E+01,   0.139492968601003E+01,
  -0.474914601412655E+01,   0.155034032219356E+01,
  -0.444165058187233E+01,   0.123625381013214E+01,
  -0.444371449905756E+01,   0.139117377440796E+01,
  -0.444510110562806E+01,   0.154627543877566E+01,
  -0.413735069927698E+01,   0.123167388651473E+01,
  -0.413971912366060E+01,   0.138609887772708E+01,
  -0.414133400860556E+01,   0.154074015493036E+01,
  -0.396031796236138E+01,   0.122845006406695E+01,
  -0.396288034037247E+01,   0.138250949143651E+01,
  -0.396464760342246E+01,   0.153680706043405E+01,
  -0.365585282376069E+01,   0.122159662334448E+01,
  -0.365877509231703E+01,   0.137481257306770E+01,
  -0.366084887041863E+01,   0.152829692831087E+01,
  -0.335097842439305E+01,   0.121303128772465E+01,
  -0.335429394826437E+01,   0.136511979769236E+01,
  -0.335673233073862E+01,   0.151749630008459E+01,
  -0.317330856828727E+01,   0.120726040847893E+01,
  -0.317686432107602E+01,   0.135855946675726E+01,
  -0.317953799009104E+01,   0.151015172189352E+01,
  -0.286689113516632E+01,   0.119602651424374E+01,
  -0.287081818153927E+01,   0.134570085067949E+01,
  -0.287388014988579E+01,   0.149564717062961E+01,
  -0.255893221112779E+01,   0.118313083937679E+01,
  -0.256316942160609E+01,   0.133083573646212E+01,
  -0.256659155587350E+01,   0.147875049975191E+01,
  -0.237894676301063E+01,   0.117491765606953E+01,
  -0.238332832788048E+01,   0.132132642584525E+01,
  -0.238693771056641E+01,   0.146789006732525E+01,
  -0.206766837456558E+01,   0.116045715915925E+01,
  -0.207211362535827E+01,   0.130451471947585E+01,
  -0.207586281048430E+01,   0.144860008589650E+01,
  -0.175373490598525E+01,   0.114568014575636E+01,
  -0.175799336672790E+01,   0.128724856837195E+01,
  -0.176163189727823E+01,   0.142867652579143E+01,
  -0.156981861314806E+01,   0.113703850186878E+01,
  -0.157385417880155E+01,   0.127711795420769E+01,
  -0.157731414871417E+01,   0.141694395482665E+01,
  -0.125190466493031E+01,   0.112370602181660E+01,
  -0.125537813816290E+01,   0.126151111070800E+01,
  -0.125835247487831E+01,   0.139890242300099E+01,
  -0.931613549600351E+00,   0.111251628264209E+01,
  -0.934300937352350E+00,   0.124845646067775E+01,
  -0.936566038147895E+00,   0.138387378905222E+01,
  -0.744177836913611E+00,   0.110703525802313E+01,
  -0.746312894248194E+00,   0.124208426469382E+01,
  -0.748071482289511E+00,   0.137656978255222E+01,
  -0.421330887213123E+00,   0.110007356707982E+01,
  -0.422480154316273E+00,   0.123401180058848E+01,
  -0.423347464705040E+00,   0.136734447269682E+01,
  -0.976299386228233E-01,   0.109631436649021E+01,
  -0.977649355423672E-01,   0.122968577877891E+01,
  -0.977344281311227E-01,   0.136244300936602E+01,
   0.910893153368457E-01,   0.109559678236909E+01,
   0.915537615616454E-01,   0.122888672690631E+01,
   0.921068306415222E-01,   0.136157221510407E+01,
   0.414941071011078E+00,   0.109682845539411E+01,
   0.416390830200294E+00,   0.123037488238408E+01,
   0.417796593812486E+00,   0.136334887057428E+01,
   0.738129482842667E+00,   0.110116725708063E+01,
   0.740499466419073E+00,   0.123546706091589E+01,
   0.742694338165331E+00,   0.136924436683795E+01,
   0.925866555337765E+00,   0.110508275053143E+01,
   0.928739041574321E+00,   0.124004344756122E+01,
   0.931361398749781E+00,   0.137451896249109E+01,
   0.124707845406249E+01,   0.111358955497217E+01,
   0.125071038819097E+01,   0.124997184090604E+01,
   0.125397465253406E+01,   0.138594723566468E+01,
   0.156645492674593E+01,   0.112425855060682E+01,
   0.157070813865378E+01,   0.126241030570246E+01,
   0.157449180048247E+01,   0.140025137820838E+01,
   0.175146029924913E+01,   0.113139933657474E+01,
   0.175600884906234E+01,   0.127073038204518E+01,
   0.176003548770253E+01,   0.140981449989783E+01,
   0.206749877447270E+01,   0.114429666001138E+01,
   0.207240084148778E+01,   0.128574821841471E+01,
   0.207669871339064E+01,   0.142706832829197E+01,
   0.238115267461722E+01,   0.115784891417648E+01,
   0.238620791762348E+01,   0.130151690580463E+01,
   0.239058579547411E+01,   0.144517537271621E+01,
   0.256261588916365E+01,   0.116596907439320E+01,
   0.256767042095330E+01,   0.131095771929686E+01,
   0.257200945110323E+01,   0.145600908090529E+01,
   0.287283120106240E+01,   0.117927583129526E+01,
   0.287776623246191E+01,   0.132638150301184E+01,
   0.288193171986491E+01,   0.147365055491264E+01,
   0.318108391689224E+01,   0.119161729212634E+01,
   0.318575506307563E+01,   0.134061839765901E+01,
   0.318961769083151E+01,   0.148985022416132E+01,
   0.335962355337173E+01,   0.119832930542103E+01,
   0.336407993504421E+01,   0.134832852241422E+01,
   0.336771250252152E+01,   0.149858271662383E+01,
   0.366558339106088E+01,   0.120865408881395E+01,
   0.366964614013982E+01,   0.136014214125491E+01,
   0.367287835244507E+01,   0.151190735746110E+01,
   0.397060709633312E+01,   0.121739462138610E+01,
   0.397425656693903E+01,   0.137007906785719E+01,
   0.397709448407083E+01,   0.152303910193366E+01,
   0.414773112838539E+01,   0.122176099897846E+01,
   0.415113316261269E+01,   0.137501049723406E+01,
   0.415374603982207E+01,   0.152852457890501E+01,
   0.445191974756286E+01,   0.122815956763842E+01,
   0.445491723765389E+01,   0.138220613840525E+01,
   0.445717615358050E+01,   0.153649404677432E+01,
   0.475598875711493E+01,   0.123318160286087E+01,
   0.475861239117171E+01,   0.138781285276347E+01,
   0.476056227718709E+01,   0.154265856170825E+01,
   0.493291479848946E+01,   0.123549100613417E+01,
   0.493533478336948E+01,   0.139036883315692E+01,
   0.493712472267597E+01,   0.154544414021954E+01,
   0.523709941067171E+01,   0.123871503970742E+01,
   0.523919041883770E+01,   0.139391768492005E+01,
   0.524072785762398E+01,   0.154929146860839E+01,
   0.554154978095153E+01,   0.124104251661991E+01,
   0.554333786214618E+01,   0.139645384903682E+01,
   0.554464933527053E+01,   0.155201428999928E+01,
   0.571886277677210E+01,   0.124200127965730E+01,
   0.572048598800227E+01,   0.139748311738234E+01,
   0.572167738641704E+01,   0.155310315306933E+01,
   0.602380678529136E+01,   0.124322665489396E+01,
   0.602515778360481E+01,   0.139878040287638E+01,
   0.602615061208705E+01,   0.155445575231103E+01,
   0.632910910866353E+01,   0.124395527527370E+01,
   0.633020067398909E+01,   0.139952414679139E+01,
   0.633100303222122E+01,   0.155520058071819E+01,
   0.650695404019005E+01,   0.124416442608973E+01,
   0.650790056895183E+01,   0.139971723909437E+01,
   0.650859591903561E+01,   0.155537038757228E+01,
   0.681277498890766E+01,   0.124436468493896E+01,
   0.681348355999162E+01,   0.139986672753610E+01,
   0.681400339694301E+01,   0.155545474638799E+01,
   0.711889328520622E+01,   0.124439372742057E+01,
   0.711937826844433E+01,   0.139981848114240E+01,
   0.711973340183843E+01,   0.155531188965811E+01,
   0.729718736046416E+01,   0.124435157497215E+01,
   0.729754981675413E+01,   0.139971741432592E+01,
   0.729781480634961E+01,   0.155514043329555E+01,
   0.760377122874430E+01,   0.124447900642178E+01,
   0.760395120511917E+01,   0.139969337167667E+01,
   0.760408233563531E+01,   0.155494233694755E+01,
   0.791064634015020E+01,   0.124490204065942E+01,
   0.791068143671380E+01,   0.139989766299596E+01,
   0.791070689313230E+01,   0.155490162048673E+01,
  -0.791044375717785E+01,   0.164518467920616E+01,
  -0.791045128034484E+01,   0.180017514857827E+01,
  -0.791045253947962E+01,   0.195516602387473E+01,
  -0.760287638826748E+01,   0.164560686362564E+01,
  -0.760291378227037E+01,   0.180081170258850E+01,
  -0.760291992143560E+01,   0.195601959238935E+01,
  -0.729560633097236E+01,   0.164612934967537E+01,
  -0.729567981974985E+01,   0.180150194758009E+01,
  -0.729569169568701E+01,   0.195688217766304E+01,
  -0.711691535659278E+01,   0.164646970852590E+01,
  -0.711701233034410E+01,   0.180191972981438E+01,
  -0.711702750291488E+01,   0.195738082406619E+01,
  -0.681011415012014E+01,   0.164696598746929E+01,
  -0.681024983521590E+01,   0.180253332259594E+01,
  -0.681026394493001E+01,   0.195811719074195E+01,
  -0.650360836795249E+01,   0.164732883293634E+01,
  -0.650377984840368E+01,   0.180299631826719E+01,
  -0.650378344221583E+01,   0.195868497114696E+01,
  -0.632536498846822E+01,   0.164746683671563E+01,
  -0.632555570017157E+01,   0.180318426542141E+01,
  -0.632554858807034E+01,   0.195892529226932E+01,
  -0.601939352543692E+01,   0.164739921958447E+01,
  -0.601961058307232E+01,   0.180318139464622E+01,
  -0.601957362752963E+01,   0.195899261461516E+01,
  -0.571380214111735E+01,   0.164692083160700E+01,
  -0.571403651441636E+01,   0.180274015800291E+01,
  -0.571395473399561E+01,   0.195859582845121E+01,
  -0.553612789581366E+01,   0.164643468411181E+01,
  -0.553636869949323E+01,   0.180226142688415E+01,
  -0.553625432066955E+01,   0.195812984242841E+01,
  -0.523116727838034E+01,   0.164495835751182E+01,
  -0.523142063888253E+01,   0.180075053704886E+01,
  -0.523124494394934E+01,   0.195659887770593E+01,
  -0.492662401752356E+01,   0.164263117644066E+01,
  -0.492689294884076E+01,   0.179832572395541E+01,
  -0.492665007050237E+01,   0.195409815737405E+01,
  -0.474957052206157E+01,   0.164085524495825E+01,
  -0.474985163673122E+01,   0.179646079286862E+01,
  -0.474956905913255E+01,   0.195216042713630E+01,
  -0.444559729823866E+01,   0.163662440451159E+01,
  -0.444593114383894E+01,   0.179197378740498E+01,
  -0.444561136660441E+01,   0.194745464373900E+01,
  -0.414192737654267E+01,   0.163083775262518E+01,
  -0.414235791806527E+01,   0.178579361690264E+01,
  -0.414204471491254E+01,   0.194093090603868E+01,
  -0.396531009269449E+01,   0.162671521166114E+01,
  -0.396581936118178E+01,   0.178137178221999E+01,
  -0.396553334843370E+01,   0.193624407218853E+01,
  -0.366166440013365E+01,   0.161774696180643E+01,
  -0.366238123719041E+01,   0.177166120623540E+01,
  -0.366223107725822E+01,   0.192585052454112E+01,
  -0.335774603667873E+01,   0.160631224741544E+01,
  -0.335876664599249E+01,   0.175918054591034E+01,
  -0.335887200339039E+01,   0.191238259604409E+01,
  -0.318068587960404E+01,   0.159851475870927E+01,
  -0.318192507580779E+01,   0.175062790824544E+01,
  -0.318223285024986E+01,   0.190310639196743E+01,
  -0.287526154323325E+01,   0.158304407877727E+01,
  -0.287691013776223E+01,   0.173350674581708E+01,
  -0.287763697879205E+01,   0.188435021153398E+01,
  -0.256820597954554E+01,   0.156493746911384E+01,
  -0.257030130450171E+01,   0.171328899937176E+01,
  -0.257153431170810E+01,   0.186198283793017E+01,
  -0.238868136956153E+01,   0.155326566383743E+01,
  -0.239104137664786E+01,   0.170018433556878E+01,
  -0.239259406608521E+01,   0.184739697597890E+01,
  -0.207772352182842E+01,   0.153247412497924E+01,
  -0.208035586509116E+01,   0.167669978838608E+01,
  -0.208227232749541E+01,   0.182107501354068E+01,
  -0.176346351148564E+01,   0.151092414412328E+01,
  -0.176611038413923E+01,   0.165218183323039E+01,
  -0.176812350195826E+01,   0.179336472899086E+01,
  -0.157906222585617E+01,   0.149820524801262E+01,
  -0.158160018647935E+01,   0.163764504518218E+01,
  -0.158354810977109E+01,   0.177685004355362E+01,
  -0.125985289714565E+01,   0.147867071349735E+01,
  -0.126202207677654E+01,   0.161538042441845E+01,
  -0.126367248807608E+01,   0.175164221009799E+01,
  -0.937688647476586E+00,   0.146244261147956E+01,
  -0.939262259887796E+00,   0.159699794766571E+01,
  -0.940383957944137E+00,   0.173098637594308E+01,
  -0.748920092758747E+00,   0.145457810489050E+01,
  -0.750053954494225E+00,   0.158814689629823E+01,
  -0.750774486925977E+00,   0.172112022217647E+01,
  -0.423720755584816E+00,   0.144466343669578E+01,
  -0.424110713601814E+00,   0.157703063216283E+01,
  -0.424179144487600E+00,   0.170878280316788E+01,
  -0.976392865181523E-01,   0.143942397713034E+01,
  -0.973245953881412E-01,   0.157121839798892E+01,
  -0.968161346152252E-01,   0.170240978628159E+01,
   0.924701859460068E-01,   0.143851636416780E+01,
   0.931761166925357E-01,   0.157026297533564E+01,
   0.939866770990922E-01,   0.170142708504391E+01,
   0.418594350996506E+00,   0.144047615888796E+01,
   0.419928117743389E+00,   0.157257119136702E+01,
   0.421214859371228E+00,   0.170412745925808E+01,
   0.743890361756647E+00,   0.144686226812744E+01,
   0.745794109485296E+00,   0.157984150537024E+01,
   0.747504920926847E+00,   0.171233429706204E+01,
   0.932771403074754E+00,   0.145256029196542E+01,
   0.934978787405562E+00,   0.158629490242549E+01,
   0.936911679107243E+00,   0.171957802030845E+01,
   0.125570388150981E+01,   0.146489743246235E+01,
   0.125836258560195E+01,   0.160025414694599E+01,
   0.126062339121044E+01,   0.173523559758975E+01,
   0.157647646251266E+01,   0.148033173887264E+01,
   0.157949432614679E+01,   0.161770764932363E+01,
   0.158201359375519E+01,   0.175480616989978E+01,
   0.176213760265404E+01,   0.149064777310493E+01,
   0.176531836490667E+01,   0.162936991175182E+01,
   0.176795165486329E+01,   0.176788135254729E+01,
   0.207892097144124E+01,   0.150925660421109E+01,
   0.208224592888388E+01,   0.165040712482780E+01,
   0.208494509245239E+01,   0.179147469390643E+01,
   0.239282095041377E+01,   0.152878160312697E+01,
   0.239611049858738E+01,   0.167248071955247E+01,
   0.239870151139195E+01,   0.181624075108546E+01,
   0.257420438729088E+01,   0.154045989197772E+01,
   0.257739375317920E+01,   0.168567880029413E+01,
   0.257984517907636E+01,   0.183104680971087E+01,
   0.288400064556296E+01,   0.155943894210948E+01,
   0.288692850560722E+01,   0.170704533668230E+01,
   0.288906126230980E+01,   0.185491483026119E+01,
   0.319149224118360E+01,   0.157681161884917E+01,
   0.319405236145878E+01,   0.172648160608840E+01,
   0.319577432933746E+01,   0.187647480890917E+01,
   0.336944601587631E+01,   0.158614973640931E+01,
   0.337174995266837E+01,   0.173687022797522E+01,
   0.337319800705677E+01,   0.188792525007288E+01,
   0.367437582993941E+01,   0.160036288125018E+01,
   0.367626991882878E+01,   0.175260880100157E+01,
   0.367730284688505E+01,   0.190518527749192E+01,
   0.397837162203155E+01,   0.161218802012448E+01,
   0.397990886251954E+01,   0.176560289722932E+01,
   0.398061330025905E+01,   0.191931721355621E+01,
   0.415490288500355E+01,   0.161799010727207E+01,
   0.415625738696581E+01,   0.177192717083327E+01,
   0.415681016847636E+01,   0.192613439795606E+01,
   0.445815087810346E+01,   0.162639813314648E+01,
   0.445924255752046E+01,   0.178105171056304E+01,
   0.445959715408372E+01,   0.193592624066029E+01,
   0.476138750222572E+01,   0.163287414351910E+01,
   0.476228223003357E+01,   0.178802871235709E+01,
   0.476251674177070E+01,   0.194335929252055E+01,
   0.493787723415193E+01,   0.163578523244290E+01,
   0.493868592012389E+01,   0.179113699274105E+01,
   0.493888412041647E+01,   0.194664077385356E+01,
   0.524136895583438E+01,   0.163979380076276E+01,
   0.524205235486156E+01,   0.179539594236009E+01,
   0.524220961940899E+01,   0.195111564271510E+01,
   0.554519454883390E+01,   0.164261496692389E+01,
   0.554577739069743E+01,   0.179836618307476E+01,
   0.554591568213011E+01,   0.195420947465892E+01,
   0.572217339184689E+01,   0.164373349048630E+01,
   0.572270800578653E+01,   0.179952703554707E+01,
   0.572284410500111E+01,   0.195540173864016E+01,
   0.602656496882700E+01,   0.164511069282670E+01,
   0.602701780030005E+01,   0.180093425482595E+01,
   0.602714612044257E+01,   0.195682359034740E+01,
   0.633133820919639E+01,   0.164584979295845E+01,
   0.633170826398282E+01,   0.180165416226940E+01,
   0.633182099428286E+01,   0.195751270909792E+01,
   0.650888624016846E+01,   0.164600280526597E+01,
   0.650920786551975E+01,   0.180177403011765E+01,
   0.650930819501636E+01,   0.195759419535247E+01,
   0.681422011306517E+01,   0.164604283599210E+01,
   0.681446118827323E+01,   0.180172970676493E+01,
   0.681453857827161E+01,   0.195745557298299E+01,
   0.711988109180382E+01,   0.164583718345056E+01,
   0.712004542595469E+01,   0.180140653069696E+01,
   0.712009839555985E+01,   0.195700322727544E+01,
   0.729792475113640E+01,   0.164561965265112E+01,
   0.729804662027672E+01,   0.180110370927885E+01,
   0.729808501874163E+01,   0.195660775201316E+01,
   0.760413646519382E+01,   0.164531036990565E+01,
   0.760419591272542E+01,   0.180059409504393E+01,
   0.760421358223757E+01,   0.195588716468120E+01,
   0.791071733027894E+01,   0.164511575787256E+01,
   0.791072865021180E+01,   0.180012763254402E+01,
   0.791073173850106E+01,   0.195514118120949E+01,
  -0.791045051792522E+01,   0.204536900799326E+01,
  -0.791044428289090E+01,   0.220035732364504E+01,
  -0.791043483752509E+01,   0.235534199738937E+01,
  -0.760290964014777E+01,   0.204634961896342E+01,
  -0.760287631001076E+01,   0.220155025613868E+01,
  -0.760282433638115E+01,   0.235673867347912E+01,
  -0.729567112107287E+01,   0.204731431450131E+01,
  -0.729560191429397E+01,   0.220268895565372E+01,
  -0.729549181304178E+01,   0.235804889892655E+01,
  -0.711699973190613E+01,   0.204786150326145E+01,
  -0.711690522264917E+01,   0.220332051530144E+01,
  -0.711675385136479E+01,   0.235876582198059E+01,
  -0.681021762614987E+01,   0.204867161366321E+01,
  -0.681006624694990E+01,   0.220425787388365E+01,
  -0.680982722685411E+01,   0.235983062522024E+01,
  -0.650371017372870E+01,   0.204930220811792E+01,
  -0.650348416573497E+01,   0.220499492391996E+01,
  -0.650313577457340E+01,   0.236067160864689E+01,
  -0.632545562716124E+01,   0.204957392332907E+01,
  -0.632517752903330E+01,   0.220531901150131E+01,
  -0.632475466567262E+01,   0.236104563598510E+01,
  -0.601943780659707E+01,   0.204968431208548E+01,
  -0.601904798569227E+01,   0.220550274315046E+01,
  -0.601846607450347E+01,   0.236130124580210E+01,
  -0.571376434065390E+01,   0.204931655642340E+01,
  -0.571323366044574E+01,   0.220518726087974E+01,
  -0.571245162076159E+01,   0.236104062774838E+01,
  -0.553602695824697E+01,   0.204886036057919E+01,
  -0.553540137097230E+01,   0.220475073800454E+01,
  -0.553448468043766E+01,   0.236062720755709E+01,
  -0.523094790385057E+01,   0.204732419355155E+01,
  -0.523014441495876E+01,   0.220321389196471E+01,
  -0.522897630468246E+01,   0.235909971503070E+01,
  -0.492627596856061E+01,   0.204478902863449E+01,
  -0.492527688452287E+01,   0.220063217344682E+01,
  -0.492383359116922E+01,   0.235648682791776E+01,
  -0.474914806232150E+01,   0.204281621344967E+01,
  -0.474802895408566E+01,   0.219860892743671E+01,
  -0.474641596984000E+01,   0.235442522936811E+01,
  -0.444512691427412E+01,   0.203800026417932E+01,
  -0.444382074826077E+01,   0.219363239920746E+01,
  -0.444192118143952E+01,   0.234932431206653E+01,
  -0.414152139277121E+01,   0.203129987365803E+01,
  -0.414005665571817E+01,   0.218667314988061E+01,
  -0.413787985805363E+01,   0.234216334352364E+01,
  -0.396500107640917E+01,   0.202647496343330E+01,
  -0.396346239146905E+01,   0.218164427026332E+01,
  -0.396113532027579E+01,   0.233697335571900E+01,
  -0.366174280609515E+01,   0.201571253737824E+01,
  -0.366018822845158E+01,   0.217031667839437E+01,
  -0.365772513886182E+01,   0.232517017741954E+01,
  -0.335850791508486E+01,   0.200169919980359E+01,
  -0.335708933642934E+01,   0.215544921192199E+01,
  -0.335465940191659E+01,   0.230955822313514E+01,
  -0.318197771723746E+01,   0.199201803066508E+01,
  -0.318070971895214E+01,   0.214512439751683E+01,
  -0.317838100110576E+01,   0.229865921973559E+01,
  -0.287762858744135E+01,   0.197231989914130E+01,
  -0.287676503602323E+01,   0.212386227226917E+01,
  -0.287481261407210E+01,   0.227590742739753E+01,
  -0.257184742270861E+01,   0.194868578426291E+01,
  -0.257157580669773E+01,   0.209805569336512E+01,
  -0.257026431655695E+01,   0.224793800376043E+01,
  -0.239311877513782E+01,   0.193321649340592E+01,
  -0.239325809644410E+01,   0.208104489410446E+01,
  -0.239241791106279E+01,   0.222935778960066E+01,
  -0.208305131454046E+01,   0.190517595632346E+01,
  -0.208370790207211E+01,   0.204992442858647E+01,
  -0.208348759711900E+01,   0.219499520980699E+01,
  -0.176899701916265E+01,   0.187550066539120E+01,
  -0.176988898525715E+01,   0.201663043454127E+01,
  -0.176999731099929E+01,   0.215776783271024E+01,
  -0.158440407562709E+01,   0.185775784067254E+01,
  -0.158530497342149E+01,   0.199659369196511E+01,
  -0.158547222606253E+01,   0.213519765473649E+01,
  -0.126438844396992E+01,   0.183073539787999E+01,
  -0.126511074232737E+01,   0.196622399948000E+01,
  -0.126517845951471E+01,   0.210118304274915E+01,
  -0.940823138728426E+00,   0.180870152279012E+01,
  -0.941125361335344E+00,   0.194172482930601E+01,
  -0.940843491722454E+00,   0.207409490651856E+01,
  -0.750998022852952E+00,   0.179823272319262E+01,
  -0.750961362490202E+00,   0.193021964425102E+01,
  -0.750380764543008E+00,   0.206155498691664E+01,
  -0.424066383922782E+00,   0.178517772689378E+01,
  -0.423540754292899E+00,   0.191595225581751E+01,
  -0.422585621851328E+00,   0.204610584340994E+01,
  -0.964285939070317E-01,   0.177848554317743E+01,
  -0.955683739783574E-01,   0.190874968457725E+01,
  -0.944572187312312E-01,   0.203844460392815E+01,
   0.945072761657521E-01,   0.177749717180587E+01,
   0.954963559227169E-01,   0.190778060500409E+01,
   0.966064957835878E-01,   0.203753316078615E+01,
   0.421940167196842E+00,   0.178044650670407E+01,
   0.423116766672880E+00,   0.191120239992508E+01,
   0.424201146103883E+00,   0.204148519896400E+01,
   0.748407867417116E+00,   0.178922213936054E+01,
   0.749740434339266E+00,   0.192099103469951E+01,
   0.750787748959449E+00,   0.205233120310755E+01,
   0.937905453912075E+00,   0.179694134784091E+01,
   0.939314723931622E+00,   0.192954528217509E+01,
   0.940336507620811E+00,   0.206174206393424E+01,
   0.126175022957362E+01,   0.181362170620542E+01,
   0.126327408703350E+01,   0.194803108456871E+01,
   0.126426417000540E+01,   0.208209249504581E+01,
   0.158324421252306E+01,   0.183446916906709E+01,
   0.158486189579461E+01,   0.197114527929175E+01,
   0.158583836388553E+01,   0.210756475497154E+01,
   0.176922624540630E+01,   0.184839741646337E+01,
   0.177088272594435E+01,   0.198659305887471E+01,
   0.177185176566349E+01,   0.212460015691189E+01,
   0.208622208489163E+01,   0.187353792295625E+01,
   0.208782276815708E+01,   0.201450521657445E+01,
   0.208866051203209E+01,   0.215542869034743E+01,
   0.239988202298986E+01,   0.189993872540726E+01,
   0.240125851241375E+01,   0.204385471727878E+01,
   0.240179809864244E+01,   0.218790696399612E+01,
   0.258092622639538E+01,   0.191572237334922E+01,
   0.258209917835754E+01,   0.206140766638081E+01,
   0.258239378344937E+01,   0.220734497821291E+01,
   0.288993063269201E+01,   0.194109967326009E+01,
   0.289069635461091E+01,   0.208948481154713E+01,
   0.289052893160644E+01,   0.223825874504680E+01,
   0.319638527100215E+01,   0.196392273318859E+01,
   0.319668075933771E+01,   0.211451606191680E+01,
   0.319601099987473E+01,   0.226554487306498E+01,
   0.337364180947760E+01,   0.197599538084096E+01,
   0.337364350688699E+01,   0.212765031859307E+01,
   0.337267255682692E+01,   0.227972915800649E+01,
   0.367750366622966E+01,   0.199413731107339E+01,
   0.367710142435191E+01,   0.214727495752516E+01,
   0.367574595644737E+01,   0.230079149591020E+01,
   0.398063741517246E+01,   0.200891545025327E+01,
   0.397997804887693E+01,   0.216311028343894E+01,
   0.397842732147861E+01,   0.231761316189191E+01,
   0.415676129921561E+01,   0.201600509241679E+01,
   0.415601755805208E+01,   0.217062907700363E+01,
   0.415443643269656E+01,   0.232550977589096E+01,
   0.445946418555192E+01,   0.202616141709793E+01,
   0.445865228221680E+01,   0.218135193550123E+01,
   0.445710273596428E+01,   0.233672098355468E+01,
   0.476235046967178E+01,   0.203383848993021E+01,
   0.476156248129615E+01,   0.218940076530298E+01,
   0.476014203226719E+01,   0.234507994570344E+01,
   0.493872016869857E+01,   0.203720954410784E+01,
   0.493798500124648E+01,   0.219290362727176E+01,
   0.493668032668602E+01,   0.234868627544553E+01,
   0.524206131501504E+01,   0.204179409213945E+01,
   0.524143061871540E+01,   0.219764735602156E+01,
   0.524032989206991E+01,   0.235355191634756E+01,
   0.554579411460848E+01,   0.204494822513716E+01,
   0.554527765399682E+01,   0.220088670101788E+01,
   0.554437798573833E+01,   0.235685343643947E+01,
   0.572274240642057E+01,   0.204615389632666E+01,
   0.572229568949960E+01,   0.220210935007945E+01,
   0.572151067285894E+01,   0.235808573331753E+01,
   0.602707381805158E+01,   0.204757743569199E+01,
   0.602673370548048E+01,   0.220352792921094E+01,
   0.602612589690600E+01,   0.235948996706702E+01,
   0.633177036052533E+01,   0.204824351932279E+01,
   0.633151743999147E+01,   0.220414902276199E+01,
   0.633105957668726E+01,   0.236005971270410E+01,
   0.650926679662088E+01,   0.204830037526406E+01,
   0.650905598202804E+01,   0.220416142146253E+01,
   0.650867310516965E+01,   0.236002521027475E+01,
   0.681451002078825E+01,   0.204810253978146E+01,
   0.681436124809281E+01,   0.220385815043498E+01,
   0.681409023863354E+01,   0.235961236949182E+01,
   0.712007924626242E+01,   0.204756996638425E+01,
   0.711998013218114E+01,   0.220318375428512E+01,
   0.711980011367745E+01,   0.235879180023990E+01,
   0.729806990713243E+01,   0.204711738875063E+01,
   0.729799431503182E+01,   0.220263081249189E+01,
   0.729785808315717E+01,   0.235813610988988E+01,
   0.760420511022983E+01,   0.204626956578450E+01,
   0.760416559971622E+01,   0.220156353687782E+01,
   0.760409557843942E+01,   0.235684930312117E+01,
   0.791072983868956E+01,   0.204535793233683E+01,
   0.791072162854250E+01,   0.220037069584057E+01,
   0.791070736620133E+01,   0.235538079272423E+01,
  -0.791042788890160E+01,   0.244553967066924E+01,
  -0.791041385712126E+01,   0.260051840424870E+01,
  -0.791039723738329E+01,   0.275549326999282E+01,
  -0.760278589302149E+01,   0.244705085093229E+01,
  -0.760271166032538E+01,   0.260221745084727E+01,
  -0.760262793051160E+01,   0.275736868832328E+01,
  -0.729541007652277E+01,   0.244845949792814E+01,
  -0.729525708230512E+01,   0.260378877375892E+01,
  -0.729509075592808E+01,   0.275909397672685E+01,
  -0.711664135608118E+01,   0.244922634945745E+01,
  -0.711643323883311E+01,   0.260463865448619E+01,
  -0.711621024358469E+01,   0.276002294315390E+01,
  -0.680965032187657E+01,   0.245036510063915E+01,
  -0.680932024934874E+01,   0.260589929706581E+01,
  -0.680896270637531E+01,   0.276139826004947E+01,
  -0.650287956213956E+01,   0.245126517433166E+01,
  -0.650239148803333E+01,   0.260689489150880E+01,
  -0.650184920553368E+01,   0.276248126191098E+01,
  -0.632444484131060E+01,   0.245166703336843E+01,
  -0.632384751545773E+01,   0.260734073395694E+01,
  -0.632317439388110E+01,   0.276296599018498E+01,
  -0.601804220837678E+01,   0.245196348883571E+01,
  -0.601721672851451E+01,   0.260770091477370E+01,
  -0.601627541177715E+01,   0.276338105402728E+01,
  -0.571188469843016E+01,   0.245173550869298E+01,
  -0.571077842195277E+01,   0.260752283388432E+01,
  -0.570951359462426E+01,   0.276324400470283E+01,
  -0.553382164284878E+01,   0.245133676748922E+01,
  -0.553252804365589E+01,   0.260714616845278E+01,
  -0.553104904797149E+01,   0.276288468707461E+01,
  -0.522813362660898E+01,   0.244981888684313E+01,
  -0.522648214999291E+01,   0.260564510119182E+01,
  -0.522458420786873E+01,   0.276139983167701E+01,
  -0.492279403605678E+01,   0.244719470911935E+01,
  -0.492073987664726E+01,   0.260300973475660E+01,
  -0.491835765051951E+01,   0.275876315072029E+01,
  -0.474525448822876E+01,   0.244511628640871E+01,
  -0.474294638215868E+01,   0.260091087812912E+01,
  -0.474025335727812E+01,   0.275665443517526E+01,
  -0.444054655123947E+01,   0.243995922816084E+01,
  -0.443778424339108E+01,   0.259567906221306E+01,
  -0.443452463207508E+01,   0.275137441728276E+01,
  -0.413628874481528E+01,   0.243270631996153E+01,
  -0.413305190864179E+01,   0.258829903257251E+01,
  -0.412918699913746E+01,   0.274390443545892E+01,
  -0.395942122111554E+01,   0.242744170703715E+01,
  -0.395590604365604E+01,   0.258293003687034E+01,
  -0.395167721123036E+01,   0.273845990981631E+01,
  -0.365587409653708E+01,   0.241540331929339E+01,
  -0.365198649131484E+01,   0.257056410422248E+01,
  -0.364720648068122E+01,   0.272586401162354E+01,
  -0.335277530768092E+01,   0.239941082811380E+01,
  -0.334866467997713E+01,   0.255404305028171E+01,
  -0.334344062306573E+01,   0.270897773305992E+01,
  -0.317652923238532E+01,   0.238821178637218E+01,
  -0.317236967250863E+01,   0.254242003558814E+01,
  -0.316695622425455E+01,   0.269705119697611E+01,
  -0.287316192766555E+01,   0.236463155251966E+01,
  -0.286924149368903E+01,   0.251754827597565E+01,
  -0.286392190769552E+01,   0.267106408145690E+01,
  -0.256900682104385E+01,   0.233541275974607E+01,
  -0.256576037017065E+01,   0.248627441353768E+01,
  -0.256110755535892E+01,   0.263786178268527E+01,
  -0.239146221022921E+01,   0.231590917885095E+01,
  -0.238877715412858E+01,   0.246521074041155E+01,
  -0.238473926126827E+01,   0.261527770983305E+01,
  -0.208293988534461E+01,   0.227958511148299E+01,
  -0.208103680292309E+01,   0.242538890152067E+01,
  -0.207788319291265E+01,   0.257179707534606E+01,
  -0.176968418800999E+01,   0.223991689196182E+01,
  -0.176826474713860E+01,   0.238116254542579E+01,
  -0.176569749613218E+01,   0.252253742961139E+01,
  -0.158521685058223E+01,   0.221575552467641E+01,
  -0.158394360051869E+01,   0.235396746476394E+01,
  -0.158158286689276E+01,   0.249191568599581E+01,
  -0.126490286475292E+01,   0.217947632393145E+01,
  -0.126367967165163E+01,   0.231345559815940E+01,
  -0.126147905043052E+01,   0.244672577595552E+01,
  -0.940398941600755E+00,   0.215082577920904E+01,
  -0.938975986350745E+00,   0.228204422291682E+01,
  -0.936694527055876E+00,   0.241245996471806E+01,
  -0.749782387176768E+00,   0.213768819521908E+01,
  -0.748153076176630E+00,   0.226794512894663E+01,
  -0.745741886815428E+00,   0.239749028265177E+01,
  -0.421825368124734E+00,   0.212157060613360E+01,
  -0.420066423358312E+00,   0.225079175570208E+01,
  -0.417720776642426E+00,   0.237945502919618E+01,
  -0.936927742160672E-01,   0.211366891677052E+01,
  -0.921426732957184E-01,   0.224256330457453E+01,
  -0.902885788015588E-01,   0.237101485732875E+01,
   0.973076364156548E-01,   0.211280912254686E+01,
   0.985966167371438E-01,   0.224183027453219E+01,
   0.999906326762628E-01,   0.237045764030562E+01,
   0.424784952111670E+00,   0.211709616767750E+01,
   0.425633068076720E+00,   0.224673543976061E+01,
   0.426274712400243E+00,   0.237603423905727E+01,
   0.751258269674883E+00,   0.212857669366129E+01,
   0.751710671286868E+00,   0.225931961274406E+01,
   0.751696217510119E+00,   0.238973619742171E+01,
   0.940744003269164E+00,   0.213849484974746E+01,
   0.940988535687858E+00,   0.227010654284736E+01,
   0.940637928994044E+00,   0.240138570108178E+01,
   0.126458424610935E+01,   0.215995604044381E+01,
   0.126453526777513E+01,   0.229349461837268E+01,
   0.126370645002452E+01,   0.242672018287610E+01,
   0.158609967140325E+01,   0.218684161976578E+01,
   0.158584124131073E+01,   0.232286231871511E+01,
   0.158466282936969E+01,   0.245863550615484E+01,
   0.177208679423319E+01,   0.220483202635846E+01,
   0.177173518272350E+01,   0.234254210132899E+01,
   0.177040140331304E+01,   0.248006521479357E+01,
   0.208878372032929E+01,   0.223742520543002E+01,
   0.208816919817377E+01,   0.237829412365984E+01,
   0.208648161512721E+01,   0.251913789090547E+01,
   0.240171376610262E+01,   0.227180972255865E+01,
   0.240068468990373E+01,   0.241613778134311E+01,
   0.239850936464141E+01,   0.256067827555074E+01,
   0.258214812337085E+01,   0.229240012855027E+01,
   0.258081461845995E+01,   0.243883399513758E+01,
   0.257830115267102E+01,   0.258564360302561E+01,
   0.288999013665264E+01,   0.232502929489043E+01,
   0.288812634640987E+01,   0.247454516025939E+01,
   0.288505110040331E+01,   0.262461020396341E+01,
   0.319516657994143E+01,   0.235364795363158E+01,
   0.319277783663828E+01,   0.250546872602438E+01,
   0.318918114782881E+01,   0.265785523825093E+01,
   0.337165057056828E+01,   0.236843611415815E+01,
   0.336897003598074E+01,   0.252125313478030E+01,
   0.336510083846384E+01,   0.267457948558608E+01,
   0.367451168659509E+01,   0.239031143601794E+01,
   0.367152520186441E+01,   0.254443851744949E+01,
   0.366742996051482E+01,   0.269895857462329E+01,
   0.397711126324558E+01,   0.240767212741524E+01,
   0.397409036645960E+01,   0.256262864561580E+01,
   0.397010219650907E+01,   0.271785062415119E+01,
   0.415312977120220E+01,   0.241576390556779E+01,
   0.415020571122097E+01,   0.257099662047765E+01,
   0.414642125534258E+01,   0.272641765078742E+01,
   0.445586324585389E+01,   0.242722224314604E+01,
   0.445318230030115E+01,   0.258279922665984E+01,
   0.444980864717217E+01,   0.273846055905655E+01,
   0.475902753793617E+01,   0.243573327029897E+01,
   0.475666902641246E+01,   0.259152178164036E+01,
   0.475375704750398E+01,   0.274733160755990E+01,
   0.493566242796455E+01,   0.243938715726104E+01,
   0.493352368226307E+01,   0.259524152264636E+01,
   0.493089998476403E+01,   0.275109799017082E+01,
   0.523947671615862E+01,   0.244430715991768E+01,
   0.523770364740704E+01,   0.260023506857761E+01,
   0.523555061301568E+01,   0.275614119848995E+01,
   0.554368193240062E+01,   0.244763458716095E+01,
   0.554224989005575E+01,   0.260359433547061E+01,
   0.554052801133418E+01,   0.275951699091327E+01,
   0.572090205056431E+01,   0.244886922267682E+01,
   0.571965629611410E+01,   0.260482885561140E+01,
   0.571816636218884E+01,   0.276074638280147E+01,
   0.602565277499404E+01,   0.245026107513614E+01,
   0.602469339770412E+01,   0.260619689632997E+01,
   0.602355725221685E+01,   0.276208802925970E+01,
   0.633070221994240E+01,   0.245079848863720E+01,
   0.632998478106399E+01,   0.260668184548123E+01,
   0.632914412137068E+01,   0.276252546046214E+01,
   0.650837419159629E+01,   0.245073591563222E+01,
   0.650777750372127E+01,   0.260657505157880E+01,
   0.650708257151613E+01,   0.276238027798537E+01,
   0.681387875083856E+01,   0.245025788675330E+01,
   0.681346122714423E+01,   0.260598994505618E+01,
   0.681298071232082E+01,   0.276169537863526E+01,
   0.711965995933206E+01,   0.244935054271577E+01,
   0.711938667741502E+01,   0.260493513214434E+01,
   0.711907639338703E+01,   0.276049580904260E+01,
   0.729775235027839E+01,   0.244863405719888E+01,
   0.729754761427833E+01,   0.260411401308906E+01,
   0.729731691298760E+01,   0.275957005779322E+01,
   0.760404159291492E+01,   0.244721967903124E+01,
   0.760393846869950E+01,   0.260248426600396E+01,
   0.760382400547362E+01,   0.275773028232820E+01,
   0.791069645900372E+01,   0.244559360756644E+01,
   0.791067597480208E+01,   0.260059737548733E+01,
   0.791065367692333E+01,   0.275559580875502E+01,
  -0.791038689520719E+01,   0.284568512846479E+01,
  -0.791037592785924E+01,   0.300065364703081E+01,
  -0.791037469439774E+01,   0.315561800913046E+01,
  -0.760257659164865E+01,   0.284765793457989E+01,
  -0.760251077387184E+01,   0.300278525585840E+01,
  -0.760247709817183E+01,   0.315789770396862E+01,
  -0.729498996815792E+01,   0.284946896836415E+01,
  -0.729484271389066E+01,   0.300473925935074E+01,
  -0.729473290334237E+01,   0.315998948637802E+01,
  -0.711607566889139E+01,   0.285044225980771E+01,
  -0.711586753211694E+01,   0.300578751663812E+01,
  -0.711569305789182E+01,   0.316111144455622E+01,
  -0.680874443887859E+01,   0.285188082624903E+01,
  -0.680838948206940E+01,   0.300732621542225E+01,
  -0.680806526521578E+01,   0.316273910834638E+01,
  -0.650151240524587E+01,   0.285301028011987E+01,
  -0.650095455453542E+01,   0.300851747829906E+01,
  -0.650043123039784E+01,   0.316396793124485E+01,
  -0.632275257514664E+01,   0.285351470423248E+01,
  -0.632204965313271E+01,   0.300904172728993E+01,
  -0.632138485219471E+01,   0.316449300525144E+01,
  -0.601568003550164E+01,   0.285395700802785E+01,
  -0.601466354635150E+01,   0.300951314085619E+01,
  -0.601366785875364E+01,   0.316496978755536E+01,
  -0.570870993678006E+01,   0.285383970770858E+01,
  -0.570729603778415E+01,   0.300942193424569E+01,
  -0.570585222856023E+01,   0.316489465743563E+01,
  -0.553010772208061E+01,   0.285348849760741E+01,
  -0.552842474175066E+01,   0.300908410126549E+01,
  -0.552666927412318E+01,   0.316456990968407E+01,
  -0.522337097479983E+01,   0.285201270421929E+01,
  -0.522117296286662E+01,   0.300762177080410E+01,
  -0.521884205877408E+01,   0.316311816837925E+01,
  -0.491682679680865E+01,   0.284937906538466E+01,
  -0.491404889486544E+01,   0.300498864272736E+01,
  -0.491109883385998E+01,   0.316047798444593E+01,
  -0.473851714604071E+01,   0.284726876899097E+01,
  -0.473537018687319E+01,   0.300287192869625E+01,
  -0.473203426854809E+01,   0.315834862835243E+01,
  -0.443240853976505E+01,   0.284197143260105E+01,
  -0.442854713624840E+01,   0.299754055690359E+01,
  -0.442442223161771E+01,   0.315297457529225E+01,
  -0.412665802762888E+01,   0.283446441163316E+01,
  -0.412197693035257E+01,   0.298996877836161E+01,
  -0.411689205621743E+01,   0.314533272173368E+01,
  -0.394889588010310E+01,   0.282898809398160E+01,
  -0.394369374274425E+01,   0.298444171059260E+01,
  -0.393797477771708E+01,   0.313975737843957E+01,
  -0.364401839764189E+01,   0.281630233873314E+01,
  -0.363791346441506E+01,   0.297166279180077E+01,
  -0.363102592788707E+01,   0.312696066612776E+01,
  -0.333988653254809E+01,   0.279927914969937E+01,
  -0.333287899257108E+01,   0.295454124967734E+01,
  -0.332473014655232E+01,   0.310991482014184E+01,
  -0.316322289441742E+01,   0.278723243759708E+01,
  -0.315572239084310E+01,   0.294240062879859E+01,
  -0.314683725482777E+01,   0.309782483776797E+01,
  -0.286016756845597E+01,   0.276068209688263E+01,
  -0.285236738709227E+01,   0.291510330242378E+01,
  -0.284283031124846E+01,   0.307007006110284E+01,
  -0.255772761967525E+01,   0.272642466587889E+01,
  -0.255038981311387E+01,   0.287928405365887E+01,
  -0.254106391967794E+01,   0.303302585194826E+01,
  -0.238173547449056E+01,   0.270298042959203E+01,
  -0.237497826055348E+01,   0.285450214991725E+01,
  -0.236613603235058E+01,   0.300709760411767E+01,
  -0.207543511417259E+01,   0.265729957048634E+01,
  -0.206961132773501E+01,   0.280496905829476E+01,
  -0.206166234806884E+01,   0.295362875502728E+01,
  -0.176363892328586E+01,   0.260488394544680E+01,
  -0.175858203135541E+01,   0.274662041864210E+01,
  -0.175152546738991E+01,   0.288868479328689E+01,
  -0.157967577417758E+01,   0.257207819364579E+01,
  -0.157498655995431E+01,   0.270960132009570E+01,
  -0.156844109106484E+01,   0.284685074724034E+01,
  -0.125972288027418E+01,   0.252395251842444E+01,
  -0.125550006138113E+01,   0.265594045290697E+01,
  -0.124969814486342E+01,   0.278701643159318E+01,
  -0.934953857064598E+00,   0.248798509829676E+01,
  -0.930984066006362E+00,   0.261702156277890E+01,
  -0.925738337005353E+00,   0.274511700350516E+01,
  -0.743965785531627E+00,   0.247255655225590E+01,
  -0.740077077737454E+00,   0.260097747793501E+01,
  -0.735102323143389E+00,   0.272868889929274E+01,
  -0.416080158279314E+00,   0.245408664598677E+01,
  -0.412705661211837E+00,   0.258201380534128E+01,
  -0.408617161198569E+00,   0.270956822217889E+01,
  -0.890705517171152E-01,   0.244557939063860E+01,
  -0.867538284784260E-01,   0.257353616780031E+01,
  -0.841562290394688E-01,   0.270131026918392E+01,
   0.100846123221446E+00,   0.244514696742175E+01,
   0.102328503121096E+00,   0.257335515234697E+01,
   0.103817559894490E+00,   0.270142718190374E+01,
   0.426544430233380E+00,   0.245113755713109E+01,
   0.426697595905482E+00,   0.258007687965345E+01,
   0.426439683181682E+00,   0.270890221314539E+01,
   0.751460971901200E+00,   0.246549412651946E+01,
   0.750485322979133E+00,   0.259552808583616E+01,
   0.748761356385036E+00,   0.272540465257158E+01,
   0.940146602958736E+00,   0.247764093471772E+01,
   0.938605931107213E+00,   0.260849310881386E+01,
   0.936155880656840E+00,   0.273913801103099E+01,
   0.126284924944748E+01,   0.250411453684445E+01,
   0.126049082699680E+01,   0.263689443159776E+01,
   0.125697846970843E+01,   0.276942391009527E+01,
   0.158353478553270E+01,   0.253754089225888E+01,
   0.158055146971179E+01,   0.267293821923001E+01,
   0.157620631962455E+01,   0.280810788311350E+01,
   0.176915253085123E+01,   0.256001630691653E+01,
   0.176588223131515E+01,   0.269724803352432E+01,
   0.176114589017757E+01,   0.283429834123129E+01,
   0.208498242270275E+01,   0.260109669131297E+01,
   0.208116655897982E+01,   0.274191692087424E+01,
   0.207573311694086E+01,   0.288273254434060E+01,
   0.239669076716887E+01,   0.264490078601033E+01,
   0.239223677247282E+01,   0.278984746505636E+01,
   0.238604826144754E+01,   0.293509522029621E+01,
   0.257626963238938E+01,   0.267126432024929E+01,
   0.257141277768076E+01,   0.281878385824609E+01,
   0.256477329805272E+01,   0.296682517086013E+01,
   0.288268001165572E+01,   0.271220654576699E+01,
   0.287724667619636E+01,   0.286327747967194E+01,
   0.287004362582811E+01,   0.301507091319422E+01,
   0.318651408447518E+01,   0.274680699617403E+01,
   0.318067477519678E+01,   0.290016437868166E+01,
   0.317320822026437E+01,   0.305418342602653E+01,
   0.336228906608129E+01,   0.276404860351484E+01,
   0.335630137593295E+01,   0.291818844218058E+01,
   0.334882408386035E+01,   0.307284738753890E+01,
   0.366453085742159E+01,   0.278906416957127E+01,
   0.365858252101533E+01,   0.294412615194354E+01,
   0.365140020031540E+01,   0.309948027741267E+01,
   0.396733594300406E+01,   0.280830399921103E+01,
   0.396181945048334E+01,   0.296382827553973E+01,
   0.395533807778190E+01,   0.311946926588868E+01,
   0.414382500378233E+01,   0.281695130247224E+01,
   0.413872318385070E+01,   0.297255154887799E+01,
   0.413281630684707E+01,   0.312819005049536E+01,
   0.444753149694507E+01,   0.282908656182785E+01,
   0.444315850845838E+01,   0.298476934203875E+01,
   0.443821483643400E+01,   0.314039488836636E+01,
   0.475181428361077E+01,   0.283801573693691E+01,
   0.474815309741633E+01,   0.299376079600463E+01,
   0.474409820724893E+01,   0.314940266020806E+01,
   0.492915692201012E+01,   0.284180099125130E+01,
   0.492589957116401E+01,   0.299757297047442E+01,
   0.492232608767285E+01,   0.315323603479697E+01,
   0.523412979029552E+01,   0.284686309022760E+01,
   0.523150898313142E+01,   0.300266528497818E+01,
   0.522867676859116E+01,   0.315835786038385E+01,
   0.553939878791327E+01,   0.285024239447168E+01,
   0.553733640928754E+01,   0.300605452423108E+01,
   0.553513339637631E+01,   0.316176401682087E+01,
   0.571719235802152E+01,   0.285146701402217E+01,
   0.571541942745008E+01,   0.300727579871672E+01,
   0.571353290311441E+01,   0.316298921348105E+01,
   0.602281922166683E+01,   0.285279276539658E+01,
   0.602148878627704E+01,   0.300858330630591E+01,
   0.602008949169390E+01,   0.316429136389102E+01,
   0.632860238144007E+01,   0.285320514553396E+01,
   0.632764598978852E+01,   0.300896209866119E+01,
   0.632666650697910E+01,   0.316464923301705E+01,
   0.650663719047612E+01,   0.285304037184848E+01,
   0.650586695774964E+01,   0.300876938874351E+01,
   0.650509977207160E+01,   0.316443596872290E+01,
   0.681267609257617E+01,   0.285230105038212E+01,
   0.681217126374394E+01,   0.300794745293912E+01,
   0.681169868750799E+01,   0.316354585134967E+01,
   0.711888201602188E+01,   0.285101908285002E+01,
   0.711857369662794E+01,   0.300653623415564E+01,
   0.711830486309694E+01,   0.316202227157174E+01,
   0.729717324871246E+01,   0.285003288475817E+01,
   0.729694919376281E+01,   0.300545376292094E+01,
   0.729675950661673E+01,   0.316085409362472E+01,
   0.760375356163215E+01,   0.284807367493096E+01,
   0.760364717364390E+01,   0.300329934983311E+01,
   0.760356233363489E+01,   0.315851787911971E+01,
   0.791064016812583E+01,   0.284580092021113E+01,
   0.791062066642200E+01,   0.300079465016664E+01,
   0.791060651340733E+01,   0.315578776870056E+01,
  -0.791037860085111E+01,   0.324580433854437E+01,
  -0.791039544385542E+01,   0.340077528877165E+01,
  -0.791042540580852E+01,   0.355575872438298E+01,
  -0.760247355602444E+01,   0.324816655335037E+01,
  -0.760251427108704E+01,   0.340329234368914E+01,
  -0.760261689120900E+01,   0.355844987486017E+01,
  -0.729468957613414E+01,   0.325033561574496E+01,
  -0.729470147707069E+01,   0.340558132870176E+01,
  -0.729482980576615E+01,   0.356084139878835E+01,
  -0.711561187007774E+01,   0.325149889599391E+01,
  -0.711558140329212E+01,   0.340679783719776E+01,
  -0.711569933268053E+01,   0.356208651832582E+01,
  -0.680789649826891E+01,   0.325317235036036E+01,
  -0.680772875662593E+01,   0.340852679981238E+01,
  -0.680772809589819E+01,   0.356383985944235E+01,
  -0.650014679801289E+01,   0.325441239391905E+01,
  -0.649975734823740E+01,   0.340977583444527E+01,
  -0.649950262005794E+01,   0.356508601637402E+01,
  -0.632101800892350E+01,   0.325492998850482E+01,
  -0.632046049134113E+01,   0.341027889986263E+01,
  -0.632000048366713E+01,   0.356557414124416E+01,
  -0.601310046366253E+01,   0.325539888373369E+01,
  -0.601218454027724E+01,   0.341071406566327E+01,
  -0.601134865575986E+01,   0.356594988952179E+01,
  -0.570500505192725E+01,   0.325532627985654E+01,
  -0.570364233853032E+01,   0.341060024093230E+01,
  -0.570241205925031E+01,   0.356573242405424E+01,
  -0.552562519860360E+01,   0.325500697555626E+01,
  -0.552395975451868E+01,   0.341025549208015E+01,
  -0.552248060831833E+01,   0.356531381198511E+01,
  -0.521743777877111E+01,   0.325355890408506E+01,
  -0.521514805440771E+01,   0.340879160505617E+01,
  -0.521304328290924E+01,   0.356380360151648E+01,
  -0.490931190588964E+01,   0.325091342243139E+01,
  -0.490626189669227E+01,   0.340616991745400E+01,
  -0.490325768891698E+01,   0.356125227600203E+01,
  -0.473001022153796E+01,   0.324877640022800E+01,
  -0.472645771978550E+01,   0.340405817434873E+01,
  -0.472282036562631E+01,   0.355921997754076E+01,
  -0.442190361418474E+01,   0.324337436829689E+01,
  -0.441742414102730E+01,   0.339861550060368E+01,
  -0.441275991232758E+01,   0.355374788618772E+01,
  -0.411375981596578E+01,   0.323568482919916E+01,
  -0.410827864556590E+01,   0.339076424824492E+01,
  -0.410270024185294E+01,   0.354562438606664E+01,
  -0.393443094277011E+01,   0.323007776563819E+01,
  -0.392831398533823E+01,   0.338502382769576E+01,
  -0.392221070108941E+01,   0.353964057128182E+01,
  -0.362668634697806E+01,   0.321729755016341E+01,
  -0.361910552682261E+01,   0.337219850577353E+01,
  -0.361143083905429E+01,   0.352666024302886E+01,
  -0.331948362628507E+01,   0.320036904905648E+01,
  -0.330992938514154E+01,   0.335549338765855E+01,
  -0.329973970542793E+01,   0.351019116903381E+01,
  -0.314103944951605E+01,   0.318837215498523E+01,
  -0.313016300896143E+01,   0.334372115652419E+01,
  -0.311815373117093E+01,   0.349871906070206E+01,
  -0.283646775191673E+01,   0.316049015259899E+01,
  -0.282394925324293E+01,   0.331594656562956E+01,
  -0.280939844076369E+01,   0.347147646191657E+01,
  -0.253468040116326E+01,   0.312290867585518E+01,
  -0.252144832197033E+01,   0.327805739612851E+01,
  -0.250526600705908E+01,   0.343410238080751E+01,
  -0.235997155758477E+01,   0.309641843714344E+01,
  -0.234673681833214E+01,   0.325104282295178E+01,
  -0.233003394305870E+01,   0.340715851388253E+01,
  -0.205598046518747E+01,   0.304063252165986E+01,
  -0.204322469606567E+01,   0.319141229722941E+01,
  -0.202651722612687E+01,   0.334388213405932E+01,
  -0.174641898661452E+01,   0.297153145790427E+01,
  -0.173472136997215E+01,   0.311441024543082E+01,
  -0.171915606095501E+01,   0.325799073782565E+01,
  -0.156370455494913E+01,   0.292660046776838E+01,
  -0.155286580881822E+01,   0.306338094597590E+01,
  -0.153845562156081E+01,   0.319984226352886E+01,
  -0.124554076230378E+01,   0.286286487633865E+01,
  -0.123623572687698E+01,   0.299218987676637E+01,
  -0.122408103623761E+01,   0.312021319133809E+01,
  -0.922072040481154E+00,   0.281922763164009E+01,
  -0.914322749038442E+00,   0.294571676014509E+01,
  -0.904684313348982E+00,   0.307111616209687E+01,
  -0.731700432289253E+00,   0.280269819444869E+01,
  -0.724882815665270E+00,   0.292946067597024E+01,
  -0.716821441842094E+00,   0.305573298229874E+01,
  -0.405924634199914E+00,   0.278365760646468E+01,
  -0.400998518993860E+00,   0.291110289665064E+01,
  -0.395727467326216E+00,   0.303878296801659E+01,
  -0.825370870856063E-01,   0.277561453690234E+01,
  -0.799049150999656E-01,   0.290357145629455E+01,
  -0.775099116163421E-01,   0.303194217572736E+01,
   0.104668302570047E+00,   0.277591917274010E+01,
   0.105813972951972E+00,   0.290411527898420E+01,
   0.106518846610113E+00,   0.303260440223786E+01,
   0.426087226647934E+00,   0.278383374156988E+01,
   0.424933985891990E+00,   0.291264855928471E+01,
   0.423059921742278E+00,   0.304156407165456E+01,
   0.747405606691521E+00,   0.280092493911342E+01,
   0.744349616003075E+00,   0.293066502451566E+01,
   0.740357956333558E+00,   0.306038995851561E+01,
   0.934305709617938E+00,   0.281508313630542E+01,
   0.930311729535794E+00,   0.294552456710804E+01,
   0.925275243770331E+00,   0.307591603484343E+01,
   0.125439375240241E+01,   0.284644596683076E+01,
   0.124888119319811E+01,   0.297870354255650E+01,
   0.124199385081191E+01,   0.311086778652284E+01,
   0.157302690825566E+01,   0.288667481483868E+01,
   0.156608528951588E+01,   0.302156825422398E+01,
   0.155722296790618E+01,   0.315634014501962E+01,
   0.175767855488494E+01,   0.291397907653124E+01,
   0.174995140931008E+01,   0.305078897575345E+01,
   0.173990923652889E+01,   0.318747636192709E+01,
   0.207177650953133E+01,   0.296468509094458E+01,
   0.206285458107988E+01,   0.310552215324008E+01,
   0.205113997696855E+01,   0.324639092527096E+01,
   0.238159580744866E+01,   0.301977065037222E+01,
   0.237168575643672E+01,   0.316557408137623E+01,
   0.235880533413740E+01,   0.331177893892212E+01,
   0.256003961851082E+01,   0.305323083696080E+01,
   0.254966563771019E+01,   0.320222961742900E+01,
   0.253635300827447E+01,   0.335191708418229E+01,
   0.286499758971349E+01,   0.310375281736789E+01,
   0.285426153612203E+01,   0.325682390911162E+01,
   0.284082866391463E+01,   0.341078775684883E+01,
   0.316808837588560E+01,   0.314412583297796E+01,
   0.315757506094871E+01,   0.329919973490368E+01,
   0.314483718207429E+01,   0.345494555224999E+01,
   0.334377111600732E+01,   0.316309000197087E+01,
   0.333364717674167E+01,   0.331845535679120E+01,
   0.332166686497874E+01,   0.347419466992482E+01,
   0.364665111146401E+01,   0.319001550110275E+01,
   0.363749808417077E+01,   0.334557695413515E+01,
   0.362708761206388E+01,   0.350110837408120E+01,
   0.395113180371512E+01,   0.321008919277632E+01,
   0.394331074113168E+01,   0.336563214315532E+01,
   0.393476088074659E+01,   0.352093443430797E+01,
   0.412902260638061E+01,   0.321877407641601E+01,
   0.412211573106786E+01,   0.337422154130311E+01,
   0.411474968358921E+01,   0.352938923635028E+01,
   0.443509285759933E+01,   0.323093110735320E+01,
   0.442958074088960E+01,   0.338628351690728E+01,
   0.442392066211108E+01,   0.354134785226573E+01,
   0.474157198234379E+01,   0.323993145485596E+01,
   0.473717295750972E+01,   0.339530662964305E+01,
   0.473273257080558E+01,   0.355044784216678E+01,
   0.492011157546366E+01,   0.324377710939042E+01,
   0.491623875713883E+01,   0.339921254128900E+01,
   0.491230364297054E+01,   0.355446910803564E+01,
   0.522693712506369E+01,   0.324891823046574E+01,
   0.522388247284175E+01,   0.340442773122104E+01,
   0.522075801529967E+01,   0.355981540260418E+01,
   0.553379176230968E+01,   0.325233707984048E+01,
   0.553146408850260E+01,   0.340786768853722E+01,
   0.552911944876517E+01,   0.356327478377340E+01,
   0.571238907047787E+01,   0.325356660104958E+01,
   0.571044234384412E+01,   0.340908827440889E+01,
   0.570853310134052E+01,   0.356446291219819E+01,
   0.601925097020950E+01,   0.325487056737600E+01,
   0.601788382651501E+01,   0.341038861346613E+01,
   0.601662618817605E+01,   0.356574892438678E+01,
   0.632609296375740E+01,   0.325522310389765E+01,
   0.632521024870530E+01,   0.341075921260450E+01,
   0.632447296164605E+01,   0.356617420871871E+01,
   0.650466093548989E+01,   0.325500266331278E+01,
   0.650401541509539E+01,   0.341055582487246E+01,
   0.650352066072123E+01,   0.356602803622299E+01,
   0.681144345174572E+01,   0.325408129565569E+01,
   0.681111439333093E+01,   0.340962248447168E+01,
   0.681093452205235E+01,   0.356513935126968E+01,
   0.711817068112652E+01,   0.325250084817111E+01,
   0.711804089026326E+01,   0.340797040271252E+01,
   0.711804739564014E+01,   0.356345023297610E+01,
   0.729666868990197E+01,   0.325128763681304E+01,
   0.729660357868208E+01,   0.340668787718345E+01,
   0.729666159245314E+01,   0.356210855081056E+01,
   0.760352550953042E+01,   0.324885133678567E+01,
   0.760352393465440E+01,   0.340408259533771E+01,
   0.760360607819278E+01,   0.355933709224207E+01,
   0.791060144809095E+01,   0.324599212094829E+01,
   0.791060900833562E+01,   0.340099098939370E+01,
   0.791063867047485E+01,   0.355599773847925E+01,
  -0.791045397664818E+01,   0.364596421503248E+01,
  -0.791059986121939E+01,   0.380098803127909E+01,
  -0.791087917985277E+01,   0.395605041260775E+01,
  -0.760271990693337E+01,   0.364876764935711E+01,
  -0.760319684770342E+01,   0.380403521735803E+01,
  -0.760408511132197E+01,   0.395941015653953E+01,
  -0.729497049074399E+01,   0.365121031675953E+01,
  -0.729551469894829E+01,   0.380654301276068E+01,
  -0.729646824731723E+01,   0.396195316759192E+01,
  -0.711584255974629E+01,   0.365245937201029E+01,
  -0.711631256288721E+01,   0.380775589585433E+01,
  -0.711707927253854E+01,   0.396307259478178E+01,
  -0.680780501655658E+01,   0.365421041577876E+01,
  -0.680807595275124E+01,   0.380944181448929E+01,
  -0.680852316938148E+01,   0.396461136472536E+01,
  -0.649941856064746E+01,   0.365544785417133E+01,
  -0.649941751038022E+01,   0.381062808140399E+01,
  -0.649960244609284E+01,   0.396569727442993E+01,
  -0.631978378220958E+01,   0.365592656074822E+01,
  -0.631959254295864E+01,   0.381108122613736E+01,
  -0.631964357927252E+01,   0.396611184092254E+01,
  -0.601090769357344E+01,   0.365625749715031E+01,
  -0.601036035856531E+01,   0.381134188614993E+01,
  -0.601009777803227E+01,   0.396631418452066E+01,
  -0.570176150860069E+01,   0.365595601066991E+01,
  -0.570082466374092E+01,   0.381093201659566E+01,
  -0.570012635376497E+01,   0.396585235636365E+01,
  -0.552170541629278E+01,   0.365547603670791E+01,
  -0.552051898126960E+01,   0.381037472739616E+01,
  -0.551951630301604E+01,   0.396526180643911E+01,
  -0.521190576996232E+01,   0.365392416185941E+01,
  -0.521013651755402E+01,   0.380871592914932E+01,
  -0.520860648604168E+01,   0.396344998032299E+01,
  -0.490155009361733E+01,   0.365142392968677E+01,
  -0.489898705246938E+01,   0.380614872563033E+01,
  -0.489693594659148E+01,   0.396059561618516E+01,
  -0.472069911270203E+01,   0.364945269872965E+01,
  -0.471757596526737E+01,   0.380415387029812E+01,
  -0.471518774651414E+01,   0.395839266784422E+01,
  -0.440999710119718E+01,   0.364396603649979E+01,
  -0.440572755274062E+01,   0.379860665095115E+01,
  -0.440214172697305E+01,   0.395273429962969E+01,
  -0.409941327193130E+01,   0.363565219301475E+01,
  -0.409376251029672E+01,   0.379020040736685E+01,
  -0.408811750482042E+01,   0.394457355950590E+01,
  -0.391863945454167E+01,   0.362949442850270E+01,
  -0.391208144837692E+01,   0.378396815583691E+01,
  -0.390493489531586E+01,   0.393859039600982E+01,
  -0.360689965177947E+01,   0.361637720436135E+01,
  -0.359867680671214E+01,   0.377059508507756E+01,
  -0.358985483160152E+01,   0.392494389306066E+01,
  -0.329358024881490E+01,   0.360001457694061E+01,
  -0.328356880846122E+01,   0.375380181980373E+01,
  -0.327441814246877E+01,   0.390686448853795E+01,
  -0.311078237338598E+01,   0.358871537973630E+01,
  -0.309958548422644E+01,   0.374224030650546E+01,
  -0.309054847949921E+01,   0.389425414638012E+01,
  -0.280015231722217E+01,   0.356194434628827E+01,
  -0.278533568335340E+01,   0.371604701279252E+01,
  -0.277221530354913E+01,   0.386827184736878E+01,
  -0.249450181786605E+01,   0.352526008265017E+01,
  -0.247387419911807E+01,   0.368139010270998E+01,
  -0.245057692350404E+01,   0.383673136276058E+01,
  -0.231858133323315E+01,   0.349865626639128E+01,
  -0.229386668167731E+01,   0.365626490550697E+01,
  -0.226249142719195E+01,   0.381426967143778E+01,
  -0.201468757063533E+01,   0.343339051421807E+01,
  -0.198636803230398E+01,   0.358843327795905E+01,
  -0.194731985359241E+01,   0.374503875536769E+01,
  -0.170803517295828E+01,   0.334190437766811E+01,
  -0.168109100646170E+01,   0.348712474808503E+01,
  -0.164362902369613E+01,   0.363371659888128E+01,
  -0.152821188556816E+01,   0.327915860608328E+01,
  -0.150417134334148E+01,   0.341594258081268E+01,
  -0.147152724533117E+01,   0.355345362952266E+01,
  -0.121560624779634E+01,   0.319418170170514E+01,
  -0.119727967358894E+01,   0.332125912119343E+01,
  -0.117400006574099E+01,   0.344844239629522E+01,
  -0.898232972189579E+00,   0.314365435724628E+01,
  -0.886125096813611E+00,   0.326842818558176E+01,
  -0.872784422552609E+00,   0.339350087067698E+01,
  -0.711646375564308E+00,   0.312904771841112E+01,
  -0.703282510531578E+00,   0.325550313100972E+01,
  -0.695779983820086E+00,   0.338268020749309E+01,
  -0.392632690657877E+00,   0.311323185992517E+01,
  -0.389276589586442E+00,   0.324188915797736E+01,
  -0.388686365603005E+00,   0.337154711548736E+01,
  -0.763127866809669E-01,   0.310684979117983E+01,
  -0.759288169020587E-01,   0.323600197548506E+01,
  -0.778500905279799E-01,   0.336572831216030E+01,
   0.106698068992992E+00,   0.310750865459378E+01,
   0.106180901052767E+00,   0.323627672239277E+01,
   0.104559586505413E+00,   0.336510442362847E+01,
   0.421675865636911E+00,   0.311661703132906E+01,
   0.419379984196671E+00,   0.324530339548156E+01,
   0.417271651496755E+00,   0.337359936861297E+01,
   0.737650709010587E+00,   0.313587512552202E+01,
   0.733049237619032E+00,   0.326545784218674E+01,
   0.728612492096352E+00,   0.339487591463641E+01,
   0.921891259137334E+00,   0.315179139008061E+01,
   0.915712053090731E+00,   0.328232743064590E+01,
   0.909130689894521E+00,   0.341309620778603E+01,
   0.123734554657096E+01,   0.318777590201099E+01,
   0.122815130184867E+01,   0.332040823508492E+01,
   0.121741538199462E+01,   0.345372567285461E+01,
   0.155114468412267E+01,   0.323475675858838E+01,
   0.153856536983928E+01,   0.337002432980451E+01,
   0.152320761966498E+01,   0.350604010435017E+01,
   0.173294762337534E+01,   0.326700234117593E+01,
   0.171828175357380E+01,   0.340409070559152E+01,
   0.170008548813431E+01,   0.354180851233008E+01,
   0.204295644487760E+01,   0.332841024950824E+01,
   0.202532637846301E+01,   0.346971526531588E+01,
   0.200301047466349E+01,   0.361154008445812E+01,
   0.234982857978869E+01,   0.339706094467919E+01,
   0.233013642843251E+01,   0.354404293849352E+01,
   0.230480304676807E+01,   0.369160598581964E+01,
   0.252712094093429E+01,   0.343934974991930E+01,
   0.250670344428602E+01,   0.359011148963507E+01,
   0.248024240022343E+01,   0.374154267265085E+01,
   0.283164939306500E+01,   0.350078806431309E+01,
   0.281170814024484E+01,   0.365586676617608E+01,
   0.278623560706576E+01,   0.381146214561059E+01,
   0.313635157448153E+01,   0.354586547379713E+01,
   0.311919348869021E+01,   0.370208143647185E+01,
   0.309867180256550E+01,   0.385821985620127E+01,
   0.331385562981972E+01,   0.356496493378343E+01,
   0.329923288699981E+01,   0.372054034507516E+01,
   0.328312587242716E+01,   0.387553458820259E+01,
   0.362052887509067E+01,   0.359156997988154E+01,
   0.360960331438902E+01,   0.374626683161830E+01,
   0.359928400733832E+01,   0.389993862912618E+01,
   0.392952027184383E+01,   0.361118258951585E+01,
   0.392114049661350E+01,   0.376563211967799E+01,
   0.391370454617400E+01,   0.391924422186639E+01,
   0.411028910875762E+01,   0.361955784791774E+01,
   0.410290216018924E+01,   0.377412466951886E+01,
   0.409594795997336E+01,   0.392821161789665E+01,
   0.442055856277957E+01,   0.363146957547859E+01,
   0.441466661442156E+01,   0.378623915979191E+01,
   0.440862949133492E+01,   0.394092418478162E+01,
   0.473012562541831E+01,   0.364063804276638E+01,
   0.472555163822171E+01,   0.379554816248858E+01,
   0.472085011096082E+01,   0.395040008970379E+01,
   0.490999252764265E+01,   0.364474391182282E+01,
   0.490610375056731E+01,   0.379970903874675E+01,
   0.490233585014221E+01,   0.395448458345464E+01,
   0.521892770609312E+01,   0.365018503360811E+01,
   0.521607067510782E+01,   0.380522706765584E+01,
   0.521362153848644E+01,   0.395995396551172E+01,
   0.552776642811029E+01,   0.365365718853460E+01,
   0.552575634019062E+01,   0.380875791613508E+01,
   0.552418616910605E+01,   0.396359483761861E+01,
   0.570745261081181E+01,   0.365482079024430E+01,
   0.570585322929769E+01,   0.380994883981215E+01,
   0.570460809963841E+01,   0.396491218038362E+01,
   0.601594965645542E+01,   0.365609835861788E+01,
   0.601495846191771E+01,   0.381128520082939E+01,
   0.601419460863785E+01,   0.396641047362560E+01,
   0.632411120054058E+01,   0.365657042867365E+01,
   0.632361115306462E+01,   0.381183440237374E+01,
   0.632326560332058E+01,   0.396702856139210E+01,
   0.650330165331100E+01,   0.365647236768979E+01,
   0.650303660979989E+01,   0.381178841872376E+01,
   0.650291120794882E+01,   0.396698799719506E+01,
   0.681090074516788E+01,   0.365563298193596E+01,
   0.681099850905139E+01,   0.381103173686307E+01,
   0.681129808088158E+01,   0.396630549307516E+01,
   0.711812426882897E+01,   0.365394111091775E+01,
   0.711853962898785E+01,   0.380941127570178E+01,
   0.711933557995005E+01,   0.396485894536112E+01,
   0.729676878571088E+01,   0.365257345755950E+01,
   0.729733449993340E+01,   0.380807117864496E+01,
   0.729841894000509E+01,   0.396364587228797E+01,
   0.760371072000138E+01,   0.364970929628703E+01,
   0.760426710838231E+01,   0.380509607547233E+01,
   0.760533933355849E+01,   0.396062685171531E+01,
   0.791067222837033E+01,   0.364621557415822E+01,
   0.791085119683130E+01,   0.380127217066687E+01,
   0.791119682113422E+01,   0.395638390521167E+01,
  -0.701673703112012E+01,   0.102355574391383E+02,
  -0.739880993315848E+01,   0.101721516215179E+02,
  -0.778088283519683E+01,   0.101087458038975E+02,
  -0.502943960310546E+01,   0.637056039689454E+01,
  -0.530330088310819E+01,   0.609669911689181E+01,
  -0.557716216311093E+01,   0.582283783688907E+01,
  -0.116444256086174E+01,   0.438326296887988E+01,
  -0.122784837848213E+01,   0.400119006684152E+01,
  -0.129125419610251E+01,   0.361911716480316E+01,
   0.116444256086174E+01,   0.438326296887988E+01,
   0.122784837848213E+01,   0.400119006684152E+01,
   0.129125419610251E+01,   0.361911716480317E+01,
   0.502943960310546E+01,   0.637056039689454E+01,
   0.530330088310819E+01,   0.609669911689181E+01,
   0.557716216311093E+01,   0.582283783688907E+01,
   0.701673703112012E+01,   0.102355574391383E+02,
   0.739880993315848E+01,   0.101721516215179E+02,
   0.778088283519683E+01,   0.101087458038975E+02,
