!----------------------------------------------------------------
!
!
!----------------------------------------------------------------
*begin
2       !problem dimension
3, 3	!degree of each dimension patch1
5, 4    !control points in each direction patch1
0, 0    !open(0) or closed(1) knot vector patch1
-----------------------------------------------------------------
*knots    !knot spans
0.0, 0.0, 0.0, 0.0, 0.5, 1.0, 1.0, 1.0, 1.0 
0.0, 0.0, 0.0, 0.0, 1.0, 1.0, 1.0, 1.0 
-----------------------------------------------------------------
*element
Quad16S  !Element for patch 1
*bnet     
0.000000E+000 0.000000E+000 1.000000E+000
0.000000E+000 3.333333E-001 1.000000E+000
0.000000E+000 6.666667E-001 1.000000E+000
0.000000E+000 1.000000E+000 1.000000E+000
1.666667E+001 0.000000E+000 1.000000E+000
1.666667E+001 3.333333E-001 1.000000E+000
1.666667E+001 6.666667E-001 1.000000E+000
1.666667E+001 1.000000E+000 1.000000E+000
5.000000E+001 0.000000E+000 1.000000E+000
5.000000E+001 3.333333E-001 1.000000E+000
5.000000E+001 6.666667E-001 1.000000E+000
5.000000E+001 1.000000E+000 1.000000E+000
8.333333E+001 0.000000E+000 1.000000E+000
8.333333E+001 3.333333E-001 1.000000E+000
8.333333E+001 6.666667E-001 1.000000E+000
8.333333E+001 1.000000E+000 1.000000E+000
1.000000E+002 0.000000E+000 1.000000E+000
1.000000E+002 3.333333E-001 1.000000E+000
1.000000E+002 6.666667E-001 1.000000E+000
1.000000E+002 1.000000E+000 1.000000E+000
-----------------------------------------------------------------
*material
5
1000.0, 0.0, 1.0, 0.0, 1.0e25
*boundary
8
1, 1, 1
1, 1, 2
1, 2, 1
1, 2, 2
1, 3, 1
1, 3, 2
1, 4, 1
1, 4, 2
-----------------------------------------------------------------
*load
1
5, 4, 2, -0.1
*end