!----------------------------------------------------------------
!
! Simple Example with 2 patches
!
!----------------------------------------------------------------
*begin_MP
2       !number of patches
2       !problem dimension
2, 2	!degree of each dimension patch1
2, 2    !degree of each dimension patch2
6, 4    !control points in each direction patch1
4, 4    !control points in each direction patch2
0, 0    !open(0) or closed(1) knot vector patch1
0, 0    !open(0) or closed(1) knot vector patch2
40      !total number of control points
-----------------------------------------------------------------
*knots    !knot spans
0.0, 0.0, 0.0, 0.25, 0.5, 0.75, 1.0, 1.0, 1.0  !U patch 1
0.0, 0.0, 0.0, 0.5, 1.0, 1.0, 1.0  !V patch 2
0.0, 0.0, 0.0, 0.5, 1.0, 1.0, 1.0  !U patch 2
0.0, 0.0, 0.0, 0.5, 1.0, 1.0, 1.0  !V patch 2
-----------------------------------------------------------------
*element
Quad9E  !Element for patch 1
Quad9E  !Element for patch 2
*bnet     
0.000000E+000 0.000000E+000 1.000000E+000 !P1
0.000000E+000 2.500000E-001 1.000000E+000
0.000000E+000 7.500000E-001 1.000000E+000
0.000000E+000 1.000000E+000 1.000000E+000
2.500000E-001 0.000000E+000 1.000000E+000
2.500000E-001 2.500000E-001 1.000000E+000
2.500000E-001 7.500000E-001 1.000000E+000
2.500000E-001 1.000000E+000 1.000000E+000
7.500000E-001 0.000000E+000 1.000000E+000
7.500000E-001 2.500000E-001 1.000000E+000
7.500000E-001 7.500000E-001 1.000000E+000
7.500000E-001 1.000000E+000 1.000000E+000
1.250000E+000 0.000000E+000 1.000000E+000
1.250000E+000 2.500000E-001 1.000000E+000
1.250000E+000 7.500000E-001 1.000000E+000
1.250000E+000 1.000000E+000 1.000000E+000
1.750000E+000 0.000000E+000 1.000000E+000
1.750000E+000 2.500000E-001 1.000000E+000
1.750000E+000 7.500000E-001 1.000000E+000
1.750000E+000 1.000000E+000 1.000000E+000
2.000000E+000 0.000000E+000 1.000000E+000
2.000000E+000 2.500000E-001 1.000000E+000
2.000000E+000 7.500000E-001 1.000000E+000
2.000000E+000 1.000000E+000 1.000000E+000
6.000000E-001 1.100000E+000 1.000000E+000 !P2
6.000000E-001 1.287500E+000 1.000000E+000
6.000000E-001 1.662500E+000 1.000000E+000
6.000000E-001 1.850000E+000 1.000000E+000
8.000000E-001 1.100000E+000 1.000000E+000
8.000000E-001 1.287500E+000 1.000000E+000
8.000000E-001 1.662500E+000 1.000000E+000
8.000000E-001 1.850000E+000 1.000000E+000
1.200000E+000 1.100000E+000 1.000000E+000
1.200000E+000 1.287500E+000 1.000000E+000
1.200000E+000 1.662500E+000 1.000000E+000
1.200000E+000 1.850000E+000 1.000000E+000
1.400000E+000 1.100000E+000 1.000000E+000
1.400000E+000 1.287500E+000 1.000000E+000
1.400000E+000 1.662500E+000 1.000000E+000
1.400000E+000 1.850000E+000 1.000000E+000
-----------------------------------------------------------------
*MP_conn
1	15	14	13	9	8	7	3	2	1
2	16	15	14	10	9	8	4	3	2
3	17	16	15	11	10	9	5	4	3
4	18	17	16	12	11	10	6	5	4
5	21	20	19	15	14	13	9	8	7
6	22	21	20	16	15	14	10	9	8
7	23	22	21	17	16	15	11	10	9
8	24	23	22	18	17	16	12	11	10
9	35	34	33	31	30	29	27	26	25
10	36	35	34	32	31	30	28	27	26
11	39	38	37	35	34	33	31	30	29
12	40	39	38	36	35	34	32	31	30
-----------------------------------------------------------------
*material
5
1000.0, 0.3, 1.0, 0.0, 1.0e25
1000.0, 0.3, 1.0, 0.0, 1.0e25
-----------------------------------------------------------------
*ContactPTS
*Master
2
6
0.0, 0.0, 0.0, 0.25, 0.5, 0.75, 1.0, 1.0, 1.0
19, 20, 21, 22, 23, 24
*Slave
2
4
0.0, 0.0, 0.0, 0.5, 1.0, 1.0, 1.0
28, 27, 26, 25
-----------------------------------------------------------------
*Multistep
1
*step
*bcdof
16
1, 1
1, 2
2, 1
2, 2
3, 1
3, 2
4, 1
4, 2
5, 1
5, 2
6, 1
6, 2
37, 1
38, 1
39, 1
40, 1
*dispdof
4
37, 2, -0.3
38, 2, -0.3
39, 2, -0.3
40, 2, -0.3
*endstep
*end
