-----------------------------------------------------------------------------------------------
Cook's membrane with 4 elements per side
Obtained from a cook_2k4_p2 by p-refinement
-----------------------------------------------------------------------------------------------
*begin
2        !problem dimension
2, 2     !degree of each dimension
6, 6     !control points in each direction
0, 0     !open(0) or closed(1) knot vector
-----------------------------------------------------------------------------------------------
*knots    !knot spans
0.0 0.0 0.0 0.25 0.5 0.75 1.0 1.0 1.0
0.0 0.0 0.0 0.25 0.5 0.75 1.0 1.0 1.0
-----------------------------------------------------------------------------------------------
*element
Quad9E
-----------------------------------------------------------------------------------------------
*bnet     !nurbs control points
0.000000E+000 0.000000E+000 1.000000E+000
0.000000E+000 5.500000E+000 1.000000E+000
0.000000E+000 1.650000E+001 1.000000E+000
0.000000E+000 2.750000E+001 1.000000E+000
0.000000E+000 3.850000E+001 1.000000E+000
0.000000E+000 4.400000E+001 1.000000E+000
6.000000E+000 5.500000E+000 1.000000E+000
6.000000E+000 1.056250E+001 1.000000E+000
6.000000E+000 2.068750E+001 1.000000E+000
6.000000E+000 3.081250E+001 1.000000E+000
6.000000E+000 4.093750E+001 1.000000E+000
6.000000E+000 4.600000E+001 1.000000E+000
1.800000E+001 1.650000E+001 1.000000E+000
1.800000E+001 2.068750E+001 1.000000E+000
1.800000E+001 2.906250E+001 1.000000E+000
1.800000E+001 3.743750E+001 1.000000E+000
1.800000E+001 4.581250E+001 1.000000E+000
1.800000E+001 5.000000E+001 1.000000E+000
3.000000E+001 2.750000E+001 1.000000E+000
3.000000E+001 3.081250E+001 1.000000E+000
3.000000E+001 3.743750E+001 1.000000E+000
3.000000E+001 4.406250E+001 1.000000E+000
3.000000E+001 5.068750E+001 1.000000E+000
3.000000E+001 5.400000E+001 1.000000E+000
4.200000E+001 3.850000E+001 1.000000E+000
4.200000E+001 4.093750E+001 1.000000E+000
4.200000E+001 4.581250E+001 1.000000E+000
4.200000E+001 5.068750E+001 1.000000E+000
4.200000E+001 5.556250E+001 1.000000E+000
4.200000E+001 5.800000E+001 1.000000E+000
4.800000E+001 4.400000E+001 1.000000E+000
4.800000E+001 4.600000E+001 1.000000E+000
4.800000E+001 5.000000E+001 1.000000E+000
4.800000E+001 5.400000E+001 1.000000E+000
4.800000E+001 5.800000E+001 1.000000E+000
4.800000E+001 6.000000E+001 1.000000E+000
-----------------------------------------------------------------------------------------------
*material
5
240.565, 0.49990, 1.0, 0.0, 1.0e25
!Young Modulus, Poisson coef, thickness (set to 1.0 if not used), density, Yield Stress
-----------------------------------------------------------------------------------------------
*boundary   !boundary condition
12
1, 1, 1
1, 1, 2
1, 2, 1
1, 2, 2
1, 3, 1
1, 3, 2
1, 4, 1
1, 4, 2
1, 5, 1
1, 5, 2
1, 6, 1
1, 6, 2
--------------------------------------------------------
*load       !load vector
6
6, 1, 2,  6.25
6, 2, 2, 18.75
6, 3, 2, 25.00
6, 4, 2, 25.00
6, 5, 2, 18.75
6, 6, 2,  6.25
-----------------------------------------------------------------------------------------------
*end