-----------------------------------------------------------------------------------------------
Curved Beam subjected to a shear load with 10 control points per side
-----------------------------------------------------------------------------------------------
*begin
2          !problem dimension
2, 2       !degree of each dimension
10, 10     !control points in each direction
0, 0       !open(0) or closed(1) knot vector
-----------------------------------------------------------------------------------------------
*knots    !knot spans
0.0, 0.0, 0.0, 0.125, 0.25, 0.375, 0.5, 0.625, 0.75, 0.875, 1.0, 1.0, 1.0 
0.0, 0.0, 0.0, 0.125, 0.25, 0.375, 0.5, 0.625, 0.75, 0.875, 1.0, 1.0, 1.0 
-----------------------------------------------------------------------------------------------
*element
Quad9E
-----------------------------------------------------------------------------------------------
*bnet     !nurbs control points
0.000000E+000 5.000000E+000 1.000000E+000
0.000000E+000 5.312500E+000 1.000000E+000
0.000000E+000 5.937500E+000 1.000000E+000
0.000000E+000 6.562500E+000 1.000000E+000
0.000000E+000 7.187500E+000 1.000000E+000
0.000000E+000 7.812500E+000 1.000000E+000
0.000000E+000 8.437500E+000 1.000000E+000
0.000000E+000 9.062500E+000 1.000000E+000
0.000000E+000 9.687500E+000 1.000000E+000
0.000000E+000 1.000000E+001 1.000000E+000
4.587369E-001 5.000000E+000 9.633883E-001
4.874079E-001 5.312500E+000 9.633883E-001
5.447500E-001 5.937500E+000 9.633883E-001
6.020921E-001 6.562500E+000 9.633883E-001
6.594342E-001 7.187500E+000 9.633883E-001
7.167763E-001 7.812500E+000 9.633883E-001
7.741184E-001 8.437500E+000 9.633883E-001
8.314605E-001 9.062500E+000 9.633883E-001
8.888027E-001 9.687500E+000 9.633883E-001
9.174737E-001 1.000000E+001 9.633883E-001
1.388162E+000 4.828008E+000 9.084709E-001
1.474922E+000 5.129758E+000 9.084709E-001
1.648442E+000 5.733259E+000 9.084709E-001
1.821962E+000 6.336760E+000 9.084709E-001
1.995482E+000 6.940261E+000 9.084709E-001
2.169002E+000 7.543762E+000 9.084709E-001
2.342523E+000 8.147263E+000 9.084709E-001
2.516043E+000 8.750764E+000 9.084709E-001
2.689563E+000 9.354265E+000 9.084709E-001
2.776323E+000 9.656015E+000 9.084709E-001
2.311779E+000 4.462356E+000 8.718592E-001
2.456265E+000 4.741253E+000 8.718592E-001
2.745238E+000 5.299048E+000 8.718592E-001
3.034210E+000 5.856842E+000 8.718592E-001
3.323183E+000 6.414637E+000 8.718592E-001
3.612155E+000 6.972431E+000 8.718592E-001
3.901128E+000 7.530226E+000 8.718592E-001
4.190100E+000 8.088020E+000 8.718592E-001
4.479072E+000 8.645814E+000 8.718592E-001
4.623559E+000 8.924712E+000 8.718592E-001
3.169417E+000 3.901650E+000 8.535534E-001
3.367506E+000 4.145504E+000 8.535534E-001
3.763683E+000 4.633210E+000 8.535534E-001
4.159860E+000 5.120916E+000 8.535534E-001
4.556037E+000 5.608622E+000 8.535534E-001
4.952215E+000 6.096329E+000 8.535534E-001
5.348392E+000 6.584035E+000 8.535534E-001
5.744569E+000 7.071741E+000 8.535534E-001
6.140746E+000 7.559448E+000 8.535534E-001
6.338835E+000 7.803301E+000 8.535534E-001
3.901650E+000 3.169417E+000 8.535534E-001
4.145504E+000 3.367506E+000 8.535534E-001
4.633210E+000 3.763683E+000 8.535534E-001
5.120916E+000 4.159860E+000 8.535534E-001
5.608622E+000 4.556037E+000 8.535534E-001
6.096329E+000 4.952215E+000 8.535534E-001
6.584035E+000 5.348392E+000 8.535534E-001
7.071741E+000 5.744569E+000 8.535534E-001
7.559448E+000 6.140746E+000 8.535534E-001
7.803301E+000 6.338835E+000 8.535534E-001
4.462356E+000 2.311779E+000 8.718592E-001
4.741253E+000 2.456265E+000 8.718592E-001
5.299048E+000 2.745238E+000 8.718592E-001
5.856842E+000 3.034210E+000 8.718592E-001
6.414637E+000 3.323183E+000 8.718592E-001
6.972431E+000 3.612155E+000 8.718592E-001
7.530226E+000 3.901128E+000 8.718592E-001
8.088020E+000 4.190100E+000 8.718592E-001
8.645814E+000 4.479072E+000 8.718592E-001
8.924712E+000 4.623559E+000 8.718592E-001
4.828008E+000 1.388162E+000 9.084709E-001
5.129758E+000 1.474922E+000 9.084709E-001
5.733259E+000 1.648442E+000 9.084709E-001
6.336760E+000 1.821962E+000 9.084709E-001
6.940261E+000 1.995482E+000 9.084709E-001
7.543762E+000 2.169002E+000 9.084709E-001
8.147263E+000 2.342523E+000 9.084709E-001
8.750764E+000 2.516043E+000 9.084709E-001
9.354265E+000 2.689563E+000 9.084709E-001
9.656015E+000 2.776323E+000 9.084709E-001
5.000000E+000 4.587369E-001 9.633883E-001
5.312500E+000 4.874079E-001 9.633883E-001
5.937500E+000 5.447500E-001 9.633883E-001
6.562500E+000 6.020921E-001 9.633883E-001
7.187500E+000 6.594342E-001 9.633883E-001
7.812500E+000 7.167763E-001 9.633883E-001
8.437500E+000 7.741184E-001 9.633883E-001
9.062500E+000 8.314605E-001 9.633883E-001
9.687500E+000 8.888027E-001 9.633883E-001
1.000000E+001 9.174737E-001 9.633883E-001
5.000000E+000 0.000000E+000 1.000000E+000
5.312500E+000 0.000000E+000 1.000000E+000
5.937500E+000 0.000000E+000 1.000000E+000
6.562500E+000 0.000000E+000 1.000000E+000
7.187500E+000 0.000000E+000 1.000000E+000
7.812500E+000 0.000000E+000 1.000000E+000
8.437500E+000 0.000000E+000 1.000000E+000
9.062500E+000 0.000000E+000 1.000000E+000
9.687500E+000 0.000000E+000 1.000000E+000
1.000000E+001 0.000000E+000 1.000000E+000
-----------------------------------------------------------------------------------------------
*material
5
9600.0, 0.0, 1.0, 0.0, 1.0e25
!Young Modulus, Poisson coef, thickness (set to 1.0 if not used), density, Yield Stress
-----------------------------------------------------------------------------------------------
*boundary   !boundary condition
11
1,  1, 1
1,  1, 2
1,  2, 1
1,  3, 1
1,  4, 1
1,  5, 1
1,  6, 1
1,  7, 1
1,  8, 1
1,  9, 1
1, 10, 1
--------------------------------------------------------
*displacement       !load vector
10
10,  1, 1,  -0.1
10,  2, 1,  -0.1
10,  3, 1,  -0.1
10,  4, 1,  -0.1
10,  5, 1,  -0.1
10,  6, 1,  -0.1
10,  7, 1,  -0.1
10,  8, 1,  -0.1
10,  9, 1,  -0.1
10, 10, 1,  -0.1
-----------------------------------------------------------------------------------------------
*end