-----------------------------------------------------------------------------------------------
-----------------------------------------------------------------------------------------------
*begin
2        !problem dimension
2, 2     !degree of each dimension
12, 3     !control points in each direction
0, 0     !open(0) or closed(1) knot vector
-----------------------------------------------------------------------------------------------
*knots    !knot spans
0.0 0.0 0.0 0.1 0.2 0.3 0.4 0.5 0.6 0.7 0.8 0.9 1.0 1.0 1.0
0.0 0.0 0.0 1.0 1.0 1.0
-----------------------------------------------------------------------------------------------
*element
Quad9S
-----------------------------------------------------------------------------------------------
*bnet     !nurbs control points
0.000000E+000 0.000000E+000 1.000000E+000
0.000000E+000 5.000000E-002 1.000000E+000
0.000000E+000 1.000000E-001 1.000000E+000
5.000000E-001 0.000000E+000 1.000000E+000
5.000000E-001 5.000000E-002 1.000000E+000
5.000000E-001 1.000000E-001 1.000000E+000
1.500000E+000 0.000000E+000 1.000000E+000
1.500000E+000 5.000000E-002 1.000000E+000
1.500000E+000 1.000000E-001 1.000000E+000
2.500000E+000 0.000000E+000 1.000000E+000
2.500000E+000 5.000000E-002 1.000000E+000
2.500000E+000 1.000000E-001 1.000000E+000
3.500000E+000 0.000000E+000 1.000000E+000
3.500000E+000 5.000000E-002 1.000000E+000
3.500000E+000 1.000000E-001 1.000000E+000
4.500000E+000 0.000000E+000 1.000000E+000
4.500000E+000 5.000000E-002 1.000000E+000
4.500000E+000 1.000000E-001 1.000000E+000
5.500000E+000 0.000000E+000 1.000000E+000
5.500000E+000 5.000000E-002 1.000000E+000
5.500000E+000 1.000000E-001 1.000000E+000
6.500000E+000 0.000000E+000 1.000000E+000
6.500000E+000 5.000000E-002 1.000000E+000
6.500000E+000 1.000000E-001 1.000000E+000
7.500000E+000 0.000000E+000 1.000000E+000
7.500000E+000 5.000000E-002 1.000000E+000
7.500000E+000 1.000000E-001 1.000000E+000
8.500000E+000 0.000000E+000 1.000000E+000
8.500000E+000 5.000000E-002 1.000000E+000
8.500000E+000 1.000000E-001 1.000000E+000
9.500000E+000 0.000000E+000 1.000000E+000
9.500000E+000 5.000000E-002 1.000000E+000
9.500000E+000 1.000000E-001 1.000000E+000
1.000000E+001 0.000000E+000 1.000000E+000
1.000000E+001 5.000000E-002 1.000000E+000
1.000000E+001 1.000000E-001 1.000000E+000
-----------------------------------------------------------------------------------------------
*material
5
1.0e7, 0.3, 1.0, 0.0, 1.0e25
!Young Modulus, Poisson coef, thickness (set to 1.0 if not used), density, Yield Stress
-----------------------------------------------------------------------------------------------
*bcdof
6
1, 1
1, 2
13, 1
13, 2
25, 1
25, 2
*loaddof
3
12, 2, -10.0
24, 2, -20.0
36, 2, -10.0
*end