!----------------------------------------------------------------
!
! Hertz Problem
!
!----------------------------------------------------------------
*begin_MP
2       !number of patches
2       !problem dimension
2, 2	!degree of each dimension patch1
2, 2    !degree of each dimension patch2
19, 6    !control points in each direction patch1
3, 3    !control points in each direction patch2
0, 0    !open(0) or closed(1) knot vector patch1
0, 0    !open(0) or closed(1) knot vector patch2
123      !total number of control points
-----------------------------------------------------------------
*knots    !knot spans
0.00000	0.00000	0.00000	0.06250	0.12500	0.18750	0.25000	0.31250	0.37500	0.43750	0.50000	0.50000	0.56250	0.62500	0.68750	0.75000	0.81250	0.87500	0.93750	1.00000	1.00000	1.00000
0.0, 0.0, 0.0, 0.25, 0.5, 0.75, 1.0, 1.0, 1.0
0.0, 0.0, 0.0, 1.0, 1.0, 1.0  
0.0, 0.0, 0.0, 1.0, 1.0, 1.0  
-----------------------------------------------------------------
*element
Quad9E  !Element for patch 1
Quad9E  !Element for patch 2
*bnet     
0.000000E+000 1.000000E+001 1.000000E+000
-1.250000E+000 1.000000E+001 1.000000E+000
-3.750000E+000 1.000000E+001 1.000000E+000
-6.250000E+000 1.000000E+001 1.000000E+000
-8.750000E+000 1.000000E+001 1.000000E+000
-1.000000E+001 1.000000E+001 1.000000E+000
0.000000E+000 1.000000E+001 9.633883E-001
-1.250000E+000 9.885316E+000 9.633883E-001
-3.750000E+000 9.655947E+000 9.633883E-001
-6.250000E+000 9.426579E+000 9.633883E-001
-8.750000E+000 9.197211E+000 9.633883E-001
-1.000000E+001 9.082526E+000 9.633883E-001
0.000000E+000 1.000000E+001 9.084709E-001
-1.207002E+000 9.652960E+000 9.084709E-001
-3.621006E+000 8.958879E+000 9.084709E-001
-6.035010E+000 8.264798E+000 9.084709E-001
-8.449013E+000 7.570717E+000 9.084709E-001
-9.656015E+000 7.223677E+000 9.084709E-001
0.000000E+000 1.000000E+001 8.718592E-001
-1.115589E+000 9.422055E+000 8.718592E-001
-3.346767E+000 8.266166E+000 8.718592E-001
-5.577945E+000 7.110276E+000 8.718592E-001
-7.809123E+000 5.954386E+000 8.718592E-001
-8.924712E+000 5.376441E+000 8.718592E-001
0.000000E+000 1.000000E+001 8.535534E-001
-9.754126E-001 9.207646E+000 8.535534E-001
-2.926238E+000 7.622937E+000 8.535534E-001
-4.877063E+000 6.038228E+000 8.535534E-001
-6.827888E+000 4.453520E+000 8.535534E-001
-7.803301E+000 3.661165E+000 8.535534E-001
0.000000E+000 1.000000E+001 8.535534E-001
-7.923543E-001 9.024587E+000 8.535534E-001
-2.377063E+000 7.073762E+000 8.535534E-001
-3.961772E+000 5.122937E+000 8.535534E-001
-5.546480E+000 3.172112E+000 8.535534E-001
-6.338835E+000 2.196699E+000 8.535534E-001
0.000000E+000 1.000000E+001 8.718592E-001
-5.779448E-001 8.884411E+000 8.718592E-001
-1.733834E+000 6.653233E+000 8.718592E-001
-2.889724E+000 4.422055E+000 8.718592E-001
-4.045614E+000 2.190877E+000 8.718592E-001
-4.623559E+000 1.075288E+000 8.718592E-001
0.000000E+000 1.000000E+001 9.084709E-001
-3.470404E-001 8.792998E+000 9.084709E-001
-1.041121E+000 6.378994E+000 9.084709E-001
-1.735202E+000 3.964990E+000 9.084709E-001
-2.429283E+000 1.550987E+000 9.084709E-001
-2.776323E+000 3.439846E-001 9.084709E-001
0.000000E+000 1.000000E+001 9.633883E-001
-1.146842E-001 8.750000E+000 9.633883E-001
-3.440526E-001 6.250000E+000 9.633883E-001
-5.734211E-001 3.750000E+000 9.633883E-001
-8.027895E-001 1.250000E+000 9.633883E-001
-9.174737E-001 0.000000E+000 9.633883E-001
0.000000E+000 1.000000E+001 1.000000E+000
0.000000E+000 8.750000E+000 1.000000E+000
0.000000E+000 6.250000E+000 1.000000E+000
0.000000E+000 3.750000E+000 1.000000E+000
0.000000E+000 1.250000E+000 1.000000E+000
0.000000E+000 0.000000E+000 1.000000E+000
0.000000E+000 1.000000E+001 9.633883E-001
1.146842E-001 8.750000E+000 9.633883E-001
3.440526E-001 6.250000E+000 9.633883E-001
5.734211E-001 3.750000E+000 9.633883E-001
8.027895E-001 1.250000E+000 9.633883E-001
9.174737E-001 0.000000E+000 9.633883E-001
0.000000E+000 1.000000E+001 9.084709E-001
3.470404E-001 8.792998E+000 9.084709E-001
1.041121E+000 6.378994E+000 9.084709E-001
1.735202E+000 3.964990E+000 9.084709E-001
2.429283E+000 1.550987E+000 9.084709E-001
2.776323E+000 3.439846E-001 9.084709E-001
0.000000E+000 1.000000E+001 8.718592E-001
5.779448E-001 8.884411E+000 8.718592E-001
1.733834E+000 6.653233E+000 8.718592E-001
2.889724E+000 4.422055E+000 8.718592E-001
4.045614E+000 2.190877E+000 8.718592E-001
4.623559E+000 1.075288E+000 8.718592E-001
0.000000E+000 1.000000E+001 8.535534E-001
7.923543E-001 9.024587E+000 8.535534E-001
2.377063E+000 7.073762E+000 8.535534E-001
3.961772E+000 5.122937E+000 8.535534E-001
5.546480E+000 3.172112E+000 8.535534E-001
6.338835E+000 2.196699E+000 8.535534E-001
0.000000E+000 1.000000E+001 8.535534E-001
9.754126E-001 9.207646E+000 8.535534E-001
2.926238E+000 7.622937E+000 8.535534E-001
4.877063E+000 6.038228E+000 8.535534E-001
6.827888E+000 4.453520E+000 8.535534E-001
7.803301E+000 3.661165E+000 8.535534E-001
0.000000E+000 1.000000E+001 8.718592E-001
1.115589E+000 9.422055E+000 8.718592E-001
3.346767E+000 8.266166E+000 8.718592E-001
5.577945E+000 7.110276E+000 8.718592E-001
7.809123E+000 5.954386E+000 8.718592E-001
8.924712E+000 5.376441E+000 8.718592E-001
0.000000E+000 1.000000E+001 9.084709E-001
1.207002E+000 9.652960E+000 9.084709E-001
3.621006E+000 8.958879E+000 9.084709E-001
6.035010E+000 8.264798E+000 9.084709E-001
8.449013E+000 7.570717E+000 9.084709E-001
9.656015E+000 7.223677E+000 9.084709E-001
0.000000E+000 1.000000E+001 9.633883E-001
1.250000E+000 9.885316E+000 9.633883E-001
3.750000E+000 9.655947E+000 9.633883E-001
6.250000E+000 9.426579E+000 9.633883E-001
8.750000E+000 9.197211E+000 9.633883E-001
1.000000E+001 9.082526E+000 9.633883E-001
0.000000E+000 1.000000E+001 1.000000E+000
1.250000E+000 1.000000E+001 1.000000E+000
3.750000E+000 1.000000E+001 1.000000E+000
6.250000E+000 1.000000E+001 1.000000E+000
8.750000E+000 1.000000E+001 1.000000E+000
1.000000E+001 1.000000E+001 1.000000E+000
-1.000000E+001 -2.000000E+000 1.000000E+000  !Rigid Body
-1.000000E+001 -1.000000E+000 1.000000E+000
-1.000000E+001  0.000000E+000 1.000000E+000
 0.000000E+000 -2.000000E+000 1.000000E+000
 0.000000E+000 -1.000000E+000 1.000000E+000
 0.000000E+000  0.000000E+000 1.000000E+000
 1.000000E+001 -2.000000E+000 1.000000E+000
 1.000000E+001 -1.000000E+000 1.000000E+000
 1.000000E+001  0.000000E+000 1.000000E+000
-----------------------------------------------------------------
*MP_conn
   1   41   40   39   22   21   20    3    2    1
   2   42   41   40   23   22   21    4    3    2
   3   43   42   41   24   23   22    5    4    3
   4   44   43   42   25   24   23    6    5    4
   5   45   44   43   26   25   24    7    6    5
   6   46   45   44   27   26   25    8    7    6
   7   47   46   45   28   27   26    9    8    7
   8   48   47   46   29   28   27   10    9    8
   9   50   49   48   31   30   29   12   11   10
  10   51   50   49   32   31   30   13   12   11
  11   52   51   50   33   32   31   14   13   12
  12   53   52   51   34   33   32   15   14   13
  13   54   53   52   35   34   33   16   15   14
  14   55   54   53   36   35   34   17   16   15
  15   56   55   54   37   36   35   18   17   16
  16   57   56   55   38   37   36   19   18   17
  17   60   59   58   41   40   39   22   21   20
  18   61   60   59   42   41   40   23   22   21
  19   62   61   60   43   42   41   24   23   22
  20   63   62   61   44   43   42   25   24   23
  21   64   63   62   45   44   43   26   25   24
  22   65   64   63   46   45   44   27   26   25
  23   66   65   64   47   46   45   28   27   26
  24   67   66   65   48   47   46   29   28   27
  25   69   68   67   50   49   48   31   30   29
  26   70   69   68   51   50   49   32   31   30
  27   71   70   69   52   51   50   33   32   31
  28   72   71   70   53   52   51   34   33   32
  29   73   72   71   54   53   52   35   34   33
  30   74   73   72   55   54   53   36   35   34
  31   75   74   73   56   55   54   37   36   35
  32   76   75   74   57   56   55   38   37   36
  33   79   78   77   60   59   58   41   40   39
  34   80   79   78   61   60   59   42   41   40
  35   81   80   79   62   61   60   43   42   41
  36   82   81   80   63   62   61   44   43   42
  37   83   82   81   64   63   62   45   44   43
  38   84   83   82   65   64   63   46   45   44
  39   85   84   83   66   65   64   47   46   45
  40   86   85   84   67   66   65   48   47   46
  41   88   87   86   69   68   67   50   49   48
  42   89   88   87   70   69   68   51   50   49
  43   90   89   88   71   70   69   52   51   50
  44   91   90   89   72   71   70   53   52   51
  45   92   91   90   73   72   71   54   53   52
  46   93   92   91   74   73   72   55   54   53
  47   94   93   92   75   74   73   56   55   54
  48   95   94   93   76   75   74   57   56   55
  49   98   97   96   79   78   77   60   59   58
  50   99   98   97   80   79   78   61   60   59
  51  100   99   98   81   80   79   62   61   60
  52  101  100   99   82   81   80   63   62   61
  53  102  101  100   83   82   81   64   63   62
  54  103  102  101   84   83   82   65   64   63
  55  104  103  102   85   84   83   66   65   64
  56  105  104  103   86   85   84   67   66   65
  57  107  106  105   88   87   86   69   68   67
  58  108  107  106   89   88   87   70   69   68
  59  109  108  107   90   89   88   71   70   69
  60  110  109  108   91   90   89   72   71   70
  61  111  110  109   92   91   90   73   72   71
  62  112  111  110   93   92   91   74   73   72
  63  113  112  111   94   93   92   75   74   73
  64  114  113  112   95   94   93   76   75   74
65	123	122	121	120	119	118	117	116	115
-----------------------------------------------------------------
*material
5
 30.0e6, 0.3, 1.0, 0.0, 1.0e25
30.0e10, 0.3, 1.0, 0.0, 1.0e25
-----------------------------------------------------------------
*ContactPTS
*Master
2
3
0.0, 0.0, 0.0, 1.0, 1.0, 1.0
121, 122, 123
*Slave
2
19
0.00000	0.00000	0.00000	0.06250	0.12500	0.18750	0.25000	0.31250	0.37500	0.43750	0.50000	0.50000	0.56250	0.62500	0.68750	0.75000	0.81250	0.87500	0.93750	1.00000	1.00000	1.00000
114	113	112	111	110	109	108	107	106	105	104	103	102	101	100	99	98	97	96
-----------------------------------------------------------------
*Multistep
1
*step
*increment
1
*iteration
100
*bcdof
37
1	,	1
2	,	1
3	,	1
4	,	1
5	,	1
6	,	1
7	,	1
8	,	1
9	,	1
10	,	1
11	,	1
12	,	1
13	,	1
14	,	1
15	,	1
16	,	1
17	,	1
18	,	1
19	,	1
115	,	1
116	,	1
117	,	1
118	,	1
119	,	1
120	,	1
121	,	1
122	,	1
123	,	1
115	,	2
116	,	2
117	,	2
118	,	2
119	,	2
120	,	2
121	,	2
122	,	2
123	,	2
*dispdof
29
1	,	2	,	-0.4
2	,	2	,	-0.4
3	,	2	,	-0.4
4	,	2	,	-0.4
5	,	2	,	-0.4
6	,	2	,	-0.4
7	,	2	,	-0.4
8	,	2	,	-0.4
9	,	2	,	-0.4
10	,	2	,	-0.4
11	,	2	,	-0.4
12	,	2	,	-0.4
13	,	2	,	-0.4
14	,	2	,	-0.4
15	,	2	,	-0.4
16	,	2	,	-0.4
17	,	2	,	-0.4
18	,	2	,	-0.4
19	,	2	,	-0.4
20	,	2	,	-0.4
39	,	2	,	-0.4
58	,	2	,	-0.4
77	,	2	,	-0.4
96	,	2	,	-0.4
38	,	2	,	-0.4
57	,	2	,	-0.4
76	,	2	,	-0.4
95	,	2	,	-0.4
114	,	2	,	-0.4
*endstep
*end
