!----------------------------------------------------------------
!
! Hertz Problem
!
!----------------------------------------------------------------
*begin_MP
2       !number of patches
2       !problem dimension
2, 2	!degree of each dimension patch1
2, 2    !degree of each dimension patch2
18, 10  !control points in each direction patch1
3, 3    !control points in each direction patch2
0, 0    !open(0) or closed(1) knot vector patch1
0, 0    !open(0) or closed(1) knot vector patch2
189      !total number of control points
-----------------------------------------------------------------
*knots    !knot spans
0, 0, 0, 0.0312500000000000, 0.0625000000000000, 0.0937500000000000, 0.125000000000000, 0.156250000000000, 0.187500000000000, 0.218750000000000, 0.250000000000000, 0.300000000000000, 0.400000000000000, 0.500000000000000, 0.600000000000000, 0.700000000000000, 0.800000000000000, 0.900000000000000, 1, 1, 1
0, 0, 0, 0.125000000000000, 0.250000000000000, 0.375000000000000, 0.500000000000000, 0.625000000000000, 0.750000000000000, 0.875000000000000, 1, 1, 1
0.0, 0.0, 0.0, 1.0, 1.0, 1.0  
0.0, 0.0, 0.0, 1.0, 1.0, 1.0  
-----------------------------------------------------------------
*element
Quad9E  !Element for patch 1
Quad9E  !Element for patch 2
*bnet     
0.000000E+000 1.000000E+001 1.000000E+000
0.000000E+000 9.375000E+000 1.000000E+000
0.000000E+000 8.125000E+000 1.000000E+000
0.000000E+000 6.875000E+000 1.000000E+000
0.000000E+000 5.625000E+000 1.000000E+000
0.000000E+000 4.375000E+000 1.000000E+000
0.000000E+000 3.125000E+000 1.000000E+000
0.000000E+000 1.875000E+000 1.000000E+000
0.000000E+000 6.250000E-001 1.000000E+000
0.000000E+000 0.000000E+000 1.000000E+000
0.000000E+000 1.000000E+001 9.908471E-001
1.393825E-002 9.375000E+000 9.908471E-001
4.181476E-002 8.125000E+000 9.908471E-001
6.969127E-002 6.875000E+000 9.908471E-001
9.756778E-002 5.625000E+000 9.908471E-001
1.254443E-001 4.375000E+000 9.908471E-001
1.533208E-001 3.125000E+000 9.908471E-001
1.811973E-001 1.875000E+000 9.908471E-001
2.090738E-001 6.250000E-001 9.908471E-001
2.230121E-001 0.000000E+000 9.908471E-001
0.000000E+000 1.000000E+001 9.736854E-001
4.203247E-002 9.376254E+000 9.736854E-001
1.260974E-001 8.128761E+000 9.736854E-001
2.101624E-001 6.881268E+000 9.736854E-001
2.942273E-001 5.633776E+000 9.736854E-001
3.782923E-001 4.386283E+000 9.736854E-001
4.623572E-001 3.138791E+000 9.736854E-001
5.464222E-001 1.891298E+000 9.736854E-001
6.304871E-001 6.438054E-001 9.736854E-001
6.725196E-001 2.005910E-002 9.736854E-001
0.000000E+000 1.000000E+001 9.576678E-001
7.052185E-002 9.378824E+000 9.576678E-001
2.115655E-001 8.136472E+000 9.576678E-001
3.526092E-001 6.894120E+000 9.576678E-001
4.936529E-001 5.651768E+000 9.576678E-001
6.346966E-001 4.409416E+000 9.576678E-001
7.757403E-001 3.167064E+000 9.576678E-001
9.167840E-001 1.924712E+000 9.576678E-001
1.057828E+000 6.823598E-001 9.576678E-001
1.128350E+000 6.118380E-002 9.576678E-001
0.000000E+000 1.000000E+001 9.427943E-001
9.932280E-002 9.382769E+000 9.427943E-001
2.979684E-001 8.148306E+000 9.427943E-001
4.966140E-001 6.913843E+000 9.427943E-001
6.952596E-001 5.679380E+000 9.427943E-001
8.939052E-001 4.444918E+000 9.427943E-001
1.092551E+000 3.210455E+000 9.427943E-001
1.291196E+000 1.975992E+000 9.427943E-001
1.489842E+000 7.415294E-001 9.427943E-001
1.589165E+000 1.242981E-001 9.427943E-001
0.000000E+000 1.000000E+001 9.290649E-001
1.283439E-001 9.388139E+000 9.290649E-001
3.850316E-001 8.164417E+000 9.290649E-001
6.417194E-001 6.940695E+000 9.290649E-001
8.984072E-001 5.716973E+000 9.290649E-001
1.155095E+000 4.493251E+000 9.290649E-001
1.411783E+000 3.269530E+000 9.290649E-001
1.668470E+000 2.045808E+000 9.290649E-001
1.925158E+000 8.220858E-001 9.290649E-001
2.053502E+000 2.102248E-001 9.290649E-001
0.000000E+000 1.000000E+001 9.164797E-001
1.574863E-001 9.394979E+000 9.164797E-001
4.724589E-001 8.184938E+000 9.164797E-001
7.874315E-001 6.974896E+000 9.164797E-001
1.102404E+000 5.764855E+000 9.164797E-001
1.417377E+000 4.554813E+000 9.164797E-001
1.732349E+000 3.344771E+000 9.164797E-001
2.047322E+000 2.134730E+000 9.164797E-001
2.362295E+000 9.246883E-001 9.164797E-001
2.519781E+000 3.196675E-001 9.164797E-001
0.000000E+000 1.000000E+001 9.050385E-001
1.866446E-001 9.403325E+000 9.050385E-001
5.599338E-001 8.209974E+000 9.050385E-001
9.332231E-001 7.016623E+000 9.050385E-001
1.306512E+000 5.823272E+000 9.050385E-001
1.679801E+000 4.629921E+000 9.050385E-001
2.053091E+000 3.436570E+000 9.050385E-001
2.426380E+000 2.243219E+000 9.050385E-001
2.799669E+000 1.049868E+000 9.050385E-001
2.986314E+000 4.531920E-001 9.050385E-001
0.000000E+000 1.000000E+001 8.947415E-001
2.157076E-001 9.413201E+000 8.947415E-001
6.471227E-001 8.239602E+000 8.947415E-001
1.078538E+000 7.066003E+000 8.947415E-001
1.509953E+000 5.892404E+000 8.947415E-001
1.941368E+000 4.718806E+000 8.947415E-001
2.372783E+000 3.545207E+000 8.947415E-001
2.804198E+000 2.371608E+000 8.947415E-001
3.235613E+000 1.198009E+000 8.947415E-001
3.451321E+000 6.112101E-001 8.947415E-001
0.000000E+000 1.000000E+001 8.828427E-001
2.533313E-001 9.428096E+000 8.828427E-001
7.599939E-001 8.284287E+000 8.828427E-001
1.266657E+000 7.140478E+000 8.828427E-001
1.773319E+000 5.996669E+000 8.828427E-001
2.279982E+000 4.852860E+000 8.828427E-001
2.786644E+000 3.709051E+000 8.828427E-001
3.293307E+000 2.565242E+000 8.828427E-001
3.799970E+000 1.421433E+000 8.828427E-001
4.053301E+000 8.495284E-001 8.828427E-001
0.000000E+000 1.000000E+001 8.652691E-001
3.216262E-001 9.461678E+000 8.652691E-001
9.648785E-001 8.385035E+000 8.652691E-001
1.608131E+000 7.308391E+000 8.652691E-001
2.251383E+000 6.231748E+000 8.652691E-001
2.894636E+000 5.155104E+000 8.652691E-001
3.537888E+000 4.078461E+000 8.652691E-001
4.181140E+000 3.001817E+000 8.652691E-001
4.824393E+000 1.925174E+000 8.652691E-001
5.146019E+000 1.386852E+000 8.652691E-001
0.000000E+000 1.000000E+001 8.535534E-001
4.053301E-001 9.521447E+000 8.535534E-001
1.215990E+000 8.564340E+000 8.535534E-001
2.026650E+000 7.607233E+000 8.535534E-001
2.837311E+000 6.650126E+000 8.535534E-001
3.647971E+000 5.693019E+000 8.535534E-001
4.458631E+000 4.735913E+000 8.535534E-001
5.269291E+000 3.778806E+000 8.535534E-001
6.079951E+000 2.821699E+000 8.535534E-001
6.485281E+000 2.343146E+000 8.535534E-001
0.000000E+000 1.000000E+001 8.535534E-001
4.785534E-001 9.594670E+000 8.535534E-001
1.435660E+000 8.784010E+000 8.535534E-001
2.392767E+000 7.973350E+000 8.535534E-001
3.349874E+000 7.162689E+000 8.535534E-001
4.306981E+000 6.352029E+000 8.535534E-001
5.264087E+000 5.541369E+000 8.535534E-001
6.221194E+000 4.730709E+000 8.535534E-001
7.178301E+000 3.920049E+000 8.535534E-001
7.656854E+000 3.514719E+000 8.535534E-001
0.000000E+000 1.000000E+001 8.652691E-001
5.383218E-001 9.678374E+000 8.652691E-001
1.614965E+000 9.035121E+000 8.652691E-001
2.691609E+000 8.391869E+000 8.652691E-001
3.768252E+000 7.748617E+000 8.652691E-001
4.844896E+000 7.105364E+000 8.652691E-001
5.921539E+000 6.462112E+000 8.652691E-001
6.998183E+000 5.818860E+000 8.652691E-001
8.074826E+000 5.175607E+000 8.652691E-001
8.613148E+000 4.853981E+000 8.652691E-001
0.000000E+000 1.000000E+001 8.887006E-001
5.828036E-001 9.768833E+000 8.887006E-001
1.748411E+000 9.306500E+000 8.887006E-001
2.914018E+000 8.844167E+000 8.887006E-001
4.079625E+000 8.381834E+000 8.887006E-001
5.245232E+000 7.919501E+000 8.887006E-001
6.410839E+000 7.457168E+000 8.887006E-001
7.576446E+000 6.994835E+000 8.887006E-001
8.742053E+000 6.532502E+000 8.887006E-001
9.324857E+000 6.301335E+000 8.887006E-001
0.000000E+000 1.000000E+001 9.238478E-001
6.114696E-001 9.862093E+000 9.238478E-001
1.834409E+000 9.586280E+000 9.238478E-001
3.057348E+000 9.310466E+000 9.238478E-001
4.280287E+000 9.034653E+000 9.238478E-001
5.503227E+000 8.758839E+000 9.238478E-001
6.726166E+000 8.483026E+000 9.238478E-001
7.949105E+000 8.207212E+000 9.238478E-001
9.172044E+000 7.931399E+000 9.238478E-001
9.783514E+000 7.793492E+000 9.238478E-001
0.000000E+000 1.000000E+001 9.707107E-001
6.250000E-001 9.954472E+000 9.707107E-001
1.875000E+000 9.863417E+000 9.707107E-001
3.125000E+000 9.772362E+000 9.707107E-001
4.375000E+000 9.681306E+000 9.707107E-001
5.625000E+000 9.590251E+000 9.707107E-001
6.875000E+000 9.499196E+000 9.707107E-001
8.125000E+000 9.408141E+000 9.707107E-001
9.375000E+000 9.317085E+000 9.707107E-001
1.000000E+001 9.271558E+000 9.707107E-001
0.000000E+000 1.000000E+001 1.000000E+000
6.250000E-001 1.000000E+001 1.000000E+000
1.875000E+000 1.000000E+001 1.000000E+000
3.125000E+000 1.000000E+001 1.000000E+000
4.375000E+000 1.000000E+001 1.000000E+000
5.625000E+000 1.000000E+001 1.000000E+000
6.875000E+000 1.000000E+001 1.000000E+000
8.125000E+000 1.000000E+001 1.000000E+000
9.375000E+000 1.000000E+001 1.000000E+000
1.000000E+001 1.000000E+001 1.000000E+000
-1.000000E+001 -2.000000E+000 1.000000E+000  !Rigid Body
-1.000000E+001 -1.000000E+000 1.000000E+000
-1.000000E+001  0.000000E+000 1.000000E+000
 0.000000E+000 -2.000000E+000 1.000000E+000
 0.000000E+000 -1.000000E+000 1.000000E+000
 0.000000E+000  0.000000E+000 1.000000E+000
 1.000000E+001 -2.000000E+000 1.000000E+000
 1.000000E+001 -1.000000E+000 1.000000E+000
 1.000000E+001  0.000000E+000 1.000000E+000
-----------------------------------------------------------------
*MP_conn
   1   39   38   37   21   20   19    3    2    1
   2   40   39   38   22   21   20    4    3    2
   3   41   40   39   23   22   21    5    4    3
   4   42   41   40   24   23   22    6    5    4
   5   43   42   41   25   24   23    7    6    5
   6   44   43   42   26   25   24    8    7    6
   7   45   44   43   27   26   25    9    8    7
   8   46   45   44   28   27   26   10    9    8
   9   47   46   45   29   28   27   11   10    9
  10   48   47   46   30   29   28   12   11   10
  11   49   48   47   31   30   29   13   12   11
  12   50   49   48   32   31   30   14   13   12
  13   51   50   49   33   32   31   15   14   13
  14   52   51   50   34   33   32   16   15   14
  15   53   52   51   35   34   33   17   16   15
  16   54   53   52   36   35   34   18   17   16
  17   57   56   55   39   38   37   21   20   19
  18   58   57   56   40   39   38   22   21   20
  19   59   58   57   41   40   39   23   22   21
  20   60   59   58   42   41   40   24   23   22
  21   61   60   59   43   42   41   25   24   23
  22   62   61   60   44   43   42   26   25   24
  23   63   62   61   45   44   43   27   26   25
  24   64   63   62   46   45   44   28   27   26
  25   65   64   63   47   46   45   29   28   27
  26   66   65   64   48   47   46   30   29   28
  27   67   66   65   49   48   47   31   30   29
  28   68   67   66   50   49   48   32   31   30
  29   69   68   67   51   50   49   33   32   31
  30   70   69   68   52   51   50   34   33   32
  31   71   70   69   53   52   51   35   34   33
  32   72   71   70   54   53   52   36   35   34
  33   75   74   73   57   56   55   39   38   37
  34   76   75   74   58   57   56   40   39   38
  35   77   76   75   59   58   57   41   40   39
  36   78   77   76   60   59   58   42   41   40
  37   79   78   77   61   60   59   43   42   41
  38   80   79   78   62   61   60   44   43   42
  39   81   80   79   63   62   61   45   44   43
  40   82   81   80   64   63   62   46   45   44
  41   83   82   81   65   64   63   47   46   45
  42   84   83   82   66   65   64   48   47   46
  43   85   84   83   67   66   65   49   48   47
  44   86   85   84   68   67   66   50   49   48
  45   87   86   85   69   68   67   51   50   49
  46   88   87   86   70   69   68   52   51   50
  47   89   88   87   71   70   69   53   52   51
  48   90   89   88   72   71   70   54   53   52
  49   93   92   91   75   74   73   57   56   55
  50   94   93   92   76   75   74   58   57   56
  51   95   94   93   77   76   75   59   58   57
  52   96   95   94   78   77   76   60   59   58
  53   97   96   95   79   78   77   61   60   59
  54   98   97   96   80   79   78   62   61   60
  55   99   98   97   81   80   79   63   62   61
  56  100   99   98   82   81   80   64   63   62
  57  101  100   99   83   82   81   65   64   63
  58  102  101  100   84   83   82   66   65   64
  59  103  102  101   85   84   83   67   66   65
  60  104  103  102   86   85   84   68   67   66
  61  105  104  103   87   86   85   69   68   67
  62  106  105  104   88   87   86   70   69   68
  63  107  106  105   89   88   87   71   70   69
  64  108  107  106   90   89   88   72   71   70
  65  111  110  109   93   92   91   75   74   73
  66  112  111  110   94   93   92   76   75   74
  67  113  112  111   95   94   93   77   76   75
  68  114  113  112   96   95   94   78   77   76
  69  115  114  113   97   96   95   79   78   77
  70  116  115  114   98   97   96   80   79   78
  71  117  116  115   99   98   97   81   80   79
  72  118  117  116  100   99   98   82   81   80
  73  119  118  117  101  100   99   83   82   81
  74  120  119  118  102  101  100   84   83   82
  75  121  120  119  103  102  101   85   84   83
  76  122  121  120  104  103  102   86   85   84
  77  123  122  121  105  104  103   87   86   85
  78  124  123  122  106  105  104   88   87   86
  79  125  124  123  107  106  105   89   88   87
  80  126  125  124  108  107  106   90   89   88
  81  129  128  127  111  110  109   93   92   91
  82  130  129  128  112  111  110   94   93   92
  83  131  130  129  113  112  111   95   94   93
  84  132  131  130  114  113  112   96   95   94
  85  133  132  131  115  114  113   97   96   95
  86  134  133  132  116  115  114   98   97   96
  87  135  134  133  117  116  115   99   98   97
  88  136  135  134  118  117  116  100   99   98
  89  137  136  135  119  118  117  101  100   99
  90  138  137  136  120  119  118  102  101  100
  91  139  138  137  121  120  119  103  102  101
  92  140  139  138  122  121  120  104  103  102
  93  141  140  139  123  122  121  105  104  103
  94  142  141  140  124  123  122  106  105  104
  95  143  142  141  125  124  123  107  106  105
  96  144  143  142  126  125  124  108  107  106
  97  147  146  145  129  128  127  111  110  109
  98  148  147  146  130  129  128  112  111  110
  99  149  148  147  131  130  129  113  112  111
 100  150  149  148  132  131  130  114  113  112
 101  151  150  149  133  132  131  115  114  113
 102  152  151  150  134  133  132  116  115  114
 103  153  152  151  135  134  133  117  116  115
 104  154  153  152  136  135  134  118  117  116
 105  155  154  153  137  136  135  119  118  117
 106  156  155  154  138  137  136  120  119  118
 107  157  156  155  139  138  137  121  120  119
 108  158  157  156  140  139  138  122  121  120
 109  159  158  157  141  140  139  123  122  121
 110  160  159  158  142  141  140  124  123  122
 111  161  160  159  143  142  141  125  124  123
 112  162  161  160  144  143  142  126  125  124
 113  165  164  163  147  146  145  129  128  127
 114  166  165  164  148  147  146  130  129  128
 115  167  166  165  149  148  147  131  130  129
 116  168  167  166  150  149  148  132  131  130
 117  169  168  167  151  150  149  133  132  131
 118  170  169  168  152  151  150  134  133  132
 119  171  170  169  153  152  151  135  134  133
 120  172  171  170  154  153  152  136  135  134
 121  173  172  171  155  154  153  137  136  135
 122  174  173  172  156  155  154  138  137  136
 123  175  174  173  157  156  155  139  138  137
 124  176  175  174  158  157  156  140  139  138
 125  177  176  175  159  158  157  141  140  139
 126  178  177  176  160  159  158  142  141  140
 127  179  178  177  161  160  159  143  142  141
 128  180  179  178  162  161  160  144  143  142
129	189	188	187	186	185	184	183	182	181
-----------------------------------------------------------------
*material
5
 30.0e6, 0.3, 1.0, 0.0, 1.0e25
30.0e10, 0.3, 1.0, 0.0, 1.0e25
-----------------------------------------------------------------
*ContactPTS
*Master
2
3
0.0, 0.0, 0.0, 1.0, 1.0, 1.0
187, 188, 189
*Slave
2
18
0, 0, 0, 0.0312500000000000, 0.0625000000000000, 0.0937500000000000, 0.125000000000000, 0.156250000000000, 0.187500000000000, 0.218750000000000, 0.250000000000000, 0.300000000000000, 0.400000000000000, 0.500000000000000, 0.600000000000000, 0.700000000000000, 0.800000000000000, 0.900000000000000, 1, 1, 1
163	164	165	166	167	168	169	170	171	172	173	174	175	176	177	178	179	180
-----------------------------------------------------------------
*Multistep
1
*step
*increment
1
*iteration
100
*bcdof
45
1	,	1
2	,	1
3	,	1
4	,	1
5	,	1
6	,	1
7	,	1
8	,	1
9	,	1
10	,	1
11	,	1
12	,	1
13	,	1
14	,	1
15	,	1
16	,	1
17	,	1
18	,	1
19	,	1
37	,	1
55	,	1
73	,	1
91	,	1
109	,	1
127	,	1
145	,	1
163	,	1
181	,	1
182	,	1
183	,	1
184	,	1
185	,	1
186	,	1
187	,	1
188	,	1
189	,	1
181	,	2
182	,	2
183	,	2
184	,	2
185	,	2
186	,	2
187	,	2
188	,	2
189	,	2
*dispdof
27
1	,	2	,	-0.4
2	,	2	,	-0.4
3	,	2	,	-0.4
4	,	2	,	-0.4
5	,	2	,	-0.4
6	,	2	,	-0.4
7	,	2	,	-0.4
8	,	2	,	-0.4
9	,	2	,	-0.4
10	,	2	,	-0.4
11	,	2	,	-0.4
12	,	2	,	-0.4
13	,	2	,	-0.4
14	,	2	,	-0.4
15	,	2	,	-0.4
16	,	2	,	-0.4
17	,	2	,	-0.4
18	,	2	,	-0.4
36	,	2	,	-0.4
54	,	2	,	-0.4
72	,	2	,	-0.4
90	,	2	,	-0.4
108	,	2	,	-0.4
126	,	2	,	-0.4
144	,	2	,	-0.4
162	,	2	,	-0.4
180	,	2	,	-0.4
*endstep
*end
