!----------------------------------------------------------------
!
! Hertz Problem
!
!----------------------------------------------------------------
*begin_MP
2       !number of patches
2       !problem dimension
2, 2	!degree of each dimension patch1
2, 2    !degree of each dimension patch2
18, 18  !control points in each direction patch1
3, 3    !control points in each direction patch2
0, 0    !open(0) or closed(1) knot vector patch1
0, 0    !open(0) or closed(1) knot vector patch2
333      !total number of control points
-----------------------------------------------------------------
*knots    !knot spans
0, 0, 0, 0.0312500000000000, 0.0625000000000000, 0.0937500000000000, 0.125000000000000, 0.156250000000000, 0.187500000000000, 0.218750000000000, 0.250000000000000, 0.312500000000000, 0.375000000000000, 0.437500000000000, 0.500000000000000, 0.625000000000000, 0.750000000000000, 0.875000000000000, 1, 1, 1
0, 0, 0, 0.125000000000000, 0.250000000000000, 0.375000000000000, 0.500000000000000, 0.562500000000000, 0.625000000000000, 0.687500000000000, 0.750000000000000, 0.781250000000000, 0.812500000000000, 0.843750000000000, 0.875000000000000, 0.906250000000000, 0.937500000000000, 0.968750000000000, 1, 1, 1
0.0, 0.0, 0.0, 1.0, 1.0, 1.0  
0.0, 0.0, 0.0, 1.0, 1.0, 1.0  
-----------------------------------------------------------------
*element
Quad9E  !Element for patch 1
Quad9E  !Element for patch 2
*bnet     
0.000000E+000 4.000000E+000 1.000000E+000
0.000000E+000 3.750000E+000 1.000000E+000
0.000000E+000 3.250000E+000 1.000000E+000
0.000000E+000 2.750000E+000 1.000000E+000
0.000000E+000 2.250000E+000 1.000000E+000
0.000000E+000 1.875000E+000 1.000000E+000
0.000000E+000 1.625000E+000 1.000000E+000
0.000000E+000 1.375000E+000 1.000000E+000
0.000000E+000 1.125000E+000 1.000000E+000
0.000000E+000 9.375000E-001 1.000000E+000
0.000000E+000 8.125000E-001 1.000000E+000
0.000000E+000 6.875000E-001 1.000000E+000
0.000000E+000 5.625000E-001 1.000000E+000
0.000000E+000 4.375000E-001 1.000000E+000
0.000000E+000 3.125000E-001 1.000000E+000
0.000000E+000 1.875000E-001 1.000000E+000
0.000000E+000 6.250000E-002 1.000000E+000
0.000000E+000 0.000000E+000 1.000000E+000
0.000000E+000 4.000000E+000 9.908471E-001
5.575302E-003 3.750000E+000 9.908471E-001
1.672591E-002 3.250000E+000 9.908471E-001
2.787651E-002 2.750000E+000 9.908471E-001
3.902711E-002 2.250000E+000 9.908471E-001
4.739007E-002 1.875000E+000 9.908471E-001
5.296537E-002 1.625000E+000 9.908471E-001
5.854067E-002 1.375000E+000 9.908471E-001
6.411597E-002 1.125000E+000 9.908471E-001
6.829745E-002 9.375000E-001 9.908471E-001
7.108510E-002 8.125000E-001 9.908471E-001
7.387275E-002 6.875000E-001 9.908471E-001
7.666040E-002 5.625000E-001 9.908471E-001
7.944805E-002 4.375000E-001 9.908471E-001
8.223570E-002 3.125000E-001 9.908471E-001
8.502336E-002 1.875000E-001 9.908471E-001
8.781101E-002 6.250000E-002 9.908471E-001
8.920483E-002 0.000000E+000 9.908471E-001
0.000000E+000 4.000000E+000 9.736854E-001
1.681299E-002 3.750501E+000 9.736854E-001
5.043897E-002 3.251504E+000 9.736854E-001
8.406495E-002 2.752507E+000 9.736854E-001
1.176909E-001 2.253510E+000 9.736854E-001
1.429104E-001 1.879263E+000 9.736854E-001
1.597234E-001 1.629764E+000 9.736854E-001
1.765364E-001 1.380266E+000 9.736854E-001
1.933494E-001 1.130767E+000 9.736854E-001
2.059591E-001 9.436431E-001 9.736854E-001
2.143656E-001 8.188938E-001 9.736854E-001
2.227721E-001 6.941446E-001 9.736854E-001
2.311786E-001 5.693953E-001 9.736854E-001
2.395851E-001 4.446461E-001 9.736854E-001
2.479916E-001 3.198968E-001 9.736854E-001
2.563981E-001 1.951475E-001 9.736854E-001
2.648046E-001 7.039827E-002 9.736854E-001
2.690078E-001 8.023639E-003 9.736854E-001
0.000000E+000 4.000000E+000 9.576678E-001
2.820874E-002 3.751530E+000 9.576678E-001
8.462622E-002 3.254589E+000 9.576678E-001
1.410437E-001 2.757648E+000 9.576678E-001
1.974612E-001 2.260707E+000 9.576678E-001
2.397743E-001 1.888002E+000 9.576678E-001
2.679830E-001 1.639531E+000 9.576678E-001
2.961918E-001 1.391061E+000 9.576678E-001
3.244005E-001 1.142590E+000 9.576678E-001
3.455571E-001 9.562375E-001 9.576678E-001
3.596614E-001 8.320023E-001 9.576678E-001
3.737658E-001 7.077671E-001 9.576678E-001
3.878702E-001 5.835319E-001 9.576678E-001
4.019745E-001 4.592967E-001 9.576678E-001
4.160789E-001 3.350615E-001 9.576678E-001
4.301833E-001 2.108263E-001 9.576678E-001
4.442876E-001 8.659112E-002 9.576678E-001
4.513398E-001 2.447352E-002 9.576678E-001
0.000000E+000 4.000000E+000 9.427943E-001
3.972912E-002 3.753107E+000 9.427943E-001
1.191874E-001 3.259322E+000 9.427943E-001
1.986456E-001 2.765537E+000 9.427943E-001
2.781038E-001 2.271752E+000 9.427943E-001
3.376975E-001 1.901413E+000 9.427943E-001
3.774266E-001 1.654521E+000 9.427943E-001
4.171557E-001 1.407628E+000 9.427943E-001
4.568849E-001 1.160736E+000 9.427943E-001
4.866817E-001 9.755663E-001 9.427943E-001
5.065463E-001 8.521200E-001 9.427943E-001
5.264108E-001 7.286737E-001 9.427943E-001
5.462754E-001 6.052275E-001 9.427943E-001
5.661399E-001 4.817812E-001 9.427943E-001
5.860045E-001 3.583349E-001 9.427943E-001
6.058691E-001 2.348886E-001 9.427943E-001
6.257336E-001 1.114424E-001 9.427943E-001
6.356659E-001 4.971922E-002 9.427943E-001
0.000000E+000 4.000000E+000 9.290649E-001
5.133755E-002 3.755256E+000 9.290649E-001
1.540127E-001 3.265767E+000 9.290649E-001
2.566878E-001 2.776278E+000 9.290649E-001
3.593629E-001 2.286789E+000 9.290649E-001
4.363692E-001 1.919673E+000 9.290649E-001
4.877067E-001 1.674928E+000 9.290649E-001
5.390443E-001 1.430184E+000 9.290649E-001
5.903818E-001 1.185440E+000 9.290649E-001
6.288850E-001 1.001881E+000 9.290649E-001
6.545538E-001 8.795092E-001 9.290649E-001
6.802226E-001 7.571370E-001 9.290649E-001
7.058913E-001 6.347648E-001 9.290649E-001
7.315601E-001 5.123926E-001 9.290649E-001
7.572289E-001 3.900204E-001 9.290649E-001
7.828977E-001 2.676482E-001 9.290649E-001
8.085664E-001 1.452760E-001 9.290649E-001
8.214008E-001 8.408993E-002 9.290649E-001
0.000000E+000 4.000000E+000 9.164797E-001
6.299452E-002 3.757992E+000 9.164797E-001
1.889836E-001 3.273975E+000 9.164797E-001
3.149726E-001 2.789958E+000 9.164797E-001
4.409617E-001 2.305942E+000 9.164797E-001
5.354534E-001 1.942929E+000 9.164797E-001
5.984480E-001 1.700921E+000 9.164797E-001
6.614425E-001 1.458913E+000 9.164797E-001
7.244370E-001 1.216904E+000 9.164797E-001
7.716829E-001 1.035398E+000 9.164797E-001
8.031802E-001 9.143940E-001 9.164797E-001
8.346774E-001 7.933899E-001 9.164797E-001
8.661747E-001 6.723857E-001 9.164797E-001
8.976719E-001 5.513815E-001 9.164797E-001
9.291692E-001 4.303774E-001 9.164797E-001
9.606665E-001 3.093732E-001 9.164797E-001
9.921637E-001 1.883691E-001 9.164797E-001
1.007912E+000 1.278670E-001 9.164797E-001
0.000000E+000 4.000000E+000 9.050385E-001
7.465784E-002 3.761330E+000 9.050385E-001
2.239735E-001 3.283989E+000 9.050385E-001
3.732892E-001 2.806649E+000 9.050385E-001
5.226049E-001 2.329309E+000 9.050385E-001
6.345917E-001 1.971303E+000 9.050385E-001
7.092495E-001 1.732633E+000 9.050385E-001
7.839074E-001 1.493963E+000 9.050385E-001
8.585652E-001 1.255293E+000 9.050385E-001
9.145586E-001 1.076290E+000 9.050385E-001
9.518875E-001 9.569550E-001 9.050385E-001
9.892164E-001 8.376199E-001 9.050385E-001
1.026545E+000 7.182848E-001 9.050385E-001
1.063874E+000 5.989497E-001 9.050385E-001
1.101203E+000 4.796146E-001 9.050385E-001
1.138532E+000 3.602795E-001 9.050385E-001
1.175861E+000 2.409444E-001 9.050385E-001
1.194526E+000 1.812768E-001 9.050385E-001
0.000000E+000 4.000000E+000 8.947415E-001
8.628302E-002 3.765280E+000 8.947415E-001
2.588491E-001 3.295841E+000 8.947415E-001
4.314151E-001 2.826401E+000 8.947415E-001
6.039811E-001 2.356962E+000 8.947415E-001
7.334057E-001 2.004882E+000 8.947415E-001
8.196887E-001 1.770162E+000 8.947415E-001
9.059717E-001 1.535443E+000 8.947415E-001
9.922547E-001 1.300723E+000 8.947415E-001
1.056967E+000 1.124683E+000 8.947415E-001
1.100109E+000 1.007323E+000 8.947415E-001
1.143250E+000 8.899633E-001 8.947415E-001
1.186392E+000 7.726035E-001 8.947415E-001
1.229533E+000 6.552436E-001 8.947415E-001
1.272675E+000 5.378837E-001 8.947415E-001
1.315816E+000 4.205238E-001 8.947415E-001
1.358958E+000 3.031640E-001 8.947415E-001
1.380528E+000 2.444840E-001 8.947415E-001
0.000000E+000 4.000000E+000 8.810121E-001
1.036839E-001 3.772169E+000 8.810121E-001
3.110517E-001 3.316507E+000 8.810121E-001
5.184196E-001 2.860846E+000 8.810121E-001
7.257874E-001 2.405184E+000 8.810121E-001
8.813132E-001 2.063437E+000 8.810121E-001
9.849971E-001 1.835606E+000 8.810121E-001
1.088681E+000 1.607776E+000 8.810121E-001
1.192365E+000 1.379945E+000 8.810121E-001
1.270128E+000 1.209072E+000 8.810121E-001
1.321970E+000 1.095156E+000 8.810121E-001
1.373812E+000 9.812406E-001 8.810121E-001
1.425654E+000 8.673252E-001 8.810121E-001
1.477496E+000 7.534097E-001 8.810121E-001
1.529338E+000 6.394943E-001 8.810121E-001
1.581180E+000 5.255788E-001 8.810121E-001
1.633022E+000 4.116634E-001 8.810121E-001
1.658943E+000 3.547057E-001 8.810121E-001
0.000000E+000 4.000000E+000 8.672828E-001
1.261397E-001 3.783780E+000 8.672828E-001
3.784192E-001 3.351340E+000 8.672828E-001
6.306987E-001 2.918900E+000 8.672828E-001
8.829781E-001 2.486461E+000 8.672828E-001
1.072188E+000 2.162131E+000 8.672828E-001
1.198327E+000 1.945911E+000 8.672828E-001
1.324467E+000 1.729691E+000 8.672828E-001
1.450607E+000 1.513471E+000 8.672828E-001
1.545212E+000 1.351306E+000 8.672828E-001
1.608282E+000 1.243196E+000 8.672828E-001
1.671351E+000 1.135086E+000 8.672828E-001
1.734421E+000 1.026976E+000 8.672828E-001
1.797491E+000 9.188660E-001 8.672828E-001
1.860561E+000 8.107561E-001 8.672828E-001
1.923631E+000 7.026461E-001 8.672828E-001
1.986701E+000 5.945362E-001 8.672828E-001
2.018236E+000 5.404812E-001 8.672828E-001
0.000000E+000 4.000000E+000 8.581298E-001
1.475789E-001 3.797797E+000 8.581298E-001
4.427366E-001 3.393390E+000 8.581298E-001
7.378944E-001 2.988983E+000 8.581298E-001
1.033052E+000 2.584576E+000 8.581298E-001
1.254420E+000 2.281270E+000 8.581298E-001
1.401999E+000 2.079067E+000 8.581298E-001
1.549578E+000 1.876864E+000 8.581298E-001
1.697157E+000 1.674660E+000 8.581298E-001
1.807841E+000 1.523007E+000 8.581298E-001
1.881631E+000 1.421906E+000 8.581298E-001
1.955420E+000 1.320804E+000 8.581298E-001
2.029210E+000 1.219702E+000 8.581298E-001
2.102999E+000 1.118600E+000 8.581298E-001
2.176788E+000 1.017499E+000 8.581298E-001
2.250578E+000 9.163970E-001 8.581298E-001
2.324367E+000 8.152953E-001 8.581298E-001
2.361262E+000 7.647444E-001 8.581298E-001
0.000000E+000 4.000000E+000 8.535534E-001
1.676238E-001 3.814070E+000 8.535534E-001
5.028713E-001 3.442211E+000 8.535534E-001
8.381189E-001 3.070352E+000 8.535534E-001
1.173366E+000 2.698493E+000 8.535534E-001
1.424802E+000 2.419598E+000 8.535534E-001
1.592426E+000 2.233669E+000 8.535534E-001
1.760050E+000 2.047739E+000 8.535534E-001
1.927673E+000 1.861810E+000 8.535534E-001
2.053391E+000 1.722362E+000 8.535534E-001
2.137203E+000 1.629397E+000 8.535534E-001
2.221015E+000 1.536433E+000 8.535534E-001
2.304827E+000 1.443468E+000 8.535534E-001
2.388639E+000 1.350503E+000 8.535534E-001
2.472451E+000 1.257538E+000 8.535534E-001
2.556263E+000 1.164573E+000 8.535534E-001
2.640075E+000 1.071609E+000 8.535534E-001
2.681981E+000 1.025126E+000 8.535534E-001
0.000000E+000 4.000000E+000 8.535534E-001
1.950825E-001 3.841529E+000 8.535534E-001
5.852476E-001 3.524587E+000 8.535534E-001
9.754126E-001 3.207646E+000 8.535534E-001
1.365578E+000 2.890704E+000 8.535534E-001
1.658201E+000 2.652998E+000 8.535534E-001
1.853284E+000 2.494527E+000 8.535534E-001
2.048366E+000 2.336056E+000 8.535534E-001
2.243449E+000 2.177585E+000 8.535534E-001
2.389761E+000 2.058732E+000 8.535534E-001
2.487302E+000 1.979496E+000 8.535534E-001
2.584843E+000 1.900261E+000 8.535534E-001
2.682385E+000 1.821026E+000 8.535534E-001
2.779926E+000 1.741790E+000 8.535534E-001
2.877467E+000 1.662555E+000 8.535534E-001
2.975008E+000 1.583319E+000 8.535534E-001
3.072550E+000 1.504084E+000 8.535534E-001
3.121320E+000 1.464466E+000 8.535534E-001
0.000000E+000 4.000000E+000 8.718592E-001
2.231178E-001 3.884411E+000 8.718592E-001
6.693534E-001 3.653233E+000 8.718592E-001
1.115589E+000 3.422055E+000 8.718592E-001
1.561825E+000 3.190877E+000 8.718592E-001
1.896501E+000 3.017494E+000 8.718592E-001
2.119619E+000 2.901905E+000 8.718592E-001
2.342737E+000 2.786316E+000 8.718592E-001
2.565855E+000 2.670727E+000 8.718592E-001
2.733193E+000 2.584035E+000 8.718592E-001
2.844752E+000 2.526241E+000 8.718592E-001
2.956311E+000 2.468446E+000 8.718592E-001
3.067870E+000 2.410652E+000 8.718592E-001
3.179429E+000 2.352857E+000 8.718592E-001
3.290987E+000 2.295063E+000 8.718592E-001
3.402546E+000 2.237268E+000 8.718592E-001
3.514105E+000 2.179474E+000 8.718592E-001
3.569885E+000 2.150577E+000 8.718592E-001
0.000000E+000 4.000000E+000 9.084709E-001
2.414004E-001 3.930592E+000 9.084709E-001
7.242012E-001 3.791776E+000 9.084709E-001
1.207002E+000 3.652960E+000 9.084709E-001
1.689803E+000 3.514143E+000 9.084709E-001
2.051903E+000 3.410031E+000 9.084709E-001
2.293304E+000 3.340623E+000 9.084709E-001
2.534704E+000 3.271215E+000 9.084709E-001
2.776104E+000 3.201807E+000 9.084709E-001
2.957155E+000 3.149751E+000 9.084709E-001
3.077855E+000 3.115047E+000 9.084709E-001
3.198555E+000 3.080343E+000 9.084709E-001
3.319255E+000 3.045639E+000 9.084709E-001
3.439955E+000 3.010935E+000 9.084709E-001
3.560656E+000 2.976231E+000 9.084709E-001
3.681356E+000 2.941527E+000 9.084709E-001
3.802056E+000 2.906823E+000 9.084709E-001
3.862406E+000 2.889471E+000 9.084709E-001
0.000000E+000 4.000000E+000 9.633883E-001
2.500000E-001 3.977063E+000 9.633883E-001
7.500000E-001 3.931189E+000 9.633883E-001
1.250000E+000 3.885316E+000 9.633883E-001
1.750000E+000 3.839442E+000 9.633883E-001
2.125000E+000 3.805037E+000 9.633883E-001
2.375000E+000 3.782100E+000 9.633883E-001
2.625000E+000 3.759163E+000 9.633883E-001
2.875000E+000 3.736226E+000 9.633883E-001
3.062500E+000 3.719024E+000 9.633883E-001
3.187500E+000 3.707555E+000 9.633883E-001
3.312500E+000 3.696087E+000 9.633883E-001
3.437500E+000 3.684618E+000 9.633883E-001
3.562500E+000 3.673150E+000 9.633883E-001
3.687500E+000 3.661682E+000 9.633883E-001
3.812500E+000 3.650213E+000 9.633883E-001
3.937500E+000 3.638745E+000 9.633883E-001
4.000000E+000 3.633011E+000 9.633883E-001
0.000000E+000 4.000000E+000 1.000000E+000
2.500000E-001 4.000000E+000 1.000000E+000
7.500000E-001 4.000000E+000 1.000000E+000
1.250000E+000 4.000000E+000 1.000000E+000
1.750000E+000 4.000000E+000 1.000000E+000
2.125000E+000 4.000000E+000 1.000000E+000
2.375000E+000 4.000000E+000 1.000000E+000
2.625000E+000 4.000000E+000 1.000000E+000
2.875000E+000 4.000000E+000 1.000000E+000
3.062500E+000 4.000000E+000 1.000000E+000
3.187500E+000 4.000000E+000 1.000000E+000
3.312500E+000 4.000000E+000 1.000000E+000
3.437500E+000 4.000000E+000 1.000000E+000
3.562500E+000 4.000000E+000 1.000000E+000
3.687500E+000 4.000000E+000 1.000000E+000
3.812500E+000 4.000000E+000 1.000000E+000
3.937500E+000 4.000000E+000 1.000000E+000
4.000000E+000 4.000000E+000 1.000000E+000
-1.000000E+001 -2.000000E+000 1.000000E+000  !Rigid Body
-1.000000E+001 -1.000000E+000 1.000000E+000
-1.000000E+001  0.000000E+000 1.000000E+000
 0.000000E+000 -2.000000E+000 1.000000E+000
 0.000000E+000 -1.000000E+000 1.000000E+000
 0.000000E+000  0.000000E+000 1.000000E+000
 1.000000E+001 -2.000000E+000 1.000000E+000
 1.000000E+001 -1.000000E+000 1.000000E+000
 1.000000E+001  0.000000E+000 1.000000E+000
-----------------------------------------------------------------
*MP_conn
   1   39   38   37   21   20   19    3    2    1
   2   40   39   38   22   21   20    4    3    2
   3   41   40   39   23   22   21    5    4    3
   4   42   41   40   24   23   22    6    5    4
   5   43   42   41   25   24   23    7    6    5
   6   44   43   42   26   25   24    8    7    6
   7   45   44   43   27   26   25    9    8    7
   8   46   45   44   28   27   26   10    9    8
   9   47   46   45   29   28   27   11   10    9
  10   48   47   46   30   29   28   12   11   10
  11   49   48   47   31   30   29   13   12   11
  12   50   49   48   32   31   30   14   13   12
  13   51   50   49   33   32   31   15   14   13
  14   52   51   50   34   33   32   16   15   14
  15   53   52   51   35   34   33   17   16   15
  16   54   53   52   36   35   34   18   17   16
  17   57   56   55   39   38   37   21   20   19
  18   58   57   56   40   39   38   22   21   20
  19   59   58   57   41   40   39   23   22   21
  20   60   59   58   42   41   40   24   23   22
  21   61   60   59   43   42   41   25   24   23
  22   62   61   60   44   43   42   26   25   24
  23   63   62   61   45   44   43   27   26   25
  24   64   63   62   46   45   44   28   27   26
  25   65   64   63   47   46   45   29   28   27
  26   66   65   64   48   47   46   30   29   28
  27   67   66   65   49   48   47   31   30   29
  28   68   67   66   50   49   48   32   31   30
  29   69   68   67   51   50   49   33   32   31
  30   70   69   68   52   51   50   34   33   32
  31   71   70   69   53   52   51   35   34   33
  32   72   71   70   54   53   52   36   35   34
  33   75   74   73   57   56   55   39   38   37
  34   76   75   74   58   57   56   40   39   38
  35   77   76   75   59   58   57   41   40   39
  36   78   77   76   60   59   58   42   41   40
  37   79   78   77   61   60   59   43   42   41
  38   80   79   78   62   61   60   44   43   42
  39   81   80   79   63   62   61   45   44   43
  40   82   81   80   64   63   62   46   45   44
  41   83   82   81   65   64   63   47   46   45
  42   84   83   82   66   65   64   48   47   46
  43   85   84   83   67   66   65   49   48   47
  44   86   85   84   68   67   66   50   49   48
  45   87   86   85   69   68   67   51   50   49
  46   88   87   86   70   69   68   52   51   50
  47   89   88   87   71   70   69   53   52   51
  48   90   89   88   72   71   70   54   53   52
  49   93   92   91   75   74   73   57   56   55
  50   94   93   92   76   75   74   58   57   56
  51   95   94   93   77   76   75   59   58   57
  52   96   95   94   78   77   76   60   59   58
  53   97   96   95   79   78   77   61   60   59
  54   98   97   96   80   79   78   62   61   60
  55   99   98   97   81   80   79   63   62   61
  56  100   99   98   82   81   80   64   63   62
  57  101  100   99   83   82   81   65   64   63
  58  102  101  100   84   83   82   66   65   64
  59  103  102  101   85   84   83   67   66   65
  60  104  103  102   86   85   84   68   67   66
  61  105  104  103   87   86   85   69   68   67
  62  106  105  104   88   87   86   70   69   68
  63  107  106  105   89   88   87   71   70   69
  64  108  107  106   90   89   88   72   71   70
  65  111  110  109   93   92   91   75   74   73
  66  112  111  110   94   93   92   76   75   74
  67  113  112  111   95   94   93   77   76   75
  68  114  113  112   96   95   94   78   77   76
  69  115  114  113   97   96   95   79   78   77
  70  116  115  114   98   97   96   80   79   78
  71  117  116  115   99   98   97   81   80   79
  72  118  117  116  100   99   98   82   81   80
  73  119  118  117  101  100   99   83   82   81
  74  120  119  118  102  101  100   84   83   82
  75  121  120  119  103  102  101   85   84   83
  76  122  121  120  104  103  102   86   85   84
  77  123  122  121  105  104  103   87   86   85
  78  124  123  122  106  105  104   88   87   86
  79  125  124  123  107  106  105   89   88   87
  80  126  125  124  108  107  106   90   89   88
  81  129  128  127  111  110  109   93   92   91
  82  130  129  128  112  111  110   94   93   92
  83  131  130  129  113  112  111   95   94   93
  84  132  131  130  114  113  112   96   95   94
  85  133  132  131  115  114  113   97   96   95
  86  134  133  132  116  115  114   98   97   96
  87  135  134  133  117  116  115   99   98   97
  88  136  135  134  118  117  116  100   99   98
  89  137  136  135  119  118  117  101  100   99
  90  138  137  136  120  119  118  102  101  100
  91  139  138  137  121  120  119  103  102  101
  92  140  139  138  122  121  120  104  103  102
  93  141  140  139  123  122  121  105  104  103
  94  142  141  140  124  123  122  106  105  104
  95  143  142  141  125  124  123  107  106  105
  96  144  143  142  126  125  124  108  107  106
  97  147  146  145  129  128  127  111  110  109
  98  148  147  146  130  129  128  112  111  110
  99  149  148  147  131  130  129  113  112  111
 100  150  149  148  132  131  130  114  113  112
 101  151  150  149  133  132  131  115  114  113
 102  152  151  150  134  133  132  116  115  114
 103  153  152  151  135  134  133  117  116  115
 104  154  153  152  136  135  134  118  117  116
 105  155  154  153  137  136  135  119  118  117
 106  156  155  154  138  137  136  120  119  118
 107  157  156  155  139  138  137  121  120  119
 108  158  157  156  140  139  138  122  121  120
 109  159  158  157  141  140  139  123  122  121
 110  160  159  158  142  141  140  124  123  122
 111  161  160  159  143  142  141  125  124  123
 112  162  161  160  144  143  142  126  125  124
 113  165  164  163  147  146  145  129  128  127
 114  166  165  164  148  147  146  130  129  128
 115  167  166  165  149  148  147  131  130  129
 116  168  167  166  150  149  148  132  131  130
 117  169  168  167  151  150  149  133  132  131
 118  170  169  168  152  151  150  134  133  132
 119  171  170  169  153  152  151  135  134  133
 120  172  171  170  154  153  152  136  135  134
 121  173  172  171  155  154  153  137  136  135
 122  174  173  172  156  155  154  138  137  136
 123  175  174  173  157  156  155  139  138  137
 124  176  175  174  158  157  156  140  139  138
 125  177  176  175  159  158  157  141  140  139
 126  178  177  176  160  159  158  142  141  140
 127  179  178  177  161  160  159  143  142  141
 128  180  179  178  162  161  160  144  143  142
 129  183  182  181  165  164  163  147  146  145
 130  184  183  182  166  165  164  148  147  146
 131  185  184  183  167  166  165  149  148  147
 132  186  185  184  168  167  166  150  149  148
 133  187  186  185  169  168  167  151  150  149
 134  188  187  186  170  169  168  152  151  150
 135  189  188  187  171  170  169  153  152  151
 136  190  189  188  172  171  170  154  153  152
 137  191  190  189  173  172  171  155  154  153
 138  192  191  190  174  173  172  156  155  154
 139  193  192  191  175  174  173  157  156  155
 140  194  193  192  176  175  174  158  157  156
 141  195  194  193  177  176  175  159  158  157
 142  196  195  194  178  177  176  160  159  158
 143  197  196  195  179  178  177  161  160  159
 144  198  197  196  180  179  178  162  161  160
 145  201  200  199  183  182  181  165  164  163
 146  202  201  200  184  183  182  166  165  164
 147  203  202  201  185  184  183  167  166  165
 148  204  203  202  186  185  184  168  167  166
 149  205  204  203  187  186  185  169  168  167
 150  206  205  204  188  187  186  170  169  168
 151  207  206  205  189  188  187  171  170  169
 152  208  207  206  190  189  188  172  171  170
 153  209  208  207  191  190  189  173  172  171
 154  210  209  208  192  191  190  174  173  172
 155  211  210  209  193  192  191  175  174  173
 156  212  211  210  194  193  192  176  175  174
 157  213  212  211  195  194  193  177  176  175
 158  214  213  212  196  195  194  178  177  176
 159  215  214  213  197  196  195  179  178  177
 160  216  215  214  198  197  196  180  179  178
 161  219  218  217  201  200  199  183  182  181
 162  220  219  218  202  201  200  184  183  182
 163  221  220  219  203  202  201  185  184  183
 164  222  221  220  204  203  202  186  185  184
 165  223  222  221  205  204  203  187  186  185
 166  224  223  222  206  205  204  188  187  186
 167  225  224  223  207  206  205  189  188  187
 168  226  225  224  208  207  206  190  189  188
 169  227  226  225  209  208  207  191  190  189
 170  228  227  226  210  209  208  192  191  190
 171  229  228  227  211  210  209  193  192  191
 172  230  229  228  212  211  210  194  193  192
 173  231  230  229  213  212  211  195  194  193
 174  232  231  230  214  213  212  196  195  194
 175  233  232  231  215  214  213  197  196  195
 176  234  233  232  216  215  214  198  197  196
 177  237  236  235  219  218  217  201  200  199
 178  238  237  236  220  219  218  202  201  200
 179  239  238  237  221  220  219  203  202  201
 180  240  239  238  222  221  220  204  203  202
 181  241  240  239  223  222  221  205  204  203
 182  242  241  240  224  223  222  206  205  204
 183  243  242  241  225  224  223  207  206  205
 184  244  243  242  226  225  224  208  207  206
 185  245  244  243  227  226  225  209  208  207
 186  246  245  244  228  227  226  210  209  208
 187  247  246  245  229  228  227  211  210  209
 188  248  247  246  230  229  228  212  211  210
 189  249  248  247  231  230  229  213  212  211
 190  250  249  248  232  231  230  214  213  212
 191  251  250  249  233  232  231  215  214  213
 192  252  251  250  234  233  232  216  215  214
 193  255  254  253  237  236  235  219  218  217
 194  256  255  254  238  237  236  220  219  218
 195  257  256  255  239  238  237  221  220  219
 196  258  257  256  240  239  238  222  221  220
 197  259  258  257  241  240  239  223  222  221
 198  260  259  258  242  241  240  224  223  222
 199  261  260  259  243  242  241  225  224  223
 200  262  261  260  244  243  242  226  225  224
 201  263  262  261  245  244  243  227  226  225
 202  264  263  262  246  245  244  228  227  226
 203  265  264  263  247  246  245  229  228  227
 204  266  265  264  248  247  246  230  229  228
 205  267  266  265  249  248  247  231  230  229
 206  268  267  266  250  249  248  232  231  230
 207  269  268  267  251  250  249  233  232  231
 208  270  269  268  252  251  250  234  233  232
 209  273  272  271  255  254  253  237  236  235
 210  274  273  272  256  255  254  238  237  236
 211  275  274  273  257  256  255  239  238  237
 212  276  275  274  258  257  256  240  239  238
 213  277  276  275  259  258  257  241  240  239
 214  278  277  276  260  259  258  242  241  240
 215  279  278  277  261  260  259  243  242  241
 216  280  279  278  262  261  260  244  243  242
 217  281  280  279  263  262  261  245  244  243
 218  282  281  280  264  263  262  246  245  244
 219  283  282  281  265  264  263  247  246  245
 220  284  283  282  266  265  264  248  247  246
 221  285  284  283  267  266  265  249  248  247
 222  286  285  284  268  267  266  250  249  248
 223  287  286  285  269  268  267  251  250  249
 224  288  287  286  270  269  268  252  251  250
 225  291  290  289  273  272  271  255  254  253
 226  292  291  290  274  273  272  256  255  254
 227  293  292  291  275  274  273  257  256  255
 228  294  293  292  276  275  274  258  257  256
 229  295  294  293  277  276  275  259  258  257
 230  296  295  294  278  277  276  260  259  258
 231  297  296  295  279  278  277  261  260  259
 232  298  297  296  280  279  278  262  261  260
 233  299  298  297  281  280  279  263  262  261
 234  300  299  298  282  281  280  264  263  262
 235  301  300  299  283  282  281  265  264  263
 236  302  301  300  284  283  282  266  265  264
 237  303  302  301  285  284  283  267  266  265
 238  304  303  302  286  285  284  268  267  266
 239  305  304  303  287  286  285  269  268  267
 240  306  305  304  288  287  286  270  269  268
 241  309  308  307  291  290  289  273  272  271
 242  310  309  308  292  291  290  274  273  272
 243  311  310  309  293  292  291  275  274  273
 244  312  311  310  294  293  292  276  275  274
 245  313  312  311  295  294  293  277  276  275
 246  314  313  312  296  295  294  278  277  276
 247  315  314  313  297  296  295  279  278  277
 248  316  315  314  298  297  296  280  279  278
 249  317  316  315  299  298  297  281  280  279
 250  318  317  316  300  299  298  282  281  280
 251  319  318  317  301  300  299  283  282  281
 252  320  319  318  302  301  300  284  283  282
 253  321  320  319  303  302  301  285  284  283
 254  322  321  320  304  303  302  286  285  284
 255  323  322  321  305  304  303  287  286  285
 256  324  323  322  306  305  304  288  287  286
257	333	332	331	330	329	328	327	326	325
-----------------------------------------------------------------
*material
5
1000000, 0.3, 1.0, 0.0, 1.0e25
10.0e10, 0.3, 1.0, 0.0, 1.0e25
-----------------------------------------------------------------
*ContactPTS
*Master
2
3
0.0, 0.0, 0.0, 1.0, 1.0, 1.0
331, 332, 333
*Slave
2
18
0, 0, 0, 0.0312500000000000, 0.0625000000000000, 0.0937500000000000, 0.125000000000000, 0.156250000000000, 0.187500000000000, 0.218750000000000, 0.250000000000000, 0.312500000000000, 0.375000000000000, 0.437500000000000, 0.500000000000000, 0.625000000000000, 0.750000000000000, 0.875000000000000, 1, 1, 1
307	308	309	310	311	312	313	314	315	316	317	318	319	320	321	322	323	324
-----------------------------------------------------------------
*Multistep
1
*step
*increment
1
*iteration
100
*bcdof
53
1	,	1
2	,	1
3	,	1
4	,	1
5	,	1
6	,	1
7	,	1
8	,	1
9	,	1
10	,	1
11	,	1
12	,	1
13	,	1
14	,	1
15	,	1
16	,	1
17	,	1
18	,	1
19	,	1
37	,	1
55	,	1
73	,	1
91	,	1
109	,	1
127	,	1
145	,	1
163	,	1
181	,	1
199	,	1
217	,	1
235	,	1
253	,	1
271	,	1
289	,	1
307	,	1
325	,	1
326	,	1
327	,	1
328	,	1
329	,	1
330	,	1
331	,	1
332	,	1
333	,	1
325	,	2
326	,	2
327	,	2
328	,	2
329	,	2
330	,	2
331	,	2
332	,	2
333	,	2
*dispdof
35
1	,	2	,	-0.15
2	,	2	,	-0.15
3	,	2	,	-0.15
4	,	2	,	-0.15
5	,	2	,	-0.15
6	,	2	,	-0.15
7	,	2	,	-0.15
8	,	2	,	-0.15
9	,	2	,	-0.15
10	,	2	,	-0.15
11	,	2	,	-0.15
12	,	2	,	-0.15
13	,	2	,	-0.15
14	,	2	,	-0.15
15	,	2	,	-0.15
16	,	2	,	-0.15
17	,	2	,	-0.15
18	,	2	,	-0.15
36	,	2	,	-0.15
54	,	2	,	-0.15
72	,	2	,	-0.15
90	,	2	,	-0.15
108	,	2	,	-0.15
126	,	2	,	-0.15
144	,	2	,	-0.15
162	,	2	,	-0.15
180	,	2	,	-0.15
198	,	2	,	-0.15
216	,	2	,	-0.15
234	,	2	,	-0.15
252	,	2	,	-0.15
270	,	2	,	-0.15
288	,	2	,	-0.15
306	,	2	,	-0.15
324	,	2	,	-0.15
*endstep
*end
