-----------------------------------------------------------------------------------------------
Square Plate with central hole, 8 element mesh, displacement boundary conditions
-----------------------------------------------------------------------------------------------
*begin
2        !problem dimension
2, 2     !degree of each dimension
6, 4     !control points in each direction
0, 0     !open(0) or closed(1) knot vector
-----------------------------------------------------------------------------------------------
*knots    !knot spans
0.0, 0.0, 0.0, 0.25, 0.5, 0.75, 1.0, 1.0, 1.0 
0.0, 0.0, 0.0, 0.5, 1.0, 1.0, 1.0  
-----------------------------------------------------------------------------------------------
*element
Quad9E
-----------------------------------------------------------------------------------------------
*bnet     !nurbs control points
1.000000E+000 0.000000E+000 1.000000E+000
1.750000E+000 0.000000E+000 1.000000E+000
3.250000E+000 0.000000E+000 1.000000E+000
4.000000E+000 0.000000E+000 1.000000E+000
1.000000E+000 1.907436E-001 9.267767E-001
1.778502E+000 2.863729E-001 9.633883E-001
3.250000E+000 1.187500E+000 1.000000E+000
4.000000E+000 2.000000E+000 1.000000E+000
8.535534E-001 5.606602E-001 8.535534E-001
1.505785E+000 8.988429E-001 9.267767E-001
3.031250E+000 2.593750E+000 1.000000E+000
4.000000E+000 4.000000E+000 1.000000E+000
5.606602E-001 8.535534E-001 8.535534E-001
8.988429E-001 1.505785E+000 9.267767E-001
2.593750E+000 3.031250E+000 1.000000E+000
4.000000E+000 4.000000E+000 1.000000E+000
1.907436E-001 1.000000E+000 9.267767E-001
2.863729E-001 1.778502E+000 9.633883E-001
1.187500E+000 3.250000E+000 1.000000E+000
2.000000E+000 4.000000E+000 1.000000E+000
0.000000E+000 1.000000E+000 1.000000E+000
0.000000E+000 1.750000E+000 1.000000E+000
0.000000E+000 3.250000E+000 1.000000E+000
0.000000E+000 4.000000E+000 1.000000E+000
-----------------------------------------------------------------------------------------------
*material
5
100000.0, 0.3, 1.0, 0.0, 1.0e25
!Young Modulus, Poisson coef, thickness (set to 1.0 if not used), density, Yield Stress
-----------------------------------------------------------------------------------------------
*boundary   !boundary condition
8
1, 1, 2
1, 2, 2
1, 3, 2
1, 4, 2
6, 1, 1
6, 2, 1
6, 3, 1
6, 4, 1
--------------------------------------------------------
*displacement       !load vector
10
1,	4,	1, 	 0.042473437500000
2,	4,	1, 	 0.040287000000000
2,	4,	2, 	-0.006961500000000
3,	4,	1, 	 0.037887890625000
3,	4,	2, 	-0.015462890625000
4,	4,	1, 	 0.037887890625000
4,	4,	2, 	-0.015462890625000
5,	4,	1, 	 0.018661500000000
5,	4,	2, 	-0.016887000000000
6,	4,	2, 	-0.018423437500000
-----------------------------------------------------------------------------------------------
*end


