-----------------------------------------------------------------------------------------------
Square Plate with central hole, 512element mesh, displacement boundary conditions
-----------------------------------------------------------------------------------------------
*begin
2        !problem dimension
2, 2     !degree of each dimension
34, 18     !control points in each direction
0, 0     !open(0) or closed(1) knot vector
-----------------------------------------------------------------------------------------------
*knots    !knot spans
0	0	0	0.03125	0.0625	0.09375	0.125	0.15625	0.1875	0.21875	0.25	0.28125	0.3125	0.34375	0.375	0.40625	0.4375	0.46875	0.5	0.53125	0.5625	0.59375	0.625	0.65625	0.6875	0.71875	0.75	0.78125	0.8125	0.84375	0.875	0.90625	0.9375	0.96875	1	1	1
0.0, 0.0, 0.0, 0.0625, 0.125, 0.1875, 0.25, 0.3125, 0.375, 0.4375, 0.5, 0.5625, 0.625, 0.6875, 0.75, 0.8125 0.875, 0.9375 1.0, 1.0, 1.0
-----------------------------------------------------------------------------------------------
*element
Quad9E
-----------------------------------------------------------------------------------------------
*bnet     !nurbs control points
1.000000E+000 0.000000E+000 1.000000E+000
1.093750E+000 0.000000E+000 1.000000E+000
1.281250E+000 0.000000E+000 1.000000E+000
1.468750E+000 0.000000E+000 1.000000E+000
1.656250E+000 0.000000E+000 1.000000E+000
1.843750E+000 0.000000E+000 1.000000E+000
2.031250E+000 0.000000E+000 1.000000E+000
2.218750E+000 0.000000E+000 1.000000E+000
2.406250E+000 0.000000E+000 1.000000E+000
2.593750E+000 0.000000E+000 1.000000E+000
2.781250E+000 0.000000E+000 1.000000E+000
2.968750E+000 0.000000E+000 1.000000E+000
3.156250E+000 0.000000E+000 1.000000E+000
3.343750E+000 0.000000E+000 1.000000E+000
3.531250E+000 0.000000E+000 1.000000E+000
3.718750E+000 0.000000E+000 1.000000E+000
3.906250E+000 0.000000E+000 1.000000E+000
4.000000E+000 0.000000E+000 1.000000E+000
1.000000E+000 2.230121E-002 9.908471E-001
1.094561E+000 2.385036E-002 9.914191E-001
1.283378E+000 2.834913E-002 9.924918E-001
1.471820E+000 3.424302E-002 9.934929E-001
1.659931E+000 4.152907E-002 9.944224E-001
1.847751E+000 5.020497E-002 9.952805E-001
2.035322E+000 6.026898E-002 9.960671E-001
2.222684E+000 7.171999E-002 9.967822E-001
2.409879E+000 8.455748E-002 9.974257E-001
2.596947E+000 9.878152E-002 9.979978E-001
2.783929E+000 1.143928E-001 9.984984E-001
2.970864E+000 1.313925E-001 9.989274E-001
3.157793E+000 1.497827E-001 9.992849E-001
3.344756E+000 1.695656E-001 9.995710E-001
3.531793E+000 1.907444E-001 9.997855E-001
3.718944E+000 2.133227E-001 9.999285E-001
3.906250E+000 2.373047E-001 1.000000E+000
4.000000E+000 2.500000E-001 1.000000E+000
9.979941E-001 6.725196E-002 9.736854E-001
1.093806E+000 7.201635E-002 9.753300E-001
1.284617E+000 8.551485E-002 9.784138E-001
1.474421E+000 1.029382E-001 9.812919E-001
1.663347E+000 1.242628E-001 9.839645E-001
1.851520E+000 1.494703E-001 9.864315E-001
2.039062E+000 1.785475E-001 9.886929E-001
2.226095E+000 2.114858E-001 9.907488E-001
2.412738E+000 2.482818E-001 9.925990E-001
2.599110E+000 2.889367E-001 9.942437E-001
2.785326E+000 3.334566E-001 9.956828E-001
2.971503E+000 3.818523E-001 9.969163E-001
3.157756E+000 4.341394E-001 9.979442E-001
3.344200E+000 4.903381E-001 9.987665E-001
3.530949E+000 5.504735E-001 9.993833E-001
3.718119E+000 6.145753E-001 9.997944E-001
3.905823E+000 6.826782E-001 1.000000E+000
4.000000E+000 7.187500E-001 1.000000E+000
9.938816E-001 1.128350E-001 9.576678E-001
1.090569E+000 1.209358E-001 9.603135E-001
1.282737E+000 1.434427E-001 9.652743E-001
1.473384E+000 1.721370E-001 9.699044E-001
1.662726E+000 2.069596E-001 9.742038E-001
1.850972E+000 2.478650E-001 9.781724E-001
2.038326E+000 2.948208E-001 9.818104E-001
2.224987E+000 3.478072E-001 9.851176E-001
2.411149E+000 4.068170E-001 9.880941E-001
2.597003E+000 4.718549E-001 9.907398E-001
2.782737E+000 5.429377E-001 9.930549E-001
2.968536E+000 6.200941E-001 9.950392E-001
3.154587E+000 7.033647E-001 9.966928E-001
3.341071E+000 7.928017E-001 9.980157E-001
3.528174E+000 8.884697E-001 9.990078E-001
3.716078E+000 9.904448E-001 9.996693E-001
3.904968E+000 1.098816E+000 1.000000E+000
4.000000E+000 1.156250E+000 1.000000E+000
9.875702E-001 1.589165E-001 9.427943E-001
1.084745E+000 1.704783E-001 9.463696E-001
1.277615E+000 2.019932E-001 9.530734E-001
1.468581E+000 2.416814E-001 9.593303E-001
1.657946E+000 2.894390E-001 9.651403E-001
1.845999E+000 3.451871E-001 9.705033E-001
2.033022E+000 4.088706E-001 9.754194E-001
2.219285E+000 4.804570E-001 9.798886E-001
2.405052E+000 5.599364E-001 9.839109E-001
2.590583E+000 6.473201E-001 9.874863E-001
2.776130E+000 7.426408E-001 9.906147E-001
2.961944E+000 8.459522E-001 9.932962E-001
3.148273E+000 9.573288E-001 9.955308E-001
3.335364E+000 1.076866E+000 9.973185E-001
3.523464E+000 1.204681E+000 9.986592E-001
3.712821E+000 1.340912E+000 9.995531E-001
3.903687E+000 1.485718E+000 1.000000E+000
4.000000E+000 1.562500E+000 1.000000E+000
9.789775E-001 2.053502E-001 9.290649E-001
1.076237E+000 2.205009E-001 9.334984E-001
1.269140E+000 2.610154E-001 9.418111E-001
1.459899E+000 3.114042E-001 9.495696E-001
1.648899E+000 3.715147E-001 9.567739E-001
1.836504E+000 4.412325E-001 9.634241E-001
2.023065E+000 5.204795E-001 9.695201E-001
2.208920E+000 6.092120E-001 9.750619E-001
2.394396E+000 7.074197E-001 9.800495E-001
2.579812E+000 8.151244E-001 9.844830E-001
2.765480E+000 9.323796E-001 9.883622E-001
2.951710E+000 1.059270E+000 9.916873E-001
3.138806E+000 1.195910E+000 9.944582E-001
3.327074E+000 1.342447E+000 9.966749E-001
3.516819E+000 1.499060E+000 9.983375E-001
3.708349E+000 1.665957E+000 9.994458E-001
3.901978E+000 1.843384E+000 1.000000E+000
4.000000E+000 1.937500E+000 1.000000E+000
9.680333E-001 2.519781E-001 9.164797E-001
1.064962E+000 2.708492E-001 9.216997E-001
1.257216E+000 3.203480E-001 9.314872E-001
1.447241E+000 3.811301E-001 9.406223E-001
1.635493E+000 4.529950E-001 9.491048E-001
1.822404E+000 5.357951E-001 9.569348E-001
2.008387E+000 6.294319E-001 9.641124E-001
2.193837E+000 7.338540E-001 9.706374E-001
2.379137E+000 8.490544E-001 9.765099E-001
2.564658E+000 9.750694E-001 9.817299E-001
2.750766E+000 1.111977E+000 9.862974E-001
2.937820E+000 1.259899E+000 9.902125E-001
3.126178E+000 1.418994E+000 9.934750E-001
3.316197E+000 1.589466E+000 9.960850E-001
3.508236E+000 1.771560E+000 9.980425E-001
3.702661E+000 1.965565E+000 9.993475E-001
3.899841E+000 2.171814E+000 1.000000E+000
4.000000E+000 2.281250E+000 1.000000E+000
9.546808E-001 2.986314E-001 9.050385E-001
1.050853E+000 3.213578E-001 9.109736E-001
1.241764E+000 3.798203E-001 9.221019E-001
1.430524E+000 4.506767E-001 9.324883E-001
1.617651E+000 5.336846E-001 9.421329E-001
1.803632E+000 6.286685E-001 9.510355E-001
1.988930E+000 7.355154E-001 9.591962E-001
2.173990E+000 8.541708E-001 9.666151E-001
2.359239E+000 9.846360E-001 9.732921E-001
2.545097E+000 1.126966E+000 9.792272E-001
2.731970E+000 1.281268E+000 9.844204E-001
2.920265E+000 1.447701E+000 9.888717E-001
3.110383E+000 1.626474E+000 9.925811E-001
3.302731E+000 1.817849E+000 9.955487E-001
3.497716E+000 2.022142E+000 9.977743E-001
3.695756E+000 2.239720E+000 9.992581E-001
3.897278E+000 2.471008E+000 1.000000E+000
4.000000E+000 2.593750E+000 1.000000E+000
9.388790E-001 3.451321E-001 8.947415E-001
1.033859E+000 3.718524E-001 9.013202E-001
1.222722E+000 4.392533E-001 9.136551E-001
1.409686E+000 5.198559E-001 9.251678E-001
1.595313E+000 6.133854E-001 9.358581E-001
1.780134E+000 7.196475E-001 9.457261E-001
1.964650E+000 8.385218E-001 9.547717E-001
2.149343E+000 9.699576E-001 9.629951E-001
2.334678E+000 1.113970E+000 9.703960E-001
2.521108E+000 1.270636E+000 9.769747E-001
2.709079E+000 1.440095E+000 9.827310E-001
2.899035E+000 1.622547E+000 9.876650E-001
3.091417E+000 1.818252E+000 9.917767E-001
3.286673E+000 2.027531E+000 9.950660E-001
3.485257E+000 2.250766E+000 9.975330E-001
3.687635E+000 2.488407E+000 9.991777E-001
3.894287E+000 2.740967E+000 1.000000E+000
4.000000E+000 2.875000E+000 1.000000E+000
9.206037E-001 3.912947E-001 8.855886E-001
1.013947E+000 4.221503E-001 8.927393E-001
1.200050E+000 4.984613E-001 9.061469E-001
1.384683E+000 5.884751E-001 9.186606E-001
1.568440E+000 6.918982E-001 9.302805E-001
1.751875E+000 8.085287E-001 9.410066E-001
1.935517E+000 9.382484E-001 9.508388E-001
2.119874E+000 1.081018E+000 9.597772E-001
2.305434E+000 1.236870E+000 9.678218E-001
2.492680E+000 1.405911E+000 9.749725E-001
2.682087E+000 1.588314E+000 9.812294E-001
2.874127E+000 1.784320E+000 9.865924E-001
3.069277E+000 1.994238E+000 9.910616E-001
3.268023E+000 2.218449E+000 9.946370E-001
3.470859E+000 2.457399E+000 9.973185E-001
3.678297E+000 2.711613E+000 9.991062E-001
3.890869E+000 2.981689E+000 1.000000E+000
4.000000E+000 3.125000E+000 1.000000E+000
8.998488E-001 4.369280E-001 8.775798E-001
9.911057E-001 4.720630E-001 8.852311E-001
1.173727E+000 5.572532E-001 8.995772E-001
1.355494E+000 6.563389E-001 9.129669E-001
1.537009E+000 7.690241E-001 9.254002E-001
1.718837E+000 8.951126E-001 9.368771E-001
1.901517E+000 1.034499E+000 9.473976E-001
2.085570E+000 1.187163E+000 9.569616E-001
2.271501E+000 1.353163E+000 9.655693E-001
2.459808E+000 1.532635E+000 9.732206E-001
2.650988E+000 1.725789E+000 9.799154E-001
2.845538E+000 1.932909E+000 9.856539E-001
3.043963E+000 2.154351E+000 9.904359E-001
3.246780E+000 2.390548E+000 9.942616E-001
3.454522E+000 2.642010E+000 9.971308E-001
3.667743E+000 2.909327E+000 9.990436E-001
3.887024E+000 3.193176E+000 1.000000E+000
4.000000E+000 3.343750E+000 1.000000E+000
8.766280E-001 4.818375E-001 8.707151E-001
9.653429E-001 5.213980E-001 8.787954E-001
1.143755E+000 6.154348E-001 8.939460E-001
1.322118E+000 7.232508E-001 9.080865E-001
1.501020E+000 8.445660E-001 9.212170E-001
1.681019E+000 9.792045E-001 9.333375E-001
1.862650E+000 1.127086E+000 9.444479E-001
2.046433E+000 1.288216E+000 9.545483E-001
2.232878E+000 1.462686E+000 9.636386E-001
2.422493E+000 1.650665E+000 9.717189E-001
2.615785E+000 1.852400E+000 9.787892E-001
2.813269E+000 2.068217E+000 9.848494E-001
3.015474E+000 2.298516E+000 9.898996E-001
3.222944E+000 2.543779E+000 9.939398E-001
3.436246E+000 2.804571E+000 9.969699E-001
3.655972E+000 3.081540E+000 9.989900E-001
3.882751E+000 3.375427E+000 1.000000E+000
4.000000E+000 3.531250E+000 1.000000E+000
8.509745E-001 5.258279E-001 8.649945E-001
9.366890E-001 5.699606E-001 8.734324E-001
1.110161E+000 6.728102E-001 8.892533E-001
1.284577E+000 7.890147E-001 9.040196E-001
1.460492E+000 9.183299E-001 9.177310E-001
1.638437E+000 1.060616E+000 9.303878E-001
1.818930E+000 1.215828E+000 9.419898E-001
2.002475E+000 1.384010E+000 9.525371E-001
2.189578E+000 1.565287E+000 9.620297E-001
2.380743E+000 1.759868E+000 9.704676E-001
2.576483E+000 1.968036E+000 9.778507E-001
2.777326E+000 2.190155E+000 9.841790E-001
2.983815E+000 2.426669E+000 9.894527E-001
3.196518E+000 2.678100E+000 9.936716E-001
3.416031E+000 2.945058E+000 9.968358E-001
3.642985E+000 3.228241E+000 9.989453E-001
3.878052E+000 3.528442E+000 1.000000E+000
4.000000E+000 3.687500E+000 1.000000E+000
8.229422E-001 5.687053E-001 8.604181E-001
9.051968E-001 6.175568E-001 8.691419E-001
1.072994E+000 7.291843E-001 8.854992E-001
1.242917E+000 8.534369E-001 9.007660E-001
1.415466E+000 9.901270E-001 9.149423E-001
1.591129E+000 1.139166E+000 9.280281E-001
1.770387E+000 1.300558E+000 9.400234E-001
1.953722E+000 1.474390E+000 9.509282E-001
2.141619E+000 1.660830E+000 9.607426E-001
2.334572E+000 1.860125E+000 9.694665E-001
2.533094E+000 2.072597E+000 9.770998E-001
2.737714E+000 2.298647E+000 9.836427E-001
2.948988E+000 2.538753E+000 9.890952E-001
3.167502E+000 2.793473E+000 9.934571E-001
3.393879E+000 3.063452E+000 9.967285E-001
3.628782E+000 3.349425E+000 9.989095E-001
3.872925E+000 3.652222E+000 1.000000E+000
4.000000E+000 3.812500E+000 1.000000E+000
7.926052E-001 6.102801E-001 8.569857E-001
8.709409E-001 6.639953E-001 8.659241E-001
1.032326E+000 7.843643E-001 8.826836E-001
1.197205E+000 9.163279E-001 8.983258E-001
1.366003E+000 1.059775E+000 9.128507E-001
1.539147E+000 1.214684E+000 9.262583E-001
1.717069E+000 1.381117E+000 9.385486E-001
1.900211E+000 1.559214E+000 9.497215E-001
2.089031E+000 1.749190E+000 9.597772E-001
2.284005E+000 1.951332E+000 9.687156E-001
2.485633E+000 2.166000E+000 9.765367E-001
2.694444E+000 2.393626E+000 9.832405E-001
2.911000E+000 2.634720E+000 9.888270E-001
3.135901E+000 2.889867E+000 9.932962E-001
3.369790E+000 3.159736E+000 9.966481E-001
3.613363E+000 3.445084E+000 9.988827E-001
3.867371E+000 3.746765E+000 1.000000E+000
4.000000E+000 3.906250E+000 1.000000E+000
7.600577E-001 6.503697E-001 8.546975E-001
8.340182E-001 7.090902E-001 8.637789E-001
9.882546E-001 8.381624E-001 8.808065E-001
1.147534E+000 9.775040E-001 8.966990E-001
1.312188E+000 1.127098E+000 9.114563E-001
1.482566E+000 1.287006E+000 9.250784E-001
1.659036E+000 1.457357E+000 9.375653E-001
1.841992E+000 1.638352E+000 9.489171E-001
2.031853E+000 1.830255E+000 9.591337E-001
2.229068E+000 2.033396E+000 9.682151E-001
2.434120E+000 2.248169E+000 9.761613E-001
2.647530E+000 2.475037E+000 9.829724E-001
2.869859E+000 2.714531E+000 9.886482E-001
3.101717E+000 2.967257E+000 9.931889E-001
3.343767E+000 3.233895E+000 9.965945E-001
3.596728E+000 3.515215E+000 9.988648E-001
3.861389E+000 3.812073E+000 1.000000E+000
4.000000E+000 3.968750E+000 1.000000E+000
7.254126E-001 6.888010E-001 8.535534E-001
7.945464E-001 7.526633E-001 8.627063E-001
9.408980E-001 8.903977E-001 8.798680E-001
1.094017E+000 1.036789E+000 8.958856E-001
1.254124E+000 1.191933E+000 9.107591E-001
1.421475E+000 1.355982E+000 9.244885E-001
1.596365E+000 1.529147E+000 9.370737E-001
1.779127E+000 1.711690E+000 9.485149E-001
1.970134E+000 1.903930E+000 9.588119E-001
2.169799E+000 2.106239E+000 9.679648E-001
2.378581E+000 2.319045E+000 9.759736E-001
2.596987E+000 2.542835E+000 9.828383E-001
2.825574E+000 2.778157E+000 9.885589E-001
3.064957E+000 3.025624E+000 9.931353E-001
3.315810E+000 3.285922E+000 9.965677E-001
3.578878E+000 3.559813E+000 9.988559E-001
3.854980E+000 3.848145E+000 1.000000E+000
4.000000E+000 4.000000E+000 1.000000E+000
6.888010E-001 7.254126E-001 8.535534E-001
7.526633E-001 7.945464E-001 8.627063E-001
8.903977E-001 9.408980E-001 8.798680E-001
1.036789E+000 1.094017E+000 8.958856E-001
1.191933E+000 1.254124E+000 9.107591E-001
1.355982E+000 1.421475E+000 9.244885E-001
1.529147E+000 1.596365E+000 9.370737E-001
1.711690E+000 1.779127E+000 9.485149E-001
1.903930E+000 1.970134E+000 9.588119E-001
2.106239E+000 2.169799E+000 9.679648E-001
2.319045E+000 2.378581E+000 9.759736E-001
2.542835E+000 2.596987E+000 9.828383E-001
2.778157E+000 2.825574E+000 9.885589E-001
3.025624E+000 3.064957E+000 9.931353E-001
3.285922E+000 3.315810E+000 9.965677E-001
3.559813E+000 3.578878E+000 9.988559E-001
3.848145E+000 3.854980E+000 1.000000E+000
4.000000E+000 4.000000E+000 1.000000E+000
6.503697E-001 7.600577E-001 8.546975E-001
7.090902E-001 8.340182E-001 8.637789E-001
8.381624E-001 9.882546E-001 8.808065E-001
9.775040E-001 1.147534E+000 8.966990E-001
1.127098E+000 1.312188E+000 9.114563E-001
1.287006E+000 1.482566E+000 9.250784E-001
1.457357E+000 1.659036E+000 9.375653E-001
1.638352E+000 1.841992E+000 9.489171E-001
1.830255E+000 2.031853E+000 9.591337E-001
2.033396E+000 2.229068E+000 9.682151E-001
2.248169E+000 2.434120E+000 9.761613E-001
2.475037E+000 2.647530E+000 9.829724E-001
2.714531E+000 2.869859E+000 9.886482E-001
2.967257E+000 3.101717E+000 9.931889E-001
3.233895E+000 3.343767E+000 9.965945E-001
3.515215E+000 3.596728E+000 9.988648E-001
3.812073E+000 3.861389E+000 1.000000E+000
3.968750E+000 4.000000E+000 1.000000E+000
6.102801E-001 7.926052E-001 8.569857E-001
6.639953E-001 8.709409E-001 8.659241E-001
7.843643E-001 1.032326E+000 8.826836E-001
9.163279E-001 1.197205E+000 8.983258E-001
1.059775E+000 1.366003E+000 9.128507E-001
1.214684E+000 1.539147E+000 9.262583E-001
1.381117E+000 1.717069E+000 9.385486E-001
1.559214E+000 1.900211E+000 9.497215E-001
1.749190E+000 2.089031E+000 9.597772E-001
1.951332E+000 2.284005E+000 9.687156E-001
2.166000E+000 2.485633E+000 9.765367E-001
2.393626E+000 2.694444E+000 9.832405E-001
2.634720E+000 2.911000E+000 9.888270E-001
2.889867E+000 3.135901E+000 9.932962E-001
3.159736E+000 3.369790E+000 9.966481E-001
3.445084E+000 3.613363E+000 9.988827E-001
3.746765E+000 3.867371E+000 1.000000E+000
3.906250E+000 4.000000E+000 1.000000E+000
5.687053E-001 8.229422E-001 8.604181E-001
6.175568E-001 9.051968E-001 8.691419E-001
7.291843E-001 1.072994E+000 8.854992E-001
8.534369E-001 1.242917E+000 9.007660E-001
9.901270E-001 1.415466E+000 9.149423E-001
1.139166E+000 1.591129E+000 9.280281E-001
1.300558E+000 1.770387E+000 9.400234E-001
1.474390E+000 1.953722E+000 9.509282E-001
1.660830E+000 2.141619E+000 9.607426E-001
1.860125E+000 2.334572E+000 9.694665E-001
2.072597E+000 2.533094E+000 9.770998E-001
2.298647E+000 2.737714E+000 9.836427E-001
2.538753E+000 2.948988E+000 9.890952E-001
2.793473E+000 3.167502E+000 9.934571E-001
3.063452E+000 3.393879E+000 9.967285E-001
3.349425E+000 3.628782E+000 9.989095E-001
3.652222E+000 3.872925E+000 1.000000E+000
3.812500E+000 4.000000E+000 1.000000E+000
5.258279E-001 8.509745E-001 8.649945E-001
5.699606E-001 9.366890E-001 8.734324E-001
6.728102E-001 1.110161E+000 8.892533E-001
7.890147E-001 1.284577E+000 9.040196E-001
9.183299E-001 1.460492E+000 9.177310E-001
1.060616E+000 1.638437E+000 9.303878E-001
1.215828E+000 1.818930E+000 9.419898E-001
1.384010E+000 2.002475E+000 9.525371E-001
1.565287E+000 2.189578E+000 9.620297E-001
1.759868E+000 2.380743E+000 9.704676E-001
1.968036E+000 2.576483E+000 9.778507E-001
2.190155E+000 2.777326E+000 9.841790E-001
2.426669E+000 2.983815E+000 9.894527E-001
2.678100E+000 3.196518E+000 9.936716E-001
2.945058E+000 3.416031E+000 9.968358E-001
3.228241E+000 3.642985E+000 9.989453E-001
3.528442E+000 3.878052E+000 1.000000E+000
3.687500E+000 4.000000E+000 1.000000E+000
4.818375E-001 8.766280E-001 8.707151E-001
5.213980E-001 9.653429E-001 8.787954E-001
6.154348E-001 1.143755E+000 8.939460E-001
7.232508E-001 1.322118E+000 9.080865E-001
8.445660E-001 1.501020E+000 9.212170E-001
9.792045E-001 1.681019E+000 9.333375E-001
1.127086E+000 1.862650E+000 9.444479E-001
1.288216E+000 2.046433E+000 9.545483E-001
1.462686E+000 2.232878E+000 9.636386E-001
1.650665E+000 2.422493E+000 9.717189E-001
1.852400E+000 2.615785E+000 9.787892E-001
2.068217E+000 2.813269E+000 9.848494E-001
2.298516E+000 3.015474E+000 9.898996E-001
2.543779E+000 3.222944E+000 9.939398E-001
2.804571E+000 3.436246E+000 9.969699E-001
3.081540E+000 3.655972E+000 9.989900E-001
3.375427E+000 3.882751E+000 1.000000E+000
3.531250E+000 4.000000E+000 1.000000E+000
4.369280E-001 8.998488E-001 8.775798E-001
4.720630E-001 9.911057E-001 8.852311E-001
5.572532E-001 1.173727E+000 8.995772E-001
6.563389E-001 1.355494E+000 9.129669E-001
7.690241E-001 1.537009E+000 9.254002E-001
8.951126E-001 1.718837E+000 9.368771E-001
1.034499E+000 1.901517E+000 9.473976E-001
1.187163E+000 2.085570E+000 9.569616E-001
1.353163E+000 2.271501E+000 9.655693E-001
1.532635E+000 2.459808E+000 9.732206E-001
1.725789E+000 2.650988E+000 9.799154E-001
1.932909E+000 2.845538E+000 9.856539E-001
2.154351E+000 3.043963E+000 9.904359E-001
2.390548E+000 3.246780E+000 9.942616E-001
2.642010E+000 3.454522E+000 9.971308E-001
2.909327E+000 3.667743E+000 9.990436E-001
3.193176E+000 3.887024E+000 1.000000E+000
3.343750E+000 4.000000E+000 1.000000E+000
3.912947E-001 9.206037E-001 8.855886E-001
4.221503E-001 1.013947E+000 8.927393E-001
4.984613E-001 1.200050E+000 9.061469E-001
5.884751E-001 1.384683E+000 9.186606E-001
6.918982E-001 1.568440E+000 9.302805E-001
8.085287E-001 1.751875E+000 9.410066E-001
9.382484E-001 1.935517E+000 9.508388E-001
1.081018E+000 2.119874E+000 9.597772E-001
1.236870E+000 2.305434E+000 9.678218E-001
1.405911E+000 2.492680E+000 9.749725E-001
1.588314E+000 2.682087E+000 9.812294E-001
1.784320E+000 2.874127E+000 9.865924E-001
1.994238E+000 3.069277E+000 9.910616E-001
2.218449E+000 3.268023E+000 9.946370E-001
2.457399E+000 3.470859E+000 9.973185E-001
2.711613E+000 3.678297E+000 9.991062E-001
2.981689E+000 3.890869E+000 1.000000E+000
3.125000E+000 4.000000E+000 1.000000E+000
3.451321E-001 9.388790E-001 8.947415E-001
3.718524E-001 1.033859E+000 9.013202E-001
4.392533E-001 1.222722E+000 9.136551E-001
5.198559E-001 1.409686E+000 9.251678E-001
6.133854E-001 1.595313E+000 9.358581E-001
7.196475E-001 1.780134E+000 9.457261E-001
8.385218E-001 1.964650E+000 9.547717E-001
9.699576E-001 2.149343E+000 9.629951E-001
1.113970E+000 2.334678E+000 9.703960E-001
1.270636E+000 2.521108E+000 9.769747E-001
1.440095E+000 2.709079E+000 9.827310E-001
1.622547E+000 2.899035E+000 9.876650E-001
1.818252E+000 3.091417E+000 9.917767E-001
2.027531E+000 3.286673E+000 9.950660E-001
2.250766E+000 3.485257E+000 9.975330E-001
2.488407E+000 3.687635E+000 9.991777E-001
2.740967E+000 3.894287E+000 1.000000E+000
2.875000E+000 4.000000E+000 1.000000E+000
2.986314E-001 9.546808E-001 9.050385E-001
3.213578E-001 1.050853E+000 9.109736E-001
3.798203E-001 1.241764E+000 9.221019E-001
4.506767E-001 1.430524E+000 9.324883E-001
5.336846E-001 1.617651E+000 9.421329E-001
6.286685E-001 1.803632E+000 9.510355E-001
7.355154E-001 1.988930E+000 9.591962E-001
8.541708E-001 2.173990E+000 9.666151E-001
9.846360E-001 2.359239E+000 9.732921E-001
1.126966E+000 2.545097E+000 9.792272E-001
1.281268E+000 2.731970E+000 9.844204E-001
1.447701E+000 2.920265E+000 9.888717E-001
1.626474E+000 3.110383E+000 9.925811E-001
1.817849E+000 3.302731E+000 9.955487E-001
2.022142E+000 3.497716E+000 9.977743E-001
2.239720E+000 3.695756E+000 9.992581E-001
2.471008E+000 3.897278E+000 1.000000E+000
2.593750E+000 4.000000E+000 1.000000E+000
2.519781E-001 9.680333E-001 9.164797E-001
2.708492E-001 1.064962E+000 9.216997E-001
3.203480E-001 1.257216E+000 9.314872E-001
3.811301E-001 1.447241E+000 9.406223E-001
4.529950E-001 1.635493E+000 9.491048E-001
5.357951E-001 1.822404E+000 9.569348E-001
6.294319E-001 2.008387E+000 9.641124E-001
7.338540E-001 2.193837E+000 9.706374E-001
8.490544E-001 2.379137E+000 9.765099E-001
9.750694E-001 2.564658E+000 9.817299E-001
1.111977E+000 2.750766E+000 9.862974E-001
1.259899E+000 2.937820E+000 9.902125E-001
1.418994E+000 3.126178E+000 9.934750E-001
1.589466E+000 3.316197E+000 9.960850E-001
1.771560E+000 3.508236E+000 9.980425E-001
1.965565E+000 3.702661E+000 9.993475E-001
2.171814E+000 3.899841E+000 1.000000E+000
2.281250E+000 4.000000E+000 1.000000E+000
2.053502E-001 9.789775E-001 9.290649E-001
2.205009E-001 1.076237E+000 9.334984E-001
2.610154E-001 1.269140E+000 9.418111E-001
3.114042E-001 1.459899E+000 9.495696E-001
3.715147E-001 1.648899E+000 9.567739E-001
4.412325E-001 1.836504E+000 9.634241E-001
5.204795E-001 2.023065E+000 9.695201E-001
6.092120E-001 2.208920E+000 9.750619E-001
7.074197E-001 2.394396E+000 9.800495E-001
8.151244E-001 2.579812E+000 9.844830E-001
9.323796E-001 2.765480E+000 9.883622E-001
1.059270E+000 2.951710E+000 9.916873E-001
1.195910E+000 3.138806E+000 9.944582E-001
1.342447E+000 3.327074E+000 9.966749E-001
1.499060E+000 3.516819E+000 9.983375E-001
1.665957E+000 3.708349E+000 9.994458E-001
1.843384E+000 3.901978E+000 1.000000E+000
1.937500E+000 4.000000E+000 1.000000E+000
1.589165E-001 9.875702E-001 9.427943E-001
1.704783E-001 1.084745E+000 9.463696E-001
2.019932E-001 1.277615E+000 9.530734E-001
2.416814E-001 1.468581E+000 9.593303E-001
2.894390E-001 1.657946E+000 9.651403E-001
3.451871E-001 1.845999E+000 9.705033E-001
4.088706E-001 2.033022E+000 9.754194E-001
4.804570E-001 2.219285E+000 9.798886E-001
5.599364E-001 2.405052E+000 9.839109E-001
6.473201E-001 2.590583E+000 9.874863E-001
7.426408E-001 2.776130E+000 9.906147E-001
8.459522E-001 2.961944E+000 9.932962E-001
9.573288E-001 3.148273E+000 9.955308E-001
1.076866E+000 3.335364E+000 9.973185E-001
1.204681E+000 3.523464E+000 9.986592E-001
1.340912E+000 3.712821E+000 9.995531E-001
1.485718E+000 3.903687E+000 1.000000E+000
1.562500E+000 4.000000E+000 1.000000E+000
1.128350E-001 9.938816E-001 9.576678E-001
1.209358E-001 1.090569E+000 9.603135E-001
1.434427E-001 1.282737E+000 9.652743E-001
1.721370E-001 1.473384E+000 9.699044E-001
2.069596E-001 1.662726E+000 9.742038E-001
2.478650E-001 1.850972E+000 9.781724E-001
2.948208E-001 2.038326E+000 9.818104E-001
3.478072E-001 2.224987E+000 9.851176E-001
4.068170E-001 2.411149E+000 9.880941E-001
4.718549E-001 2.597003E+000 9.907398E-001
5.429377E-001 2.782737E+000 9.930549E-001
6.200941E-001 2.968536E+000 9.950392E-001
7.033647E-001 3.154587E+000 9.966928E-001
7.928017E-001 3.341071E+000 9.980157E-001
8.884697E-001 3.528174E+000 9.990078E-001
9.904448E-001 3.716078E+000 9.996693E-001
1.098816E+000 3.904968E+000 1.000000E+000
1.156250E+000 4.000000E+000 1.000000E+000
6.725196E-002 9.979941E-001 9.736854E-001
7.201635E-002 1.093806E+000 9.753300E-001
8.551485E-002 1.284617E+000 9.784138E-001
1.029382E-001 1.474421E+000 9.812919E-001
1.242628E-001 1.663347E+000 9.839645E-001
1.494703E-001 1.851520E+000 9.864315E-001
1.785475E-001 2.039062E+000 9.886929E-001
2.114858E-001 2.226095E+000 9.907488E-001
2.482818E-001 2.412738E+000 9.925990E-001
2.889367E-001 2.599110E+000 9.942437E-001
3.334566E-001 2.785326E+000 9.956828E-001
3.818523E-001 2.971503E+000 9.969163E-001
4.341394E-001 3.157756E+000 9.979442E-001
4.903381E-001 3.344200E+000 9.987665E-001
5.504735E-001 3.530949E+000 9.993833E-001
6.145753E-001 3.718119E+000 9.997944E-001
6.826782E-001 3.905823E+000 1.000000E+000
7.187500E-001 4.000000E+000 1.000000E+000
2.230121E-002 1.000000E+000 9.908471E-001
2.385036E-002 1.094561E+000 9.914191E-001
2.834913E-002 1.283378E+000 9.924918E-001
3.424302E-002 1.471820E+000 9.934929E-001
4.152907E-002 1.659931E+000 9.944224E-001
5.020497E-002 1.847751E+000 9.952805E-001
6.026898E-002 2.035322E+000 9.960671E-001
7.171999E-002 2.222684E+000 9.967822E-001
8.455748E-002 2.409879E+000 9.974257E-001
9.878152E-002 2.596947E+000 9.979978E-001
1.143928E-001 2.783929E+000 9.984984E-001
1.313925E-001 2.970864E+000 9.989274E-001
1.497827E-001 3.157793E+000 9.992849E-001
1.695656E-001 3.344756E+000 9.995710E-001
1.907444E-001 3.531793E+000 9.997855E-001
2.133227E-001 3.718944E+000 9.999285E-001
2.373047E-001 3.906250E+000 1.000000E+000
2.500000E-001 4.000000E+000 1.000000E+000
0.000000E+000 1.000000E+000 1.000000E+000
0.000000E+000 1.093750E+000 1.000000E+000
0.000000E+000 1.281250E+000 1.000000E+000
0.000000E+000 1.468750E+000 1.000000E+000
0.000000E+000 1.656250E+000 1.000000E+000
0.000000E+000 1.843750E+000 1.000000E+000
0.000000E+000 2.031250E+000 1.000000E+000
0.000000E+000 2.218750E+000 1.000000E+000
0.000000E+000 2.406250E+000 1.000000E+000
0.000000E+000 2.593750E+000 1.000000E+000
0.000000E+000 2.781250E+000 1.000000E+000
0.000000E+000 2.968750E+000 1.000000E+000
0.000000E+000 3.156250E+000 1.000000E+000
0.000000E+000 3.343750E+000 1.000000E+000
0.000000E+000 3.531250E+000 1.000000E+000
0.000000E+000 3.718750E+000 1.000000E+000
0.000000E+000 3.906250E+000 1.000000E+000
0.000000E+000 4.000000E+000 1.000000E+000
-----------------------------------------------------------------------------------------------
*material
5
100000.0, 0.3, 1.0, 0.0, 1.0e25
!Young Modulus, Poisson coef, thickness (set to 1.0 if not used), density, Yield Stress
-----------------------------------------------------------------------------------------------
*boundary   !boundary condition
36
1	,	1	,	2
1	,	2	,	2
1	,	3	,	2
1	,	4	,	2
1	,	5	,	2
1	,	6	,	2
1	,	7	,	2
1	,	8	,	2
1	,	9	,	2
1	,	10	,	2
1	,	11	,	2
1	,	12	,	2
1	,	13	,	2
1	,	14	,	2
1	,	15	,	2
1	,	16	,	2
1	,	17	,	2
1	,	18	,	2
34	,	1	,	1
34	,	2	,	1
34	,	3	,	1
34	,	4	,	1
34	,	5	,	1
34	,	6	,	1
34	,	7	,	1
34	,	8	,	1
34	,	9	,	1
34	,	10	,	1
34	,	11	,	1
34	,	12	,	1
34	,	13	,	1
34	,	14	,	1
34	,	15	,	1
34	,	16	,	1
34	,	17	,	1
34	,	18	,	1
--------------------------------------------------------
*displacement       !load vector
66
1	,	18	,	1	,  0.042473437500000
2	,	18	,	1	,  0.042426574139362
2	,	18	,	2	, -7.728035290743053e-004
3	,	18	,	1	,  0.042101529443708
3	,	18	,	2	, -0.002265457888570
4	,	18	,	1	,  0.041576415401877
4	,	18	,	2	, -0.003756683521266
5	,	18	,	1	,  0.040974946945541
5	,	18	,	2	, -0.005247558226758
6	,	18	,	1	,  0.040385074797625
6	,	18	,	2	, -0.006710578258346
7	,	18	,	1	,  0.039854660117838
7	,	18	,	2	, -0.008111485821617
8	,	18	,	1	,  0.039401894446505
8	,	18	,	2	, -0.009421248131062
9	,	18	,	1	,  0.039027701020910
9	,	18	,	2	, -0.010619509987817
10	,	18	,	1	,  0.038724916851506
10	,	18	,	2	, -0.011693723683810
11	,	18	,	1	,  0.038483736493670
11	,	18	,	2	, -0.012636991554648
12	,	18	,	1	,  0.038294461917559
12	,	18	,	2	, -0.013446024715687
13	,	18	,	1	,  0.038148669350297
13	,	18	,	2	, -0.014119627991870
14	,	18	,	1	,  0.038039564097271
14	,	18	,	2	, -0.014657699807626
15	,	18	,	1	,  0.037961971846394
15	,	18	,	2	, -0.015060617108894
16	,	18	,	1	,  0.037912201187300
16	,	18	,	2	, -0.015328875854533
17	,	18	,	1	,  0.037887890625000
17	,	18	,	2	, -0.015462890625000
18	,	18	,	1	,  0.037887890625000
18	,	18	,	2	, -0.015462890625000
19	,	18	,	1	,  0.037591325874525
19	,	18	,	2	, -0.015474456285261
20	,	18	,	1	,  0.036997660206148
20	,	18	,	2	, -0.015498439714806
21	,	18	,	1	,  0.036105828885277
21	,	18	,	2	, -0.015536608999408
22	,	18	,	1	,  0.034914266371176
22	,	18	,	2	, -0.015591773481219
23	,	18	,	1	,  0.033420983124770
23	,	18	,	2	, -0.015667960356828
24	,	18	,	1	,  0.031623744240309
24	,	18	,	2	, -0.015770611785589
25	,	18	,	1	,  0.029520436843301
25	,	18	,	2	, -0.015906724007358
26	,	18	,	1	,  0.027109754675518
26	,	18	,	2	, -0.016084751890195
27	,	18	,	1	,  0.024392355745035
27	,	18	,	2	, -0.016313921258691
28	,	18	,	1	,  0.021372594949789
28	,	18	,	2	, -0.016602304386248
29	,	18	,	1	,  0.018060642525698
29	,	18	,	2	, -0.016952684052124
30	,	18	,	1	,  0.014474019781514
30	,	18	,	2	, -0.017355205365367
31	,	18	,	1	,  0.010636191914213
31	,	18	,	2	, -0.017777035015464
32	,	18	,	1	,  0.006568676566510
32	,	18	,	2	, -0.018153182018651
33	,	18	,	1	,  0.002275138159425
33	,	18	,	2	, -0.018389220053759
34	,	18	,	2	, -0.018423437500000
-----------------------------------------------------------------------------------------------
*end


