!----------------------------------------------------------------
!
! Tube Compression
!
!----------------------------------------------------------------
*begin_MP
2       !number of patches
2       !problem dimension
2, 2	!degree of each dimension patch1
2, 2    !degree of each dimension patch2
3, 3    !control points in each direction patch1
12, 3    !control points in each direction patch2
0, 0    !open(0) or closed(1) knot vector patch1
0, 0    !open(0) or closed(1) knot vector patch2
45      !total number of control points
-----------------------------------------------------------------
*knots    !knot spans
0, 0, 0, 1, 1, 1  
0, 0, 0, 1, 1, 1 
0.0 0.0 0.0 0.1 0.2 0.3 0.4 0.5 0.6 0.7 0.8 0.9 1.0 1.0 1.0
0.0 0.0 0.0 1.0 1.0 1.0
-----------------------------------------------------------------
*element
Quad9E  !Element for patch 1
Quad9E  !Element for patch 2
*bnet     
-0.10000E+000 2.600000E-001 1.000000E+000
-0.10000E+000 2.700000E-001 1.000000E+000
-0.10000E+000 2.800000E-001 1.000000E+000
1.750000E-001 2.600000E-001 1.000000E+000
1.750000E-001 2.700000E-001 1.000000E+000
1.750000E-001 2.800000E-001 1.000000E+000
3.500000E-001 2.600000E-001 1.000000E+000
3.500000E-001 2.700000E-001 1.000000E+000
3.500000E-001 2.800000E-001 1.000000E+000 !End of Patch 1
0.000000E+000 2.400000E-001 1.000000E+000
0.000000E+000 2.500000E-001 1.000000E+000
0.000000E+000 2.600000E-001 1.000000E+000
1.748262E-002 2.400000E-001 9.707107E-001
1.821106E-002 2.500000E-001 9.707107E-001
1.893950E-002 2.600000E-001 9.707107E-001
5.295620E-002 2.348043E-001 9.238478E-001
5.516270E-002 2.445879E-001 9.238478E-001
5.736921E-002 2.543714E-001 9.238478E-001
8.876796E-002 2.237966E-001 8.887006E-001
9.246663E-002 2.331214E-001 8.887006E-001
9.616529E-002 2.424463E-001 8.887006E-001
1.235045E-001 2.067156E-001 8.652691E-001
1.286505E-001 2.153287E-001 8.652691E-001
1.337965E-001 2.239419E-001 8.652691E-001
1.556468E-001 1.837645E-001 8.535534E-001
1.621320E-001 1.914214E-001 8.535534E-001
1.686173E-001 1.990782E-001 8.535534E-001
1.837645E-001 1.556468E-001 8.535534E-001
1.914214E-001 1.621320E-001 8.535534E-001
1.990782E-001 1.686173E-001 8.535534E-001
2.067156E-001 1.235045E-001 8.652691E-001
2.153287E-001 1.286505E-001 8.652691E-001
2.239419E-001 1.337965E-001 8.652691E-001
2.237966E-001 8.876796E-002 8.887006E-001
2.331214E-001 9.246663E-002 8.887006E-001
2.424463E-001 9.616529E-002 8.887006E-001
2.348043E-001 5.295620E-002 9.238478E-001
2.445879E-001 5.516270E-002 9.238478E-001
2.543714E-001 5.736921E-002 9.238478E-001
2.400000E-001 1.748262E-002 9.707107E-001
2.500000E-001 1.821106E-002 9.707107E-001
2.600000E-001 1.893950E-002 9.707107E-001
2.400000E-001 0.000000E+000 1.000000E+000
2.500000E-001 0.000000E+000 1.000000E+000
2.600000E-001 0.000000E+000 1.000000E+000
-----------------------------------------------------------------
*MP_conn
1   9   8   7    6    5    4    3    2    1
2	36	35	34	24	23	22	12	11	10
3	37	36	35	25	24	23	13	12	11
4	38	37	36	26	25	24	14	13	12
5	39	38	37	27	26	25	15	14	13
6	40	39	38	28	27	26	16	15	14
7	41	40	39	29	28	27	17	16	15
8	42	41	40	30	29	28	18	17	16
9	43	42	41	31	30	29	19	18	17
10	44	43	42	32	31	30	20	19	18
11	45	44	43	33	32	31	21	20	19
-----------------------------------------------------------------
*material
6
200.0e12, 0.3, 1.0, 0.0, 1.0e25, 0.0
 200.0e9, 0.3, 1.0, 0.0, 80.0e6, 0.0
-----------------------------------------------------------------
*ContactPTS
*Master
2
3
0.0, 0.0, 0.0, 1.0, 1.0, 1.0
3, 2, 1
*Slave
2
12
0.0 0.0 0.0 0.1 0.2 0.3 0.4 0.5 0.6 0.7 0.8 0.9 1.0 1.0 1.0
34, 35, 36, 37, 38, 39, 40, 41, 42, 43, 44, 45
-----------------------------------------------------------------
*Multistep
1
*step
*increment
100
*iteration
100
*bcdof
15
1, 1
2, 1
3, 1
4, 1
5, 1
6, 1
7, 1
8, 1
9, 1
10, 1
22, 1
34, 1
21, 2
33, 2
45, 2
*dispdof
9
1, 2, -6.25e-3
2, 2, -6.25e-3
3, 2, -6.25e-3
4, 2, -6.25e-3
5, 2, -6.25e-3
6, 2, -6.25e-3
7, 2, -6.25e-3
8, 2, -6.25e-3
9, 2, -6.25e-3
*endstep
*end
