-----------------------------------------------------------------------------------------------
Timoshenko Beam from the work of Nguyen et al
12 element mesh obtained from k-refinement
-----------------------------------------------------------------------------------------------
*begin
2        !problem dimension
2, 2     !degree of each dimension
14, 6     !control points in each direction
0, 0     !open(0) or closed(1) knot vector
-----------------------------------------------------------------------------------------------
*knots    !knot spans
0.00000000, 0.00000000, 0.00000000, 0.08333333, 0.16666667, 0.25000000, 0.33333333, 0.41666667, 0.50000000, 0.58333333, 0.66666667, 0.75000000, 0.83333333, 0.91666667, 1.00000000, 1.00000000, 1.00000000
0.00000000, 0.00000000, 0.00000000, 0.25000000, 0.50000000, 0.75000000, 1.00000000, 1.00000000, 1.00000000
-----------------------------------------------------------------------------------------------
*element
Quad16S
-----------------------------------------------------------------------------------------------
*bnet     !nurbs control points
0.000000E+000 -6.000000E+000 1.000000E+000
0.000000E+000 -4.500000E+000 1.000000E+000
0.000000E+000 -1.500000E+000 1.000000E+000
0.000000E+000 1.500000E+000 1.000000E+000
0.000000E+000 4.500000E+000 1.000000E+000
0.000000E+000 6.000000E+000 1.000000E+000
2.000000E+000 -6.000000E+000 1.000000E+000
2.000000E+000 -4.500000E+000 1.000000E+000
2.000000E+000 -1.500000E+000 1.000000E+000
2.000000E+000 1.500000E+000 1.000000E+000
2.000000E+000 4.500000E+000 1.000000E+000
2.000000E+000 6.000000E+000 1.000000E+000
6.000000E+000 -6.000000E+000 1.000000E+000
6.000000E+000 -4.500000E+000 1.000000E+000
6.000000E+000 -1.500000E+000 1.000000E+000
6.000000E+000 1.500000E+000 1.000000E+000
6.000000E+000 4.500000E+000 1.000000E+000
6.000000E+000 6.000000E+000 1.000000E+000
1.000000E+001 -6.000000E+000 1.000000E+000
1.000000E+001 -4.500000E+000 1.000000E+000
1.000000E+001 -1.500000E+000 1.000000E+000
1.000000E+001 1.500000E+000 1.000000E+000
1.000000E+001 4.500000E+000 1.000000E+000
1.000000E+001 6.000000E+000 1.000000E+000
1.400000E+001 -6.000000E+000 1.000000E+000
1.400000E+001 -4.500000E+000 1.000000E+000
1.400000E+001 -1.500000E+000 1.000000E+000
1.400000E+001 1.500000E+000 1.000000E+000
1.400000E+001 4.500000E+000 1.000000E+000
1.400000E+001 6.000000E+000 1.000000E+000
1.800000E+001 -6.000000E+000 1.000000E+000
1.800000E+001 -4.500000E+000 1.000000E+000
1.800000E+001 -1.500000E+000 1.000000E+000
1.800000E+001 1.500000E+000 1.000000E+000
1.800000E+001 4.500000E+000 1.000000E+000
1.800000E+001 6.000000E+000 1.000000E+000
2.200000E+001 -6.000000E+000 1.000000E+000
2.200000E+001 -4.500000E+000 1.000000E+000
2.200000E+001 -1.500000E+000 1.000000E+000
2.200000E+001 1.500000E+000 1.000000E+000
2.200000E+001 4.500000E+000 1.000000E+000
2.200000E+001 6.000000E+000 1.000000E+000
2.600000E+001 -6.000000E+000 1.000000E+000
2.600000E+001 -4.500000E+000 1.000000E+000
2.600000E+001 -1.500000E+000 1.000000E+000
2.600000E+001 1.500000E+000 1.000000E+000
2.600000E+001 4.500000E+000 1.000000E+000
2.600000E+001 6.000000E+000 1.000000E+000
3.000000E+001 -6.000000E+000 1.000000E+000
3.000000E+001 -4.500000E+000 1.000000E+000
3.000000E+001 -1.500000E+000 1.000000E+000
3.000000E+001 1.500000E+000 1.000000E+000
3.000000E+001 4.500000E+000 1.000000E+000
3.000000E+001 6.000000E+000 1.000000E+000
3.400000E+001 -6.000000E+000 1.000000E+000
3.400000E+001 -4.500000E+000 1.000000E+000
3.400000E+001 -1.500000E+000 1.000000E+000
3.400000E+001 1.500000E+000 1.000000E+000
3.400000E+001 4.500000E+000 1.000000E+000
3.400000E+001 6.000000E+000 1.000000E+000
3.800000E+001 -6.000000E+000 1.000000E+000
3.800000E+001 -4.500000E+000 1.000000E+000
3.800000E+001 -1.500000E+000 1.000000E+000
3.800000E+001 1.500000E+000 1.000000E+000
3.800000E+001 4.500000E+000 1.000000E+000
3.800000E+001 6.000000E+000 1.000000E+000
4.200000E+001 -6.000000E+000 1.000000E+000
4.200000E+001 -4.500000E+000 1.000000E+000
4.200000E+001 -1.500000E+000 1.000000E+000
4.200000E+001 1.500000E+000 1.000000E+000
4.200000E+001 4.500000E+000 1.000000E+000
4.200000E+001 6.000000E+000 1.000000E+000
4.600000E+001 -6.000000E+000 1.000000E+000
4.600000E+001 -4.500000E+000 1.000000E+000
4.600000E+001 -1.500000E+000 1.000000E+000
4.600000E+001 1.500000E+000 1.000000E+000
4.600000E+001 4.500000E+000 1.000000E+000
4.600000E+001 6.000000E+000 1.000000E+000
4.800000E+001 -6.000000E+000 1.000000E+000
4.800000E+001 -4.500000E+000 1.000000E+000
4.800000E+001 -1.500000E+000 1.000000E+000
4.800000E+001 1.500000E+000 1.000000E+000
4.800000E+001 4.500000E+000 1.000000E+000
4.800000E+001 6.000000E+000 1.000000E+000
-----------------------------------------------------------------------------------------------
*material
5
3.0e7, 0.30, 1.0, 0.0, 1.0e25
!Young Modulus, Poisson coef, thickness (set to 1.0 if not used), density, Yield Stress
-----------------------------------------------------------------------------------------------
*boundary   !boundary condition
12
1, 1, 1
1, 1, 2
1, 2, 1
1, 2, 2
1, 3, 1
1, 3, 2
1, 4, 1
1, 4, 2
1, 5, 1
1, 5, 2
1, 6, 1
1, 6, 2
--------------------------------------------------------
*load
4
14,	2,	2, -1.230468750000000e+002
14,	3,	2, -3.515625000000000e+002
14,	4,	2, -3.515625000000000e+002
14,	5,	2, -1.230468750000000e+002
-----------------------------------------------------------------------------------------------
*end


