-----------------------------------------------------------------------------------------------
Timoshenko Beam from the work of Nguyen et al
192 element mesh obtained from p refinement
-----------------------------------------------------------------------------------------------
*begin
2        !problem dimension
1, 1     !degree of each dimension
25, 9     !control points in each direction
0, 0     !open(0) or closed(1) knot vector
-----------------------------------------------------------------------------------------------
*knots    !knot spans
0.00000000, 0.00000000, 0.04166667, 0.08333333, 0.12500000, 0.16666667, 0.20833333, 0.25000000, 0.29166667, 0.33333333, 0.37500000, 0.41666667, 0.45833333, 0.50000000, 0.54166667, 0.58333333, 0.62500000, 0.66666667, 0.70833333, 0.75000000, 0.79166667, 0.83333333, 0.87500000, 0.91666667, 0.95833333, 1.00000000, 1.00000000
0.00000000, 0.00000000, 0.12500000, 0.25000000, 0.37500000, 0.50000000, 0.62500000, 0.75000000, 0.87500000, 1.00000000, 1.00000000
-----------------------------------------------------------------------------------------------
*element
Quad4S
-----------------------------------------------------------------------------------------------
*bnet     !nurbs control points
0.000000E+000 -6.000000E+000 1.000000E+000
0.000000E+000 -4.500000E+000 1.000000E+000
0.000000E+000 -3.000000E+000 1.000000E+000
0.000000E+000 -1.500000E+000 1.000000E+000
0.000000E+000 0.000000E+000 1.000000E+000
0.000000E+000 1.500000E+000 1.000000E+000
0.000000E+000 3.000000E+000 1.000000E+000
0.000000E+000 4.500000E+000 1.000000E+000
0.000000E+000 6.000000E+000 1.000000E+000
2.000000E+000 -6.000000E+000 1.000000E+000
2.000000E+000 -4.500000E+000 1.000000E+000
2.000000E+000 -3.000000E+000 1.000000E+000
2.000000E+000 -1.500000E+000 1.000000E+000
2.000000E+000 0.000000E+000 1.000000E+000
2.000000E+000 1.500000E+000 1.000000E+000
2.000000E+000 3.000000E+000 1.000000E+000
2.000000E+000 4.500000E+000 1.000000E+000
2.000000E+000 6.000000E+000 1.000000E+000
4.000000E+000 -6.000000E+000 1.000000E+000
4.000000E+000 -4.500000E+000 1.000000E+000
4.000000E+000 -3.000000E+000 1.000000E+000
4.000000E+000 -1.500000E+000 1.000000E+000
4.000000E+000 0.000000E+000 1.000000E+000
4.000000E+000 1.500000E+000 1.000000E+000
4.000000E+000 3.000000E+000 1.000000E+000
4.000000E+000 4.500000E+000 1.000000E+000
4.000000E+000 6.000000E+000 1.000000E+000
6.000000E+000 -6.000000E+000 1.000000E+000
6.000000E+000 -4.500000E+000 1.000000E+000
6.000000E+000 -3.000000E+000 1.000000E+000
6.000000E+000 -1.500000E+000 1.000000E+000
6.000000E+000 0.000000E+000 1.000000E+000
6.000000E+000 1.500000E+000 1.000000E+000
6.000000E+000 3.000000E+000 1.000000E+000
6.000000E+000 4.500000E+000 1.000000E+000
6.000000E+000 6.000000E+000 1.000000E+000
8.000000E+000 -6.000000E+000 1.000000E+000
8.000000E+000 -4.500000E+000 1.000000E+000
8.000000E+000 -3.000000E+000 1.000000E+000
8.000000E+000 -1.500000E+000 1.000000E+000
8.000000E+000 0.000000E+000 1.000000E+000
8.000000E+000 1.500000E+000 1.000000E+000
8.000000E+000 3.000000E+000 1.000000E+000
8.000000E+000 4.500000E+000 1.000000E+000
8.000000E+000 6.000000E+000 1.000000E+000
1.000000E+001 -6.000000E+000 1.000000E+000
1.000000E+001 -4.500000E+000 1.000000E+000
1.000000E+001 -3.000000E+000 1.000000E+000
1.000000E+001 -1.500000E+000 1.000000E+000
1.000000E+001 0.000000E+000 1.000000E+000
1.000000E+001 1.500000E+000 1.000000E+000
1.000000E+001 3.000000E+000 1.000000E+000
1.000000E+001 4.500000E+000 1.000000E+000
1.000000E+001 6.000000E+000 1.000000E+000
1.200000E+001 -6.000000E+000 1.000000E+000
1.200000E+001 -4.500000E+000 1.000000E+000
1.200000E+001 -3.000000E+000 1.000000E+000
1.200000E+001 -1.500000E+000 1.000000E+000
1.200000E+001 0.000000E+000 1.000000E+000
1.200000E+001 1.500000E+000 1.000000E+000
1.200000E+001 3.000000E+000 1.000000E+000
1.200000E+001 4.500000E+000 1.000000E+000
1.200000E+001 6.000000E+000 1.000000E+000
1.400000E+001 -6.000000E+000 1.000000E+000
1.400000E+001 -4.500000E+000 1.000000E+000
1.400000E+001 -3.000000E+000 1.000000E+000
1.400000E+001 -1.500000E+000 1.000000E+000
1.400000E+001 0.000000E+000 1.000000E+000
1.400000E+001 1.500000E+000 1.000000E+000
1.400000E+001 3.000000E+000 1.000000E+000
1.400000E+001 4.500000E+000 1.000000E+000
1.400000E+001 6.000000E+000 1.000000E+000
1.600000E+001 -6.000000E+000 1.000000E+000
1.600000E+001 -4.500000E+000 1.000000E+000
1.600000E+001 -3.000000E+000 1.000000E+000
1.600000E+001 -1.500000E+000 1.000000E+000
1.600000E+001 0.000000E+000 1.000000E+000
1.600000E+001 1.500000E+000 1.000000E+000
1.600000E+001 3.000000E+000 1.000000E+000
1.600000E+001 4.500000E+000 1.000000E+000
1.600000E+001 6.000000E+000 1.000000E+000
1.800000E+001 -6.000000E+000 1.000000E+000
1.800000E+001 -4.500000E+000 1.000000E+000
1.800000E+001 -3.000000E+000 1.000000E+000
1.800000E+001 -1.500000E+000 1.000000E+000
1.800000E+001 0.000000E+000 1.000000E+000
1.800000E+001 1.500000E+000 1.000000E+000
1.800000E+001 3.000000E+000 1.000000E+000
1.800000E+001 4.500000E+000 1.000000E+000
1.800000E+001 6.000000E+000 1.000000E+000
2.000000E+001 -6.000000E+000 1.000000E+000
2.000000E+001 -4.500000E+000 1.000000E+000
2.000000E+001 -3.000000E+000 1.000000E+000
2.000000E+001 -1.500000E+000 1.000000E+000
2.000000E+001 0.000000E+000 1.000000E+000
2.000000E+001 1.500000E+000 1.000000E+000
2.000000E+001 3.000000E+000 1.000000E+000
2.000000E+001 4.500000E+000 1.000000E+000
2.000000E+001 6.000000E+000 1.000000E+000
2.200000E+001 -6.000000E+000 1.000000E+000
2.200000E+001 -4.500000E+000 1.000000E+000
2.200000E+001 -3.000000E+000 1.000000E+000
2.200000E+001 -1.500000E+000 1.000000E+000
2.200000E+001 0.000000E+000 1.000000E+000
2.200000E+001 1.500000E+000 1.000000E+000
2.200000E+001 3.000000E+000 1.000000E+000
2.200000E+001 4.500000E+000 1.000000E+000
2.200000E+001 6.000000E+000 1.000000E+000
2.400000E+001 -6.000000E+000 1.000000E+000
2.400000E+001 -4.500000E+000 1.000000E+000
2.400000E+001 -3.000000E+000 1.000000E+000
2.400000E+001 -1.500000E+000 1.000000E+000
2.400000E+001 0.000000E+000 1.000000E+000
2.400000E+001 1.500000E+000 1.000000E+000
2.400000E+001 3.000000E+000 1.000000E+000
2.400000E+001 4.500000E+000 1.000000E+000
2.400000E+001 6.000000E+000 1.000000E+000
2.600000E+001 -6.000000E+000 1.000000E+000
2.600000E+001 -4.500000E+000 1.000000E+000
2.600000E+001 -3.000000E+000 1.000000E+000
2.600000E+001 -1.500000E+000 1.000000E+000
2.600000E+001 0.000000E+000 1.000000E+000
2.600000E+001 1.500000E+000 1.000000E+000
2.600000E+001 3.000000E+000 1.000000E+000
2.600000E+001 4.500000E+000 1.000000E+000
2.600000E+001 6.000000E+000 1.000000E+000
2.800000E+001 -6.000000E+000 1.000000E+000
2.800000E+001 -4.500000E+000 1.000000E+000
2.800000E+001 -3.000000E+000 1.000000E+000
2.800000E+001 -1.500000E+000 1.000000E+000
2.800000E+001 0.000000E+000 1.000000E+000
2.800000E+001 1.500000E+000 1.000000E+000
2.800000E+001 3.000000E+000 1.000000E+000
2.800000E+001 4.500000E+000 1.000000E+000
2.800000E+001 6.000000E+000 1.000000E+000
3.000000E+001 -6.000000E+000 1.000000E+000
3.000000E+001 -4.500000E+000 1.000000E+000
3.000000E+001 -3.000000E+000 1.000000E+000
3.000000E+001 -1.500000E+000 1.000000E+000
3.000000E+001 0.000000E+000 1.000000E+000
3.000000E+001 1.500000E+000 1.000000E+000
3.000000E+001 3.000000E+000 1.000000E+000
3.000000E+001 4.500000E+000 1.000000E+000
3.000000E+001 6.000000E+000 1.000000E+000
3.200000E+001 -6.000000E+000 1.000000E+000
3.200000E+001 -4.500000E+000 1.000000E+000
3.200000E+001 -3.000000E+000 1.000000E+000
3.200000E+001 -1.500000E+000 1.000000E+000
3.200000E+001 0.000000E+000 1.000000E+000
3.200000E+001 1.500000E+000 1.000000E+000
3.200000E+001 3.000000E+000 1.000000E+000
3.200000E+001 4.500000E+000 1.000000E+000
3.200000E+001 6.000000E+000 1.000000E+000
3.400000E+001 -6.000000E+000 1.000000E+000
3.400000E+001 -4.500000E+000 1.000000E+000
3.400000E+001 -3.000000E+000 1.000000E+000
3.400000E+001 -1.500000E+000 1.000000E+000
3.400000E+001 0.000000E+000 1.000000E+000
3.400000E+001 1.500000E+000 1.000000E+000
3.400000E+001 3.000000E+000 1.000000E+000
3.400000E+001 4.500000E+000 1.000000E+000
3.400000E+001 6.000000E+000 1.000000E+000
3.600000E+001 -6.000000E+000 1.000000E+000
3.600000E+001 -4.500000E+000 1.000000E+000
3.600000E+001 -3.000000E+000 1.000000E+000
3.600000E+001 -1.500000E+000 1.000000E+000
3.600000E+001 0.000000E+000 1.000000E+000
3.600000E+001 1.500000E+000 1.000000E+000
3.600000E+001 3.000000E+000 1.000000E+000
3.600000E+001 4.500000E+000 1.000000E+000
3.600000E+001 6.000000E+000 1.000000E+000
3.800000E+001 -6.000000E+000 1.000000E+000
3.800000E+001 -4.500000E+000 1.000000E+000
3.800000E+001 -3.000000E+000 1.000000E+000
3.800000E+001 -1.500000E+000 1.000000E+000
3.800000E+001 0.000000E+000 1.000000E+000
3.800000E+001 1.500000E+000 1.000000E+000
3.800000E+001 3.000000E+000 1.000000E+000
3.800000E+001 4.500000E+000 1.000000E+000
3.800000E+001 6.000000E+000 1.000000E+000
4.000000E+001 -6.000000E+000 1.000000E+000
4.000000E+001 -4.500000E+000 1.000000E+000
4.000000E+001 -3.000000E+000 1.000000E+000
4.000000E+001 -1.500000E+000 1.000000E+000
4.000000E+001 0.000000E+000 1.000000E+000
4.000000E+001 1.500000E+000 1.000000E+000
4.000000E+001 3.000000E+000 1.000000E+000
4.000000E+001 4.500000E+000 1.000000E+000
4.000000E+001 6.000000E+000 1.000000E+000
4.200000E+001 -6.000000E+000 1.000000E+000
4.200000E+001 -4.500000E+000 1.000000E+000
4.200000E+001 -3.000000E+000 1.000000E+000
4.200000E+001 -1.500000E+000 1.000000E+000
4.200000E+001 0.000000E+000 1.000000E+000
4.200000E+001 1.500000E+000 1.000000E+000
4.200000E+001 3.000000E+000 1.000000E+000
4.200000E+001 4.500000E+000 1.000000E+000
4.200000E+001 6.000000E+000 1.000000E+000
4.400000E+001 -6.000000E+000 1.000000E+000
4.400000E+001 -4.500000E+000 1.000000E+000
4.400000E+001 -3.000000E+000 1.000000E+000
4.400000E+001 -1.500000E+000 1.000000E+000
4.400000E+001 0.000000E+000 1.000000E+000
4.400000E+001 1.500000E+000 1.000000E+000
4.400000E+001 3.000000E+000 1.000000E+000
4.400000E+001 4.500000E+000 1.000000E+000
4.400000E+001 6.000000E+000 1.000000E+000
4.600000E+001 -6.000000E+000 1.000000E+000
4.600000E+001 -4.500000E+000 1.000000E+000
4.600000E+001 -3.000000E+000 1.000000E+000
4.600000E+001 -1.500000E+000 1.000000E+000
4.600000E+001 0.000000E+000 1.000000E+000
4.600000E+001 1.500000E+000 1.000000E+000
4.600000E+001 3.000000E+000 1.000000E+000
4.600000E+001 4.500000E+000 1.000000E+000
4.600000E+001 6.000000E+000 1.000000E+000
4.800000E+001 -6.000000E+000 1.000000E+000
4.800000E+001 -4.500000E+000 1.000000E+000
4.800000E+001 -3.000000E+000 1.000000E+000
4.800000E+001 -1.500000E+000 1.000000E+000
4.800000E+001 0.000000E+000 1.000000E+000
4.800000E+001 1.500000E+000 1.000000E+000
4.800000E+001 3.000000E+000 1.000000E+000
4.800000E+001 4.500000E+000 1.000000E+000
4.800000E+001 6.000000E+000 1.000000E+000
-----------------------------------------------------------------------------------------------
*material
5
3.0e7, 0.30, 1.0, 0.0, 1.0e25
!Young Modulus, Poisson coef, thickness (set to 1.0 if not used), density, Yield Stress
-----------------------------------------------------------------------------------------------
*boundary   !boundary condition
18
1, 1, 1
1, 1, 2
1, 2, 1
1, 2, 2
1, 3, 1
1, 3, 2
1, 4, 1
1, 4, 2
1, 5, 1
1, 5, 2
1, 6, 1
1, 6, 2
1, 7, 1
1, 7, 2
1, 8, 1
1, 8, 2
1, 9, 1
1, 9, 2
--------------------------------------------------------
*load
7
25,	2,	2, -82.0312
25,	3,	2, -140.625
25,	4,	2, -175.781
25,	5,	2, -187.5
25,	6,	2, -175.781
25,	7,	2, -140.625
25,	8,	2, -82.0312
-----------------------------------------------------------------------------------------------
*end


